0 1 0 0 0 0 0 0 0.00183033285136651 0.0681092200758292 0.411066561602942 0.435346469883853 0.0811666549130232 0.00246948938286065 1.12640099621196e-05 7.27951788560639e-09 6.45641914620173e-13 7.71951670616829e-18 1.2311117925722e-23 2.60143986768831e-30 7.25114234354495e-38 2.65783137636039e-46 1.27820638790788e-55 8.05190941904596e-66 6.63534741619338e-77 7.14594030030782e-89 1.00493688732251e-101 1.84425466991132e-115 4.41443541985916e-130 1.37755891081435e-145 5.60228556850712e-162 2.96827531144821e-179 2.04838032422555e-197 1.84070513916335e-216 2.15346635229972e-236 3.27941408157412e-257 6.49968099988635e-279 1.67635723102287e-301 0 0 0 0 0 0 0 0 0 0 0 0 0 0 0 0 0 0 0 0 0 0 0 0 0
0 2 0 0 0 0 0.013660761076137 0.315857826679353 0.577648393404865 0.0918262378431018 0.00100617275583571 6.08222459167964e-07 1.82486827641138e-11 2.59409244298582e-17 1.70756309590229e-24 5.13912069372038e-33 7.01730271501453e-43 4.32554519579283e-54 1.19951645936722e-66 1.492789220284e-80 8.32202341458614e-96 2.07538519685849e-112 2.31282443600498e-130 1.15078014650966e-149 2.55476570338798e-170 2.5291603842268e-192 1.11600878754814e-215 2.19410255061636e-240 1.92133194054503e-266 7.4917461397501e-294 0 0 0 0 0 0 0 0 0 0 0 0 0 0 0 0 0 0 0 0 0 0 0 0 0 0 0 0 0 0 0 0 0
1 0 0 0 0 0 0 0 1.00000000000022 0 0 0 0 0 0 0 0 0 0 0 0 0 0 0 0 0 0 0 0 0 0 0 0 0 0 0 0 0 0 0 0 0 0 0 0 0 0 0 0 0 0 0 0 0 0 0 0 0 0 0 0 0 0
1 5 0 0 0 0 0 0.00103707124563351 0.0657686394344349 0.464656297806317 0.419868556433014 0.0480651327974885 0.000603569186726213 7.33015973001015e-07 8.04114034207134e-11 7.70064450689917e-16 6.32215357267502e-22 4.40308861669962e-29 2.58427403502446e-37 1.27263077634646e-46 5.24227913847628e-57 1.8023108780413e-68 5.16312837831248e-81 1.23089160644147e-94 2.43960792223443e-109 4.01671181566097e-125 5.49027505167738e-142 6.2267645811093e-160 5.85715060971392e-179 4.56779877927789e-199 2.9524964789184e-220 1.58131510850513e-242 7.01608357244811e-266 2.57829266552855e-290 7.84613102893079e-316 0 0 0 0 0 0 0 0 0 0 0 0 0 0 0 0 0 0 0 0 0 0 0 0 0 0 0 0
2 0 0 0 0 0 0.173303991940616 0.821872536251381 0.0048234713331661 4.74837398214913e-10 2.52929770781307e-22 5.99345921478058e-40 5.93793342947014e-63 2.39381670077252e-91 3.87139431694719e-125 2.49074654163208e-164 6.34101587529272e-209 6.36482987785874e-259 2.51248277472429e-314 0 0 0 0 0 0 0 0 0 0 0 0 0 0 0 0 0 0 0 0 0 0 0 0 0 0 0 0 0 0 0 0 0 0 0 0 0 0 0 0 0 0 0 0
2 3 0 0 0 0 0.999999997283414 2.71658571967564e-09 9.16267305761286e-57 1.87282978351862e-147 1.67367088881224e-281 0 0 0 0 0 0 0 0 0 0 0 0 0 0 0 0 0 0 0 0 0 0 0 0 0 0 0 0 0 0 0 0 0 0 0 0 0 0 0 0 0 0 0 0 0 0 0 0 0 0 0 0
2 11 0 0 0 0 1.00000000000002 0 0 0 0 0 0 0 0 0 0 0 0 0 0 0 0 0 0 0 0 0 0 0 0 0 0 0 0 0 0 0 0 0 0 0 0 0 0 0 0 0 0 0 0 0 0 0 0 0 0 0 0 0 0 0 0
3 2 0 0 0 0 0.00336214335120072 0.0461165111062381 0.225881942450288 0.400466710053049 0.25848844793518 0.060471282391168 0.00506221549702257 0.000149216456119351 1.52541102457385e-06 5.34235532759667e-09 6.35179368172145e-12 2.54702763070537e-15 3.42858231127889e-19 1.54410280290707e-23 2.32084125132671e-28 1.16203348423213e-33 1.93544761441195e-39 1.07116109383169e-45 1.96815238243778e-52 1.19973941170546e-59 2.42487355830139e-67 1.62426967157095e-75 3.60429885586429e-84 2.64868750656734e-93 6.44411370329243e-103 5.18932726807427e-113 1.38287080287936e-123 1.21925370206735e-134 3.55613082976975e-146 3.43060097579493e-158 1.09450135813671e-170 1.15469398862888e-183 4.02789475558178e-197 4.64526562544232e-211 1.77104156940218e-225 2.23203329775889e-240 9.29816468583962e-256 1.28024184381846e-271 5.82587162994427e-288 8.76156853914269e-305 4.44659081257122e-322 0 0 0 0 0 0 0 0 0 0 0 0 0 0 0 0
3 4 0 0 0.132074124793337 0.751319466157941 0.11637370792943 0.000232697951321676 3.16796955589866e-09 2.42199296556241e-16 9.73077042549711e-26 1.99506656823521e-37 2.0555905977791e-51 1.05482891384512e-67 2.68051631356178e-86 3.36031546384021e-107 2.0724928129592e-130 6.27624218021429e-156 9.3186812980712e-184 6.77578164794138e-214 2.4105849706887e-246 4.19304369104709e-281 3.56394253627583e-318 0 0 0 0 0 0 0 0 0 0 0 0 0 0 0 0 0 0 0 0 0 0 0 0 0 0 0 0 0 0 0 0 0 0 0 0 0 0 0 0
3 10 0 0 0 0 0 0 0.499955787448246 0.499955787448246 8.84251034764879e-05 3.19117382783735e-14 1.1580627113349e-29 3.67129081075452e-51 9.6804073944787e-79 2.07549430866712e-112 3.57413080496784e-152 4.9071478152535e-198 5.3458295716339e-250 4.60576055861594e-308 0 0 0 0 0 0 0 0 0 0 0 0 0 0 0 0 0 0 0 0 0 0 0 0 0 0 0 0 0 0 0 0 0 0 0 0 0 0 0 0 0 0 0
4 3 0 0 0.99998145641802 1.85435818827416e-05 1.53853472301692e-31 7.82155892893892e-82 1.74393130422443e-156 1.57145722147082e-255 0 0 0 0 0 0 0 0 0 0 0 0 0 0 0 0 0 0 0 0 0 0 0 0 0 0 0 0 0 0 0 0 0 0 0 0 0 0 0 0 0 0 0 0 0 0 0 0 0 0 0 0 0
4 5 0 0 0 0 0.078482666255905 0.665275373776355 0.253017681119139 0.00322345754035672 8.21304850054367e-07 3.39435610056323e-12 2.11074131976172e-19 1.91113379902073e-28 2.47734268894086e-39 4.55276926526678e-52 1.17894691435276e-66 4.28412345080843e-83 2.17837515779677e-101 1.54668039979175e-121 1.53104164194956e-143 2.11042747742621e-167 4.04707806547146e-193 1.07888058877188e-220 3.99576914383927e-250 2.05496406581531e-281 1.46690880238968e-314 0 0 0 0 0 0 0 0 0 0 0 0 0 0 0 0 0 0 0 0 0 0 0 0 0 0 0 0 0 0 0 0 0 0 0 0
4 8 0 0 0 0 0 0.00645211084574554 0.056092985492146 0.21355618493996 0.358261158221127 0.265551666818442 0.0868296596121356 0.0124569117467448 0.000778092734677778 2.09858626445036e-05 2.42530591724551e-07 1.19329532958433e-09 2.48679599109239e-12 2.18634794179183e-15 8.08479580002202e-19 1.25454069925449e-22 8.15443732279775e-27 2.21715659642543e-31 2.51894671523482e-36 1.19477002089807e-41 2.36421505006804e-47 1.95063860782993e-53 6.70728213056315e-60 9.6077728597972e-67 5.73137200534018e-74 1.42340711829169e-81 1.47138686468675e-89 6.32934577450926e-98 1.13277579860417e-106 8.4335670192526e-116 2.61154962194692e-125 3.36317532278218e-135 1.80100818003462e-145 4.01007751658333e-156 3.71211340491523e-167 1.42851727838426e-178 2.28514303980642e-190 1.51941269043717e-202 4.19900171034363e-215 4.8228094553689e-228 2.30205544334218e-241 4.56638777374507e-255 3.76402486139409e-269 1.28925160910545e-283 1.83490051452917e-298 1.08508142182856e-313 0 0 0 0 0 0 0 0 0 0 0
5 1 0 0 0 0 0 0.000290417231656183 0.00650270155016713 0.0600091060673318 0.230467663943705 0.371122720937577 0.251332204959163 0.0714043482832591 0.00844999237525062 0.000412549897819719 8.22808315150307e-06 6.64548230116774e-08 2.15815340169434e-10 2.80279399231313e-13 1.44964695863025e-16 2.97682110346518e-20 2.42131107167049e-24 7.78725347154707e-29 9.88911196969057e-34 4.95337338733172e-39 9.77782398558365e-45 7.60114238001871e-51 2.3257541371003e-57 2.79957533363793e-64 1.32523337843204e-71 2.46614922178688e-79 1.80363801602286e-87 5.18293889342102e-96 5.85069404835645e-105 2.5939585547823e-114 4.51619492237887e-124 3.08726792696451e-134 8.28539152748424e-145 8.72850648073612e-156 3.60920321402861e-167 5.85717248806989e-179 3.73022176542723e-191 9.32221942425465e-204 9.14140743250207e-217 3.5171391145106e-230 5.30914679144772e-244 3.14410213126006e-258 7.30440967002833e-273 6.65689388565768e-288 2.37979256360993e-303 3.33790750330346e-319 0 0 0 0 0 0 0 0 0 0 0
5 4 0 0 0 0 0.0347963821555543 0.390003847849218 0.499166977712208 0.0749035975582117 0.00112772934983165 1.46522349061404e-06 1.51484129751729e-10 1.19828024537572e-15 7.10661302460633e-22 3.12362905980982e-29 1.01029214808535e-37 2.39322499813087e-47 4.13863468972266e-58 5.21257083443331e-70 4.77324631016331e-83 3.17371223871209e-97 1.53061043353272e-112 5.34994094421925e-129 1.35435612517953e-146 2.48188010010473e-165 3.29076952458272e-185 3.15587065590795e-206 2.18830287148914e-228 1.09684148724011e-251 3.97307443107882e-276 1.03984278666013e-301 0 0 0 0 0 0 0 0 0 0 0 0 0 0 0 0 0 0 0 0 0 0 0 0 0 0 0 0 0 0 0
5 7 0 0 1.00000000000009 4.9293032339817e-155 0 0 0 0 0 0 0 0 0 0 0 0 0 0 0 0 0 0 0 0 0 0 0 0 0 0 0 0 0 0 0 0 0 0 0 0 0 0 0 0 0 0 0 0 0 0 0 0 0 0 0 0 0 0 0 0 0
6 7 0 0 0 1 2.29012834729563e-53 9.18933476252323e-274 0 0 0 0 0 0 0 0 0 0 0 0 0 0 0 0 0 0 0 0 0 0 0 0 0 0 0 0 0 0 0 0 0 0 0 0 0 0 0 0 0 0 0 0 0 0 0 0 0 0 0 0 0 0 0
6 17 0 0 0.720164133938202 0.279835854264144 1.17976536237579e-08 1.7803130778441e-26 4.72481950816944e-55 1.93562725875631e-94 1.16927569248253e-144 1.01953881465395e-205 1.26828754215772e-277 0 0 0 0 0 0 0 0 0 0 0 0 0 0 0 0 0 0 0 0 0 0 0 0 0 0 0 0 0 0 0 0 0 0 0 0 0 0 0 0 0 0 0 0 0 0 0 0 0 0
7 5 0 0 0.998650097381842 0.00134990261815795 4.31902099243419e-26 9.740982326182e-73 9.85630379896936e-144 4.06141735039258e-239 0 0 0 0 0 0 0 0 0 0 0 0 0 0 0 0 0 0 0 0 0 0 0 0 0 0 0 0 0 0 0 0 0 0 0 0 0 0 0 0 0 0 0 0 0 0 0 0 0 0 0 0 0
7 6 0 0 0 1 6.22115760608027e-16 2.75381597041898e-89 5.46138606415824e-225 0 0 0 0 0 0 0 0 0 0 0 0 0 0 0 0 0 0 0 0 0 0 0 0 0 0 0 0 0 0 0 0 0 0 0 0 0 0 0 0 0 0 0 0 0 0 0 0 0 0 0 0 0 0
7 8 0 0 0 0 0 0 0 0 0 0 0.00603321665015436 0.0703665516325171 0.283979117325981 0.402053679466881 0.200488087054411 0.0349416013978785 0.00209501290078744 4.24468689234666e-05 2.86068467918887e-07 6.33542159282593e-10 4.57027498670572e-13 1.06726343541925e-16 8.03253839023251e-21 1.94228230912363e-25 1.5053650414338e-30 3.73322406177272e-36 2.95840895616184e-42 7.48358873009087e-49 6.03778261179935e-56 1.55263185637232e-63 1.27187185628159e-71 3.31744186769137e-80 2.75411302717076e-89 7.2750775856735e-99 6.11294528411704e-109 1.63349111502195e-119 1.38786312691346e-130 3.74853674643504e-142 3.21805505339914e-154 8.77972913167476e-167 7.61151282635602e-180 2.09659822251364e-193 1.83472510857518e-207 5.10034931784181e-222 4.50367789903817e-237 1.26311204268684e-252 1.12511043573045e-268 3.18274086585014e-285 2.85914804452975e-302 8.16690512575581e-320 0 0 0 0 0 0 0 0 0 0 0
7 15 0 0 0 0 0 9.49299053999576e-05 0.00488876110187201 0.0723727595637898 0.316519287220035 0.417942111593046 0.167430241154484 0.0200462046260664 0.000698777561052678 6.90828468228953e-06 1.8975295740949e-08 1.42736522452618e-11 2.9120696988084e-15 1.60087464220261e-19 2.36078613066497e-24 9.3094647882058e-30 9.79401415246267e-36 2.74420355522646e-42 2.04511810460588e-49 4.04966265294469e-57 2.12892799647033e-65 2.96931536089739e-74 1.09816710959065e-83 1.07646788362805e-93 2.79569432198891e-104 1.92306909730084e-115 3.50265734868599e-127 1.68886724121444e-139 2.15525982463097e-152 7.27834298331842e-166 6.50318555503761e-180 1.53716505227838e-194 9.61086251818568e-210 1.58929428364667e-225 6.95030645271277e-242 8.0375402846966e-259 2.45769281414993e-276 1.98694658820217e-294 4.24688736243903e-313 0 0 0 0 0 0 0 0 0 0 0 0 0 0 0 0 0 0
8 4 0 0 0 0 0 1.00000000000009 0 0 0 0 0 0 0 0 0 0 0 0 0 0 0 0 0 0 0 0 0 0 0 0 0 0 0 0 0 0 0 0 0 0 0 0 0 0 0 0 0 0 0 0 0 0 0 0 0 0 0 0 0 0 0
8 7 0 0 0 0 0 0 0 0 0 0 4.11931331151764e-06 4.59461523947326e-05 0.000378708338827393 0.00230754211450788 0.0103975468852501 0.0346562165160525 0.085469935129782 0.155997142568293 0.210742699655754 0.210742699655754 0.155997142568293 0.085469935129782 0.0346562165160525 0.0103975468852501 0.00230754211450788 0.000378708338827393 4.59461523947326e-05 4.11931331151764e-06 2.72815141124314e-07 1.33418135423021e-08 4.81615453288321e-10 1.2828204347233e-11 2.52033609576479e-13 3.65118102660569e-15 3.89901304610051e-17 3.0682867893741e-19 1.77885376004238e-21 7.59591526514165e-24 2.38845569940986e-26 5.52919323315482e-29 9.42176382653663e-32 1.18155620452467e-34 1.09033766159366e-37 7.40271619673563e-41 3.69733953407442e-44 1.35833080200486e-47 3.67023783204741e-51 7.29312974323906e-55 1.0656807352528e-58 1.1449841060934e-62 9.04481530602441e-67 5.25290180536992e-71 2.24270448193407e-75 7.03872565607567e-80 1.62383997812151e-84 2.75359058789877e-89 3.43197239851777e-94 3.14383138235036e-99 2.11655617646826e-104 1.04722663330293e-109 3.80707950052932e-115
8 9 0 0 0 0.00781010692688133 0.125883452514522 0.443822709316122 0.355669805467855 0.0642927479638472 0.00250128080669667 1.98660197385931e-05 3.09750858301106e-08 9.25074338123152e-12 5.21338858976402e-16 5.49313054863478e-21 1.07564436301991e-26 3.89850724522523e-33 2.60771787173941e-40 3.21250409788026e-48 7.27716591933274e-57 3.02753176337257e-66 2.31104466308365e-76 3.23436896092561e-87 8.2939823958817e-99 3.89499956704513e-111 3.34840512191284e-124 5.26744076249198e-138 1.51586529481022e-152 7.97825647198202e-168 7.67793514039622e-184 1.35078228886705e-200 4.34366977090141e-218 2.55266457026579e-236 2.74118749837019e-255 5.37824692270491e-275 1.9277654889426e-295 1.26222853661665e-316 0 0 0 0 0 0 0 0 0 0 0 0 0 0 0 0 0 0 0 0 0 0 0 0 0
9 8 0 0 0 0.00372032630472748 0.142201375513764 0.56891151568231 0.270875112910538 0.0142224131184142 6.9228674503261e-05 2.77948742996488e-08 8.6889955765908e-13 2.05552858510981e-18 3.62346913464843e-25 4.71626724996969e-33 4.50620369010253e-42 3.14812700045135e-52 1.60367806802403e-63 5.94462969451702e-76 1.60107775726109e-89 3.12945895322876e-104 4.43499815175429e-120 4.55368721538421e-137 3.38545408589573e-155 1.82154178774805e-174 7.0900649503202e-195 1.9957166902832e-216 4.06122073307819e-239 5.97328359597836e-263 6.34853256714599e-288 4.87477431143976e-314 0 0 0 0 0 0 0 0 0 0 0 0 0 0 0 0 0 0 0 0 0 0 0 0 0 0 0 0 0 0 0
9 10 0 0 0 0 0 0.000704765049036587 0.011138456901127 0.0785116169068755 0.248562135232899 0.355242342791883 0.229590977404031 0.0669593704427474 0.0087656000051226 0.00051138925058787 1.31957178640628e-05 1.49556089515002e-07 7.40143651564061e-10 1.5919415555891e-12 1.48267943218095e-15 5.96283002561867e-19 1.03323989636058e-22 7.70131497824158e-27 2.46589150457703e-31 3.38826695891841e-36 1.99624819024263e-41 5.0395462056326e-47 5.44838018648718e-53 2.52140360771355e-59 4.99284917041779e-66 4.22905630675998e-73 1.53181395233949e-80 2.37209251264176e-88 1.57010871834667e-96 4.44141499858592e-105 5.36830557188675e-114 2.77214686849392e-123 6.11510903221117e-133 5.76172991460079e-143 2.31856442481702e-153 3.98441239340658e-164 2.92383815975509e-175 9.16125013481039e-187 1.22557494622749e-198 6.99975219776504e-211 1.7067084105289e-223 1.77642999576291e-236 7.89276196928632e-250 1.49686864072481e-263 1.2117003353622e-277 4.18647004848153e-292 6.17344387312116e-307 4.44659081257122e-322 0 0 0 0 0 0 0 0 0
9 14 0 0 0 0 0 0 0.00255196191073997 0.136248011646714 0.596384350104851 0.255247291516417 0.00954354639305736 2.48344980950658e-05 3.93009076669153e-09 3.55796201286781e-14 1.78975444796543e-20 4.92504239542039e-28 7.34608953148086e-37 5.90460831470024e-47 2.54743326834503e-58 5.88281763831707e-71 7.25701620128122e-85 4.7748378377951e-100 1.67369614683898e-116 3.12255852474877e-134 3.09841163930663e-153 1.6341838751975e-173 4.5791067753457e-195 6.81395526577994e-218 5.38276444720503e-242 2.25668352234209e-267 5.01978444110906e-294 5.92878775009496e-322 0 0 0 0 0 0 0 0 0 0 0 0 0 0 0 0 0 0 0 0 0 0 0 0 0 0 0 0 0
9 15 0 0 0 0 0.989274733797486 0.0107252662025139 5.20613096451356e-17 1.09416573780659e-46 6.42993765923678e-92 9.58960148722237e-153 3.49780707174111e-229 3.03850372192367e-321 0 0 0 0 0 0 0 0 0 0 0 0 0 0 0 0 0 0 0 0 0 0 0 0 0 0 0 0 0 0 0 0 0 0 0 0 0 0 0 0 0 0 0 0 0 0 0 0 0
9 16 0 0 0 0 0 0 0 0 0.000323502623797403 0.00224281877409496 0.0110944396782447 0.0391746259168468 0.0987773118096049 0.177905888952901 0.228922788129907 0.210470145175835 0.138255460099123 0.0648788264231647 0.021744304480513 0.00520310693942407 0.000888535204614179 0.000108237148180702 9.40040304083334e-06 5.81774834701994e-07 2.5643056031348e-08 8.04568434621785e-10 1.79603524721813e-11 2.85113111792055e-13 3.21718014039979e-15 2.57934533169334e-17 1.46877284803784e-19 5.93828120945092e-22 1.70408811075086e-24 3.46997267069975e-27 5.01248071536087e-30 5.1353879963146e-33 3.7307758585823e-36 1.92154720214018e-39 7.01548705187185e-43 1.81533026308171e-46 3.32879606103688e-50 4.32514701661783e-54 3.98153209708763e-58 2.59652947306837e-62 1.19947721095617e-66 3.92475015030341e-71 9.09540407837583e-76 1.49277187010728e-80 1.73500337539445e-85 1.42796917763795e-90 8.32198907409152e-96 3.43403874391352e-101 1.00330855460926e-106 2.07538215750044e-112 3.03934593576524e-118 3.15112838609477e-124 2.31282323425927e-130 1.20170146661195e-136 4.41994476536986e-143 1.15077993434179e-149 2.12071712922851e-156
10 3 0 0 0 0 0 0 0.00027287055119319 0.00877269610678894 0.0925093890182767 0.326306183841944 0.390487292160223 0.158901374018722 0.0217524679819545 0.000983266921714908 1.43921933836073e-05 6.71072825070308e-08 9.84713324294724e-11 4.50828136870182e-14 6.40130419961176e-18 2.80704832157937e-22 3.79001231702474e-27 1.57208076993474e-32 1.9999820211187e-38 7.79355725077804e-45 9.29321002693785e-52 3.38818168394313e-59 3.77446536956004e-67 1.28410218062815e-75 1.33353982884258e-84 4.22583482704297e-94 4.08490272979043e-104 1.20419300348188e-114 1.08231690139455e-125 2.96530204765686e-137 2.4760701020181e-149 6.30041454639722e-162 4.88458962232943e-175 1.15368458086623e-188 8.30040262145319e-203 1.81895620884453e-217 1.21399964313782e-232 2.46748221894178e-248 1.5272067270529e-264 2.87820655729321e-281 1.65158501938167e-298 2.88543427979171e-316 0 0 0 0 0 0 0 0 0 0 0 0 0 0 0
10 9 0 0 0 0 0 0.0276532729415347 0.393004463113207 0.514356308537294 0.0643638158280501 0.000621754595568444 3.84970383696207e-07 1.39620503329856e-11 2.84659894193664e-17 3.19539201036477e-24 1.95183542312208e-32 6.4409045933082e-42 1.14281562618915e-52 1.08670018215438e-64 5.52492615308469e-78 1.49923177904008e-92 2.16849974779835e-108 1.67012308970142e-125 6.8435102698879e-144 1.49094773156387e-163 1.72608808887375e-184 1.06141422805225e-206 3.46548735084103e-230 6.00568358460703e-255 5.52281937962511e-281 2.69437203201711e-308 0 0 0 0 0 0 0 0 0 0 0 0 0 0 0 0 0 0 0 0 0 0 0 0 0 0 0 0 0 0 0
10 11 0 0 0 0 0 0 0.146244063246918 0.836121508497864 0.0176343574533815 7.08018358063349e-08 1.8656067259805e-17 2.63448569590653e-31 1.86933502972615e-49 6.48046402250768e-72 1.08165890842083e-98 8.61804023324591e-130 3.25977647794945e-165 5.83212275257168e-205 4.9225877628506e-249 1.95640768873304e-297 0 0 0 0 0 0 0 0 0 0 0 0 0 0 0 0 0 0 0 0 0 0 0 0 0 0 0 0 0 0 0 0 0 0 0 0 0 0 0 0 0
10 13 0 0 0 0 1.00000000000022 3.10972137013575e-138 0 0 0 0 0 0 0 0 0 0 0 0 0 0 0 0 0 0 0 0 0 0 0 0 0 0 0 0 0 0 0 0 0 0 0 0 0 0 0 0 0 0 0 0 0 0 0 0 0 0 0 0 0 0 0
11 2 0 0 0 0 0.169253342400341 0.781488152122757 0.0492483219729334 1.0183500748723e-05 3.22047900319519e-12 1.29301612863684e-21 6.19051956785717e-34 3.43730146708897e-49 2.18135824229977e-67 1.56862590534906e-88 1.2712034509123e-112 1.15666184682156e-139 1.17857472962632e-169 1.34225387970539e-202 1.7061255920417e-238 2.41769069107148e-277 3.81517491718611e-319 0 0 0 0 0 0 0 0 0 0 0 0 0 0 0 0 0 0 0 0 0 0 0 0 0 0 0 0 0 0 0 0 0 0 0 0 0 0 0 0
11 10 0 0 0 0 0 0 0.0226844373666454 0.405139808973283 0.521290580712826 0.0506095437749894 0.000275561962124136 6.72094663400867e-08 6.6621377161958e-13 2.57280840619264e-19 3.79027242778175e-27 2.10509992664583e-36 4.37590738757082e-47 3.38840020150242e-59 9.74160374385391e-73 1.03741975351493e-87 4.08516613633749e-104 5.9404498950237e-122 3.1866476997027e-141 6.3008208170102e-162 4.58902738408282e-184 1.23046401086141e-207 1.21407793177481e-232 4.40646042238858e-259 5.88112316353828e-287 2.88562325990125e-316 0 0 0 0 0 0 0 0 0 0 0 0 0 0 0 0 0 0 0 0 0 0 0 0 0 0 0 0 0 0 0
11 12 0 0 0 0.0180539122802083 0.206663173464701 0.493488320664858 0.253790744996537 0.0274152659512613 0.00058623220483681 2.3487380312085e-06 1.69934918977436e-09 2.17170281664954e-13 4.83766298735741e-18 1.86297957435501e-23 1.23360601922132e-29 1.39938480494661e-36 2.71236180647708e-44 8.96533914349494e-53 5.04612445988527e-62 4.83090438686405e-72 7.85939172858992e-83 2.17133488807336e-94 1.01809254907661e-106 8.09766694725766e-120 1.09211682317008e-133 2.4967016018569e-148 9.67222546587206e-164 6.34804764778597e-180 7.05690664185831e-197 1.32851837268933e-214 4.23475661853179e-233 2.28525286136748e-252 2.0875140903243e-272 3.22748700947773e-293 8.44491709983479e-315 0 0 0 0 0 0 0 0 0 0 0 0 0 0 0 0 0 0 0 0 0 0 0 0 0 0
12 11 0 0 0 0.0765553151001668 0.846880262068142 0.0765553151001668 9.10773106744478e-06 4.57057245428487e-13 7.61992242373615e-24 3.92114165148924e-38 6.03676592267016e-56 2.73639170382569e-77 3.61836454886305e-102 1.38762939192592e-130 1.53732210864612e-162 4.90675861628469e-198 4.50291941904208e-237 1.18634391968906e-279 0 0 0 0 0 0 0 0 0 0 0 0 0 0 0 0 0 0 0 0 0 0 0 0 0 0 0 0 0 0 0 0 0 0 0 0 0 0 0 0 0 0 0
12 23 0 0 0 0 0.0108674786975743 0.287375135129725 0.593394182815871 0.10701327203551 0.0013489856514039 9.45636900061044e-07 3.3015007354003e-11 5.46984180159868e-17 4.19990720666074e-24 1.47515637581994e-32 2.35147306064044e-42 1.69247040475029e-53 5.48100105248701e-66 7.9665711498776e-80 5.18746890324042e-95 1.51114210074325e-111 1.9672066629667e-129 1.14344941238409e-148 2.96555766401535e-169 3.42983642819053e-191 1.76813566241596e-214 4.06128579010433e-239 4.15503085419797e-265 1.89289159292868e-292 3.85371203756172e-321 0 0 0 0 0 0 0 0 0 0 0 0 0 0 0 0 0 0 0 0 0 0 0 0 0 0 0 0 0 0 0 0
13 10 0 0 0 0 0.999999999999985 1.48066176315051e-14 7.7314769924041e-86 1.84890602808541e-219 0 0 0 0 0 0 0 0 0 0 0 0 0 0 0 0 0 0 0 0 0 0 0 0 0 0 0 0 0 0 0 0 0 0 0 0 0 0 0 0 0 0 0 0 0 0 0 0 0 0 0 0 0
13 14 0 0 0 0 0 0.00354768663714354 0.346713324166078 0.622503786376026 0.0272235581420397 1.16446476352815e-05 3.10774406215146e-11 4.52936886041887e-19 3.42883470470002e-29 1.31687412736318e-41 2.5331536959786e-56 2.42183684439354e-73 1.14504668655511e-92 2.66816114043976e-114 3.05669759272992e-138 1.71855264163817e-164 4.73532725891293e-193 6.38782876448419e-224 4.21509887369366e-257 1.35962649952225e-292 0 0 0 0 0 0 0 0 0 0 0 0 0 0 0 0 0 0 0 0 0 0 0 0 0 0 0 0 0 0 0 0 0 0 0 0 0
13 22 0 0 0 0 0.0176984983324411 0.468539854945302 0.492809858376657 0.0209314361646041 2.03518447155161e-05 3.36280985973411e-10 8.51195815474316e-17 3.16374177666247e-25 1.69120907596084e-35 1.28521860404422e-47 1.37864153107719e-61 2.07776212374118e-77 4.38544253956624e-95 1.29330354416541e-114 5.32000427286594e-136 3.04845668573932e-159 2.43087060532616e-184 2.69529069783614e-211 4.15266814214348e-240 8.88574711854688e-271 2.63944591333724e-303 0 0 0 0 0 0 0 0 0 0 0 0 0 0 0 0 0 0 0 0 0 0 0 0 0 0 0 0 0 0 0 0 0 0 0 0
14 9 0 0 0 0 0 0 0.00369331278808941 0.0605981902131789 0.293078966641895 0.427402173261142 0.189175735754025 0.0250713146677013 0.000969617454704366 1.06566037013172e-05 3.25882384794589e-08 2.73189648996366e-11 6.21552115434236e-15 3.81220620850175e-19 6.27416426669223e-24 2.76186417533448e-29 3.24406187953924e-35 1.01496331212332e-41 8.44696035937618e-49 1.86802386394082e-56 1.09681380842691e-64 1.70867115023066e-73 7.05860452257105e-83 7.7288484496392e-93 2.24222592706931e-103 1.72294464399527e-114 3.50566231608115e-126 1.88830399107494e-138 2.69207371157286e-151 1.01563303574007e-164 1.01380114955597e-178 2.67715917944405e-193 1.87002458718489e-208 3.45481091450603e-224 1.68796052776415e-240 2.18083541407102e-257 7.45026044044834e-275 6.72940473134258e-293 1.6069784362586e-311 0 0 0 0 0 0 0 0 0 0 0 0 0 0 0 0 0 0
14 13 0 0 0 0 0 1.00000000000002 0 0 0 0 0 0 0 0 0 0 0 0 0 0 0 0 0 0 0 0 0 0 0 0 0 0 0 0 0 0 0 0 0 0 0 0 0 0 0 0 0 0 0 0 0 0 0 0 0 0 0 0 0 0 0
14 18 0 0 0 0.000522757039027745 0.0530546351267417 0.468574489730463 0.435333466480954 0.042163769287376 0.000350667765516491 2.1456097197038e-07 8.94866457981563e-12 2.45379174768338e-17 4.3415159643463e-24 4.90326815027826e-32 3.5111722883782e-41 1.58710866543503e-51 4.51444148771923e-63 8.06254536723673e-76 9.02581490414221e-90 6.32546463862881e-105 2.77240606028695e-121 7.59336983212727e-139 1.29881219420329e-157 1.38663829503728e-177 9.23623187773329e-199 3.83690981936473e-221 9.93775197315925e-245 1.60434892017597e-269 1.61403871530528e-295 0 0 0 0 0 0 0 0 0 0 0 0 0 0 0 0 0 0 0 0 0 0 0 0 0 0 0 0 0 0 0 0
14 21 0 0 0 0.971282846959211 0.0287171530407879 1.39454595450398e-15 3.16713369323714e-44 2.03468525086006e-88 3.32991892763516e-148 1.33505849990962e-223 1.28682592828917e-314 0 0 0 0 0 0 0 0 0 0 0 0 0 0 0 0 0 0 0 0 0 0 0 0 0 0 0 0 0 0 0 0 0 0 0 0 0 0 0 0 0 0 0 0 0 0 0 0 0 0
15 7 0 0 0 0 0 0.0117527039335487 0.235122479788896 0.567649614183315 0.178788402108958 0.00666147607903856 2.53149773393537e-05 8.92862596668250e-09 2.78696365126926e-13 7.51356849139419e-19 1.72601017335783e-25 3.35089103867598e-33 5.46878760340058e-42 7.4758724008643e-52 8.53793652984026e-63 8.13092360509888e-75 6.4476116936601e-88 4.25252216702398e-102 2.33077916451922e-117 1.06085393986267e-133 4.00737230209612e-151 1.25576002852604e-169 3.26304995472315e-189 7.02853942877636e-210 1.25460370817315e-231 1.85541708119074e-254 2.27288689020748e-278 2.30587148116727e-303 0 0 0 0 0 0 0 0 0 0 0 0 0 0 0 0 0 0 0 0 0 0 0 0 0 0 0 0 0
15 9 0 0 0 0 0.020813123481942 0.552640607853511 0.418513068432286 0.00803136861174617 1.83161687021311e-06 3.64503900443796e-12 5.73246443682889e-20 6.84354517181219e-30 6.08006043977441e-42 3.9754145890999e-56 1.89988181342069e-72 6.6066473553781e-91 1.66644105145491e-111 3.04211933056009e-134 4.01248457472649e-159 3.81897095927525e-186 2.62024452083513e-215 1.29495581138105e-246 4.60688011429865e-280 1.17914999018136e-315 0 0 0 0 0 0 0 0 0 0 0 0 0 0 0 0 0 0 0 0 0 0 0 0 0 0 0 0 0 0 0 0 0 0 0 0 0
15 16 0 0 0.998649936090889 0.00135006390910883 2.08907487531734e-22 2.85902048710133e-60 2.33092388856264e-117 1.03396380816611e-193 2.40914712000335e-289 0 0 0 0 0 0 0 0 0 0 0 0 0 0 0 0 0 0 0 0 0 0 0 0 0 0 0 0 0 0 0 0 0 0 0 0 0 0 0 0 0 0 0 0 0 0 0 0 0 0 0 0
15 17 0 0 0 0.406940785309911 0.592565517700896 0.000493696984751004 4.44189751386367e-12 2.02928684751366e-25 4.05230416451294e-44 3.35931895169205e-68 1.12916454148391e-97 1.51952509253605e-132 8.12454683652589e-173 1.71749661199647e-218 1.43066872010891e-269 0 0 0 0 0 0 0 0 0 0 0 0 0 0 0 0 0 0 0 0 0 0 0 0 0 0 0 0 0 0 0 0 0 0 0 0 0 0 0 0 0 0 0 0 0 0
16 9 0 0 0 0 0 0 0 0 0.000570938155880114 0.00674616275266605 0.0431601059985153 0.149955617440303 0.283599949265728 0.292333957215849 0.164251741569269 0.0502438158603817 0.00834884496409408 0.000751390894057519 3.65078925904012e-05 9.54501573145383e-07 1.33882134486615e-08 1.0047617464516e-10 4.02535866509028e-13 8.59243110484129e-16 9.75689167295328e-19 5.88610772560295e-22 1.88454059417072e-25 3.19937640029334e-29 2.87803586805517e-33 1.37100749382538e-37 3.45685076359124e-42 4.6114481613987e-47 3.25354163762213e-52 1.21368705537702e-57 2.39318242706035e-63 2.49382661101792e-69 1.37307205715421e-75 3.99376816025072e-82 6.13577654365455e-89 4.97846704230278e-96 2.13309322453361e-103 4.82576676490726e-111 5.76400116380559e-119 3.63451193968907e-127 1.20975967978939e-135 2.12545970026781e-144 1.97096977249443e-153 9.64618001788875e-163 2.49147317716565e-172 3.39595232095603e-182 2.44259933244914e-192 9.27065586202009e-203 1.85660675089122e-213 1.96184877002759e-224 1.09378829482624e-235 3.21743789877456e-247 4.99325972107159e-259 4.08831145181772e-271 1.76595296357212e-283 4.02420250648558e-296 4.83764284729761e-309
16 15 0 0 0.98172486411315 0.0182751358868279 2.25443056801411e-14 6.11951805260263e-39 2.39782852338293e-76 1.23226425074994e-126 8.00551332281401e-190 6.45741253491097e-266 0 0 0 0 0 0 0 0 0 0 0 0 0 0 0 0 0 0 0 0 0 0 0 0 0 0 0 0 0 0 0 0 0 0 0 0 0 0 0 0 0 0 0 0 0 0 0 0 0 0 0
16 18 0 0 0.0535773921657695 0.903907956211418 0.0425144370528925 2.14569920634959e-07 2.45379218183495e-17 4.90326815379487e-32 1.58710866580113e-51 8.06254542772854e-76 6.32546463862881e-105 7.59336983212727e-139 1.38663829503728e-177 3.83690981936473e-221 1.60434892017597e-269 0 0 0 0 0 0 0 0 0 0 0 0 0 0 0 0 0 0 0 0 0 0 0 0 0 0 0 0 0 0 0 0 0 0 0 0 0 0 0 0 0 0 0 0 0 0
17 6 0 0 1.00000000000002 0 0 0 0 0 0 0 0 0 0 0 0 0 0 0 0 0 0 0 0 0 0 0 0 0 0 0 0 0 0 0 0 0 0 0 0 0 0 0 0 0 0 0 0 0 0 0 0 0 0 0 0 0 0 0 0 0 0
17 15 0 0 0 0.00704355464916541 0.255219040840122 0.61909733312699 0.117290160318931 0.00134918669616639 7.24352548022908e-07 1.60759460795865e-11 1.40089666396393e-17 4.67618059757112e-25 5.89875852160553e-34 2.78922507414399e-44 4.91790908503532e-56 3.2217915173459e-69 7.82220091765032e-84 7.02524414698795e-100 2.3306595083668e-117 2.8530137014911e-136 1.28753545253243e-156 2.14062951365562e-178 1.31039826879679e-201 2.95216124218396e-226 2.44670070315982e-252 7.45729430592292e-280 8.3563847520927e-309 0 0 0 0 0 0 0 0 0 0 0 0 0 0 0 0 0 0 0 0 0 0 0 0 0 0 0 0 0 0 0 0 0 0
17 19 0 0 0 0 0.943309276458423 0.0566907235185692 2.30081031058098e-11 2.50383739920552e-31 4.60056929703167e-62 1.28845973562021e-103 5.29177061749077e-156 3.12805811142262e-219 2.63355694070611e-293 0 0 0 0 0 0 0 0 0 0 0 0 0 0 0 0 0 0 0 0 0 0 0 0 0 0 0 0 0 0 0 0 0 0 0 0 0 0 0 0 0 0 0 0 0 0 0 0
18 14 0 0 0 0.499995446134238 0.499995446134238 9.10773152449691e-06 5.1105018036162e-18 3.92114165508766e-38 3.55357913688499e-66 3.61836452030772e-102 4.04586706989071e-146 4.90675870641477e-198 6.40670427962474e-258 0 0 0 0 0 0 0 0 0 0 0 0 0 0 0 0 0 0 0 0 0 0 0 0 0 0 0 0 0 0 0 0 0 0 0 0 0 0 0 0 0 0 0 0 0 0 0 0
18 16 0 0 1.00000000000022 0 0 0 0 0 0 0 0 0 0 0 0 0 0 0 0 0 0 0 0 0 0 0 0 0 0 0 0 0 0 0 0 0 0 0 0 0 0 0 0 0 0 0 0 0 0 0 0 0 0 0 0 0 0 0 0 0 0
18 19 0 0 0 0 0.0400488964017036 0.73332132888324 0.226052743505053 0.00057702674778358 4.46222006925857e-09 7.91981096544982e-17 2.963112549399e-27 2.25604045343244e-40 3.4341024547735e-56 1.03455742570288e-74 6.12963758700121e-96 7.1127342929027e-120 1.61173074163018e-146 7.11678395192893e-176 6.11397242919174e-208 1.02066809933417e-242 3.30791147163488e-280 2.07507571253324e-320 0 0 0 0 0 0 0 0 0 0 0 0 0 0 0 0 0 0 0 0 0 0 0 0 0 0 0 0 0 0 0 0 0 0 0 0 0 0 0
19 17 0 0 0 0 0.00413615541643956 0.065127341850022 0.302551924882682 0.424028773291165 0.180345420494712 0.0229499210248512 0.000851466611032102 8.97012973910599e-06 2.62782568588786e-08 2.10950573520734e-11 4.59470595453563e-15 2.69737218012122e-19 4.24863528607057e-24 1.78972116990746e-29 2.01155770015467e-35 6.02187783720136e-42 4.79516119962445e-49 1.0145953553382e-56 5.69954589932604e-65 8.49481529832065e-74 3.35733877019182e-83 3.51694783148849e-93 9.76113305871792e-104 7.17558952054082e-115 1.39674791655509e-126 7.1974448886521e-139 9.81632849568116e-152 3.54284552587096e-165 3.38313473937818e-179 8.54653215105694e-194 5.7109793369173e-209 1.00933094086409e-224 4.71754741404608e-241 5.83069532544714e-258 1.90551024300911e-275 1.64648532846784e-293 3.76124606530012e-312 0 0 0 0 0 0 0 0 0 0 0 0 0 0 0 0 0 0 0 0
19 18 0 0 0 0 0.0257724242105112 0.364726136386406 0.527055601155867 0.0813224470904727 0.00112222457097844 1.16650220442536e-06 8.35600485716055e-11 3.95653310246043e-16 1.21234426618734e-22 2.37540267244791e-30 2.95432474716517e-39 2.32112070806332e-49 1.14819065783807e-60 3.56757037147652e-73 6.95034771829062e-87 8.4787567798633e-102 6.46986118150359e-118 3.08556144272503e-135 9.19091880744801e-154 1.70895679017518e-173 1.98268357912204e-194 1.43469861323662e-216 6.47311177150299e-240 1.8205029935816e-264 3.19075114156859e-290 3.48440043762362e-317 0 0 0 0 0 0 0 0 0 0 0 0 0 0 0 0 0 0 0 0 0 0 0 0 0 0 0 0 0 0 0
19 20 0 0 0 0 0 0 2.92672796456335e-05 0.000800853396749752 0.0106114675743165 0.0684501251478913 0.216007070887171 0.334659683562332 0.254933682023866 0.0953967343007361 0.017480767955485 0.00156131112790996 6.76104581772913e-05 1.41206131694474e-06 1.41563943132589e-08 6.78524472930762e-11 1.54976074534447e-13 1.68231625882497e-16 8.66142336075877e-20 2.11151227596636e-23 2.43417838241943e-27 1.32559652381651e-31 3.40725013240453e-36 4.13077753514761e-41 2.36074440402481e-46 6.35698524753257e-52 8.06245045077883e-58 4.8145019945276e-64 1.35325681943585e-70 1.78997529758654e-77 1.1139341060588e-84 3.26089754976045e-92 4.48961862787213e-100 2.90679365419808e-108 8.8490432016756e-117 1.26650453509155e-125 8.52121790111805e-135 2.69489433626138e-144 4.00582086522486e-154 2.79845924439613e-164 9.18745188788764e-175 1.41740308249054e-185 1.02751877028547e-196 3.4999528941654e-208 5.60132090403658e-220 4.21168554548101e-232 1.48778960679113e-244 2.46905852125525e-257 1.92491205250053e-270 7.0496324795819e-284 1.21278979785371e-297 9.80068298319854e-312 0 0 0 0 0
19 21 0 0 0 0 0 0.00196303508386969 0.0206968600780508 0.106406224754642 0.267974757407417 0.331570970970183 0.201712735124112 0.0602328767794545 0.00879566991006588 0.000625014424920777 2.14966024468607e-05 3.56027473223915e-07 2.82662831796766e-09 1.07172226510145e-11 1.93460194408648e-14 1.65857409338311e-17 6.74018346778695e-21 1.29639428834935e-24 1.17869689467573e-28 5.06107584343168e-33 1.02545395392476e-37 9.79809571317862e-43 4.41253171689196e-48 9.36184776125331e-54 9.354064977337e-60 4.40013816830773e-66 9.7418473586735e-73 1.01490090034424e-79 4.9742194879053e-87 1.14674831158742e-94 1.24332705983627e-102 6.3389446023586e-111 1.51953163671153e-119 1.71244428750045e-128 9.07182638348659e-138 2.25894958994689e-147 2.64373286716958e-157 1.45410837822335e-167 3.75851230144435e-178 4.56509171712634e-189 2.60539719163746e-200 6.98663130903615e-212 8.8026102988694e-224 5.21058852662e-236 1.44902886298222e-248 1.89307062947262e-261 1.16182799494098e-274 3.349568330714e-288 4.53623470136131e-302 2.88569514645272e-316 0 0 0 0 0 0 0
20 19 0 0 0 0 0 0 3.62159144789656e-05 0.00155670490592014 0.0250739780586064 0.153361933176287 0.360471605014541 0.327853513975321 0.115289751579988 0.0155470204774751 0.000794012894274946 1.51568274451166e-05 1.06899364462115e-07 2.76039440206722e-10 2.59202703343095e-13 8.80681817133527e-17 1.07877940167065e-20 4.75136130054093e-25 7.50939184467058e-30 4.25234853053752e-35 8.61736736738459e-41 6.2435917326732e-47 1.61614888178758e-53 1.49365001944362e-60 4.92625982683771e-68 5.79566949025637e-76 2.43138346003896e-84 3.63609907394688e-93 1.93792944962348e-102 3.68013011074813e-112 2.48958512001244e-122 5.9986786111912e-133 5.14735492316381e-144 1.57273355869355e-155 1.71087281395819e-167 6.62561703723588e-180 9.13356229929562e-193 4.48149220919641e-206 7.8260131095204e-220 4.86366865769229e-234 1.0756367289493e-248 8.46487725910744e-264 2.37031689130261e-279 2.36157676903832e-295 8.37121576436917e-312 0 0 0 0 0 0 0 0 0 0 0 0
20 21 0 0 0.283637250515758 0.705223880656474 0.0111387334910178 1.35336749279541e-07 6.22284848333509e-16 9.22427165020968e-28 4.17044010617414e-43 5.60819680906433e-62 2.21320611391319e-84 2.54274756058508e-110 8.46124016127638e-140 8.12633486499136e-173 2.24701107868301e-209 1.78554364961123e-249 4.07181840822467e-293 0 0 0 0 0 0 0 0 0 0 0 0 0 0 0 0 0 0 0 0 0 0 0 0 0 0 0 0 0 0 0 0 0 0 0 0 0 0 0 0 0 0 0 0
20 23 0 0 0 0.0100333713210402 0.138406542740968 0.444018201565572 0.342090983435636 0.0627924674709306 0.00263429254401914 2.40945500029034e-05 4.6353502710337e-08 1.8326934416783e-11 1.46797409979368e-15 2.36080589908608e-20 7.57817590019597e-26 4.83609231567744e-32 6.1181537505489e-39 1.53123627329432e-46 7.56976999100388e-55 7.38277589603122e-64 1.41919647298628e-73 5.37306987523716e-84 4.0039854487692e-95 5.86992589439388e-107 1.69223115011645e-119 9.59001984946895e-133 1.06802421855693e-146 2.33685772085923e-161 1.00432941349313e-176 8.47673651646297e-193 1.40480549236507e-209 4.57060836375429e-227 2.91907275057633e-245 3.65913224299441e-264 9.00177647599832e-284 4.34564901553275e-304 0 0 0 0 0 0 0 0 0 0 0 0 0 0 0 0 0 0 0 0 0 0 0 0 0
21 14 0 0 0 0.999999999999962 1.46186344869474e-107 0 0 0 0 0 0 0 0 0 0 0 0 0 0 0 0 0 0 0 0 0 0 0 0 0 0 0 0 0 0 0 0 0 0 0 0 0 0 0 0 0 0 0 0 0 0 0 0 0 0 0 0 0 0 0 0
21 19 0 0 0 0 0 0.320366491132865 0.679428330686382 0.000205178180727868 2.47306647257561e-14 4.48030697012331e-31 1.03184410788782e-54 2.85912734441278e-85 9.29919245882733e-123 3.5037771229322e-167 1.51742044560326e-218 7.51563655062818e-277 0 0 0 0 0 0 0 0 0 0 0 0 0 0 0 0 0 0 0 0 0 0 0 0 0 0 0 0 0 0 0 0 0 0 0 0 0 0 0 0 0 0 0 0 0
21 20 0 0 0.921696514725705 0.078303485204638 6.96570375664001e-11 1.72640355390224e-30 7.26796109082536e-61 4.67284060440134e-102 4.40955395188919e-154 5.99170023031353e-217 1.159890182481e-290 0 0 0 0 0 0 0 0 0 0 0 0 0 0 0 0 0 0 0 0 0 0 0 0 0 0 0 0 0 0 0 0 0 0 0 0 0 0 0 0 0 0 0 0 0 0 0 0 0 0
21 22 0 0 0 0 0.00324941861236965 0.0417044630335515 0.203870454761325 0.383829078643997 0.2797777915029 0.0787429782974545 0.00847610226557887 0.000344466437186657 5.21725862240289e-06 2.91275385290626e-08 5.94321689010425e-11 4.40397179985908e-14 1.17968321907212e-17 1.13845879548775e-21 3.94834845079601e-26 4.91183815741331e-31 2.18865913322588e-36 3.48923561531443e-42 1.98844646946062e-48 4.04778552925455e-55 2.94162086944334e-62 7.62800910997149e-70 7.05529528909568e-78 2.32675281255011e-86 2.73520535761267e-95 1.14584460566431e-104 1.71026628171101e-114 9.0933151632019e-125 1.7219862463899e-135 1.16124271063883e-146 2.78834436631018e-158 2.38369273494509e-170 7.25421224978186e-183 7.85826376115459e-196 3.02986656742986e-209 4.15765661148645e-223 2.03035801808025e-237 3.52832730724599e-252 2.18179041013159e-267 4.80046029070703e-283 3.75801097400148e-299 1.04669412784817e-315 0 0 0 0 0 0 0 0 0 0 0 0 0 0 0
22 13 0 0 0 0 0.0178441316711774 0.442316879324147 0.511121835963887 0.0286690557032006 4.80955200432773e-05 1.81754401451033e-09 1.39454593368778e-15 2.08141821581266e-23 5.91747995665755e-33 3.1671336932166e-44 3.16830311462321e-57 5.89621777842495e-72 2.03468524031542e-88 1.29893029515847e-106 1.53139993934118e-126 3.32991806878282e-148 1.33405846007288e-171 9.83917164532103e-197 1.33505375939528e-223 3.33089909660762e-252 1.52739954127664e-282 1.28679578781445e-314 0 0 0 0 0 0 0 0 0 0 0 0 0 0 0 0 0 0 0 0 0 0 0 0 0 0 0 0 0 0 0 0 0 0 0
22 21 0 0 0 0 0.00705930637639026 0.0699516945879608 0.264894596216607 0.387145806808467 0.219078511560942 0.0477731557856604 0.00397128636054214 0.000124193236449739 1.44289363741167e-06 6.1637325955313e-09 9.60485019717753e-12 5.42804740821674e-15 1.10779143295538e-18 8.139208663551e-23 2.14789234420076e-27 2.03231263724222e-32 6.88545064842908e-38 8.34412055958427e-44 3.61385447881898e-50 5.58995012946022e-57 3.08639052087303e-64 6.07993860354456e-72 4.2715450237676e-80 1.0699566166254e-88 9.55259667196362e-98 3.03911026145396e-107 3.44469524596212e-117 1.39077107240933e-127 1.99982425290615e-138 1.02399623617676e-149 1.86690051889907e-161 1.21174752213129e-173 2.7998076919711e-186 2.30266473860545e-199 6.74038700347234e-213 7.02197161105414e-227 2.60330374895786e-241 3.43444171667997e-256 1.61223838771269e-271 2.69291377452854e-287 1.60035303852654e-303 3.37940901755413e-320 0 0 0 0 0 0 0 0 0 0 0 0 0 0 0
22 23 0 0 0.158641741972112 0.825890001211218 0.0154682037178796 5.30987907015372e-08 1.18877607835969e-17 1.42392593197474e-31 8.56453461429863e-50 2.5159822694997e-72 3.55793476669533e-99 2.40145195996372e-130 7.69447580269264e-166 1.16606186092767e-205 8.33635443146786e-250 2.8061956959462e-298 0 0 0 0 0 0 0 0 0 0 0 0 0 0 0 0 0 0 0 0 0 0 0 0 0 0 0 0 0 0 0 0 0 0 0 0 0 0 0 0 0 0 0 0 0
23 12 0 0 0 0 0.971282846959211 0.0287171530407879 1.39454595450398e-15 3.16713369323714e-44 2.03468525086006e-88 3.32991892763516e-148 1.33505849990962e-223 1.28682592828917e-314 0 0 0 0 0 0 0 0 0 0 0 0 0 0 0 0 0 0 0 0 0 0 0 0 0 0 0 0 0 0 0 0 0 0 0 0 0 0 0 0 0 0 0 0 0 0 0 0 0
23 20 0 0 0 0.019916120107866 0.297850347127839 0.54769179457498 0.130906160612264 0.00362549825801976 1.00767414066609e-05 2.5775658133326e-09 5.81046351792408e-14 1.12874719917505e-19 1.86589529620342e-26 2.60455040768365e-34 3.05455349676372e-43 2.99938063199843e-53 2.45986472085637e-64 1.68187455994027e-76 9.57362629887823e-90 4.53202149709389e-104 1.78266400692997e-119 5.82251536248718e-136 1.57823465975309e-153 3.54854690918084e-172 6.61574507116415e-192 1.0223828640811e-212 1.30928239098853e-234 1.38910005125077e-257 1.22074139275764e-281 8.88433447737698e-307 0 0 0 0 0 0 0 0 0 0 0 0 0 0 0 0 0 0 0 0 0 0 0 0 0 0 0 0 0 0 0
23 22 0 0 0.999998787125408 1.2128701416284e-06 1.40094058248776e-40 3.32405101777092e-106 1.15089643483868e-203 0 0 0 0 0 0 0 0 0 0 0 0 0 0 0 0 0 0 0 0 0 0 0 0 0 0 0 0 0 0 0 0 0 0 0 0 0 0 0 0 0 0 0 0 0 0 0 0 0 0 0 0 0 0
