0 1 0 0 0.776557098732355 0.223169116453723 0.000273543675179414 2.40756322261262e-07 3.81310360048296e-10 1.10482814062383e-12 5.38079454483633e-15 4.0503793278584e-17 4.39749792858503e-19 6.51701239914841e-21 1.26176300446933e-22 3.08102803975271e-24 9.22085282080962e-26 3.30354906307722e-27 1.38937783010125e-28 6.74746174032189e-30 3.73140282241764e-31 2.32176621819402e-32 1.71461584310929e-33
0 2 0 0.0491702516939979 0.935002017002407 0.0158069644240878 2.07370868508278e-05 2.9724796794859e-08 6.76110692185878e-11 2.47005693525615e-13 1.37809969299714e-15 1.11024413637016e-17 1.22902820047481e-19 1.79314749446501e-21 3.33114255456644e-23 7.65722397933995e-25 2.12664499063804e-26 6.99463958357865e-28 2.67864731903108e-29 1.17721730684546e-30 5.86379565608935e-32 3.27487846031168e-33 2.07457793957377e-34
1 0 0 0 1.00000000000008 4.40130445663535e-32 4.21898012894848e-46 1.57985594399405e-55 9.13674832923282e-63 1.07743119925763e-68 9.65199981350843e-74 3.74684719141878e-78 4.43285055739101e-82 1.26206974800973e-85 7.31909995561182e-89 7.65014692261413e-92 1.31371406021464e-94 3.4493039044014e-97 1.30801907545922e-99 6.84196043047928e-102 4.75414708998055e-104 4.2531601596399e-106 4.89776046602886e-108
1 5 0 1.39304813693363e-09 0.245529179791005 0.67850475461627 0.0732880891114985 0.0025993610917723 7.61340413295023e-05 2.38948260995028e-06 8.6593992876945e-08 3.68380287813617e-09 1.83347012369651e-10 1.05697941837984e-11 6.97524812626406e-13 5.20833610377832e-14 4.35305217402358e-15 4.03280072397385e-16 4.10539365415221e-17 4.55697522940698e-18 5.47757384127607e-19 7.08659040037385e-20 1.06075100590357e-20
2 0 0 0.99998695675596 1.30432440046636e-05 7.91296236865331e-15 1.49060623398276e-21 6.93486886358431e-27 2.42585854736221e-31 3.42812838280146e-35 1.35679065476747e-38 1.1886127463738e-41 1.96251105550452e-44 5.44299394950373e-47 2.32811114265835e-49 1.43860045148889e-51 1.22021755638602e-53 1.36381804382201e-55 1.94307054538179e-57 3.43366253892522e-59 7.35615439818727e-61 1.87414058589692e-62 5.70975499248521e-64
2 3 0 0.999999999679366 3.18695524839398e-10 3.91973886995373e-25 1.35097967359427e-35 8.96362520652305e-44 1.48936930859837e-50 2.22601316688099e-56 1.65647085949336e-61 4.2182222138295e-66 2.8518077591062e-70 4.27340917804349e-74 1.2422564861937e-77 6.32960741247215e-81 5.22279815311015e-84 6.55274202009721e-87 1.18784928102599e-89 2.98319305955922e-92 1.00228388730861e-94 4.37411031171825e-97 2.47885246322241e-99
2 11 0 0.482992914026927 0.516554183551548 0.00045267232145787 2.29833924739386e-07 2.63811248036143e-10 6.44557522254048e-13 2.90657984138985e-15 2.14985034436938e-17 2.38483732840954e-19 3.70773822740966e-21 7.66937721888816e-23 2.02646841021155e-24 6.62193270567229e-26 2.60688715285595e-27 1.2101040019786e-28 6.50630345059022e-30 3.99155901770579e-31 2.75877929949487e-32 2.12480807353823e-33 1.86167991782109e-34
3 2 0 0.826579753217371 0.173420212463445 3.43191753584026e-08 7.99657408969752e-15 1.3879064668522e-20 1.24564193263038e-25 4.00279761780212e-30 3.51766750326824e-34 6.96200125772826e-38 2.69032656286823e-41 1.82281544436534e-44 1.99294279398796e-47 3.29350215549819e-50 7.80628220598453e-53 2.54260958274588e-55 1.09853543826556e-57 6.1123272409678e-60 4.2716898737342e-62 3.67049706239092e-64 3.90825018072944e-66
3 4 0.876501666222138 0.123498333072186 7.0570036491247e-10 4.84266928076867e-16 7.67141544297036e-21 8.29377126342857e-25 3.29442776026193e-28 3.36903647124193e-31 7.09036559533113e-34 2.64118364215985e-36 1.56518875020206e-38 1.36425121771862e-40 1.64788755626437e-42 2.63360990529901e-44 5.36765298083302e-46 1.35425980294592e-47 4.12754651368035e-49 1.48910603434244e-50 6.25133676991231e-52 3.0096580731858e-53 1.67473229820545e-54
3 10 0 0 0.514344202948699 0.484888436653487 0.000767074014610508 2.86231849696005e-07 1.48581781483875e-10 1.34947482264112e-13 2.10158130183671e-16 5.26990513170262e-19 1.99728210224363e-21 1.08282211840492e-23 8.01985214776014e-26 7.81064368345385e-28 9.69026073886606e-30 1.49136177328022e-31 2.78427077668868e-33 6.1867736854831e-35 1.60979885652975e-36 4.8365478880127e-38 1.69284243322737e-39
4 3 0.999999999999746 4.75994076851136e-100 0 0 0 0 0 0 0 0 0 0 0 0 0 0 0 0 0 0 0
4 5 0 0.475824497782448 0.523940034521489 0.000235416241551046 5.1428863923606e-08 2.72579095743474e-11 3.32831004305299e-14 8.02337064833851e-17 3.35380472671527e-19 2.20173332366249e-21 2.10570028731895e-23 2.76896723154629e-25 4.78480617670228e-27 1.04802968830421e-28 2.8259968213597e-30 9.15918069480336e-32 3.49769879272458e-33 1.54767932876086e-34 7.82313622085948e-36 4.46266525107812e-37 2.90486566401582e-38
4 8 0 0.991069988686856 0.00893001131311905 4.21972271417632e-19 9.10636023179257e-31 9.61280325769183e-40 4.09668009809629e-47 2.07854392160099e-53 6.30078005973438e-59 7.42483291912966e-64 2.55181995811678e-68 2.08936190510954e-72 3.51381561117307e-76 1.0849972848847e-79 5.63826856236263e-83 4.60193466840468e-86 5.57953117009127e-89 9.59979916274565e-92 2.25649887724079e-94 7.01854550601767e-97 2.87746610108858e-99
5 1 0 0.876501666222138 0.123498333072186 7.0570036491247e-10 4.84266928076867e-16 7.67141544297036e-21 8.29377126342857e-25 3.29442776026193e-28 3.36903647124193e-31 7.09036559533113e-34 2.64118364215985e-36 1.56518875020206e-38 1.36425121771862e-40 1.64788755626437e-42 2.63360990529901e-44 5.36765298083302e-46 1.35425980294592e-47 4.12754651368035e-49 1.48910603434244e-50 6.25133676991231e-52 3.07048528489479e-53
5 4 0 0.944388471895495 0.0556115277610139 3.43492666307479e-10 8.22589873990921e-18 2.5733076139922e-24 5.76145107133915e-30 5.72138275069244e-35 1.81021651492518e-39 1.44707396805364e-43 2.4713254397228e-47 7.95682629418131e-51 4.38881453396331e-54 3.84765180100722e-57 5.04998522889364e-60 9.45200111177129e-63 2.42387282682692e-65 8.23651362218153e-68 3.60569333940243e-70 1.98528241986028e-72 1.38156811434501e-74
5 7 0.0030610195470829 0.996915640633081 2.33398153420689e-05 4.49394621253672e-12 4.96748841615943e-18 2.97936982314212e-23 6.8327128836767e-28 4.52363063019834e-32 7.03367208115427e-36 2.20587877899248e-39 1.24433482687347e-42 1.15602673853288e-45 1.65046417438163e-48 3.42610992524646e-51 9.88564329001552e-54 3.82034788627463e-56 1.91710861091418e-58 1.21699548028552e-60 9.55787734382067e-63 9.11076127635081e-65 1.06426482570579e-66
6 7 0 0.763028687321007 0.236814110536238 0.000157141633834624 6.04660550327492e-08 4.28060663624716e-11 5.85891257871494e-14 1.42530506624368e-16 5.6349466290605e-19 3.3573542745794e-21 2.83692217836687e-23 3.23821117159028e-25 4.80089791168123e-27 8.95372488194983e-29 2.0459501313114e-30 5.60339821547091e-32 1.80566624468697e-33 6.73944587568136e-35 2.87447321897607e-36 1.3847871629136e-37 7.60925880795044e-39
6 17 0.510748805015475 0.489251194965989 1.99066324745886e-11 1.02129698127888e-20 3.23277358416583e-28 1.60516864721864e-34 5.52603849284746e-40 8.01481092069874e-45 3.54066962412429e-49 3.81132377827653e-53 8.51539407397693e-57 3.50442086673602e-60 2.42433863625505e-63 2.62417198110995e-66 4.19668440886058e-69 9.46410176798603e-72 2.89600292243388e-74 1.16440009576161e-76 5.98679900276439e-79 3.84606231193356e-81 3.10570956122894e-83
7 5 0.131538926348138 0.868410185894957 5.08860140180727e-05 1.74257369055325e-09 3.12676904620113e-13 1.93994321753962e-16 2.99741846228327e-19 9.27629490663742e-22 4.9591512105177e-24 4.12539058367951e-26 4.94697900358159e-28 8.07208104318069e-30 1.71404790214313e-31 4.57229161078045e-33 1.4893124020159e-34 5.78752065235362e-36 2.63203811373086e-37 1.37837964503032e-38 8.19924765567102e-40 5.47540987561344e-41 4.16624443313448e-42
7 6 0 0.999992356477148 7.64415393886153e-06 8.67240818366098e-13 2.54877118722623e-18 6.58448618188264e-23 7.58264889561952e-27 2.59825758899437e-30 2.04834262262042e-33 3.12258393294204e-36 8.13841732453413e-39 3.31225933188918e-41 1.96519545956671e-43 1.61120759013982e-45 1.74946047029072e-47 2.4307373941246e-49 4.2014484297849e-51 8.82455901667781e-53 2.2082155227832e-54 6.47368786767357e-56 2.23850427688126e-57
7 8 0 0 0 0.704652799974419 0.295344925885985 2.27412593955366e-06 1.36559973301648e-11 3.60724144352163e-16 3.36420262729241e-20 8.47578557427008e-24 4.70544056136132e-27 4.95804742741976e-30 8.87538340591049e-33 2.48158261873764e-35 1.01541618795574e-37 5.77521649015285e-40 4.38036776098995e-42 4.28327246952876e-44 5.25046284693883e-46 7.88104609053506e-48 1.4558357026346e-49
7 15 0 2.16019884194195e-09 0.485572086900234 0.504240966964747 0.0101204139171261 6.61084324040048e-05 4.18291464770296e-07 3.29924050520582e-09 3.41160664024333e-11 4.60115762417141e-13 7.9283059772393e-15 1.70475647492092e-16 4.47256385663947e-18 1.4031418725819e-19 5.17137421108352e-21 2.20481151647683e-22 1.07293398912423e-23 5.8902760638227e-25 3.61096382056096e-26 2.44986156998004e-27 1.86992462745597e-28
8 4 0 0.666968306452892 0.333031693540887 1.53780082822685e-12 3.44361979627313e-22 6.65916793308994e-30 2.34396142835894e-36 6.21563942214014e-42 7.31884013055251e-47 2.72134151583486e-51 2.53102079854342e-55 4.98365985160218e-59 1.83568511002082e-62 1.15076951943306e-65 1.14022822449954e-68 1.68329112345667e-71 3.52908040122278e-74 1.01003132526848e-76 3.81816669386374e-79 1.85410233912318e-81 1.15823431455269e-83
8 7 0 0 0 0.784815945998332 0.21518393566896 1.18332647435964e-07 6.11192495190674e-14 2.010665263127e-19 3.08942074729097e-24 1.58242858127391e-28 2.10191145218957e-32 6.03374586023948e-36 3.27196239810732e-39 3.02774621136622e-42 4.41959078411022e-45 9.56447674730215e-48 2.91959511108292e-50 1.20702468824832e-52 6.53497598959484e-55 4.50491743525616e-57 3.96279106484882e-59
8 9 0 0.985823917476067 0.0141760523926217 3.01311342150663e-08 1.38734051446754e-13 2.72179345147038e-18 1.7962205054647e-22 3.12252270512289e-26 1.18500971598447e-29 8.53370287060383e-33 1.04911734856179e-35 2.02985923751862e-38 5.79931976371707e-41 2.32520652736209e-43 1.25545423350486e-45 8.82383300894797e-48 7.84795014927077e-50 8.62503175609219e-52 1.14783297060405e-53 1.81788264064371e-55 3.4601628533095e-57
9 8 0 0.999999999968039 3.19612330480524e-11 1.82697295143643e-20 2.78098164041735e-27 9.40028147768525e-33 2.32530858036518e-37 2.32759311574167e-41 6.60422726295053e-45 4.21226886706965e-48 5.14556195272824e-51 1.07240252321843e-53 3.49752828016332e-56 1.67031908279923e-58 1.10863785380537e-60 9.80726016396838e-63 1.11751919560064e-64 1.5946477391586e-66 2.78311199280711e-68 5.82354403848294e-70 1.46996004952381e-71
9 10 0 1.05563788256726e-07 0.533545546506844 0.453004091187706 0.0132715930817224 0.000176199040479794 2.42246028563555e-06 4.12392598189693e-08 8.94592306455568e-10 2.44609911027094e-11 8.25711341987368e-13 3.36691001286821e-14 1.62544781102957e-15 9.12790303778103e-17 5.87161002326536e-18 4.26941774004136e-19 3.46913514591929e-20 3.11882269894081e-21 3.07545425191635e-22 3.30124997390535e-23 4.04047673770643e-24
9 14 0 0 0.30197403848697 0.686826410354671 0.0111557790942153 4.35890178600707e-05 1.81983299962658e-07 1.05392476005201e-09 8.678457507075e-12 9.89016962855026e-14 1.50439477572778e-15 2.95076670882499e-17 7.24108608725191e-19 2.16659951134652e-20 7.73356743693518e-22 3.23271557357615e-23 1.55773145551862e-24 8.53664111590368e-26 5.25885929414697e-27 3.60509725539306e-28 2.79530186430051e-29
9 15 0 0.999999999999994 4.8261121680431e-31 5.3403420153822e-47 1.610728835095e-56 1.74140897650321e-63 4.87914677745814e-69 1.10764842705371e-73 1.0914612380001e-77 3.20402446851343e-81 2.19188646333567e-84 2.94929252305205e-87 6.90671236810986e-90 2.56942773151912e-92 1.41581136970374e-94 1.09374978720707e-96 1.13367942884473e-98 1.52127605363497e-100 2.56614072017715e-102 5.30923589751359e-104 1.35041746731627e-105
9 16 0 0 3.88746142622347e-14 0.133461603409393 0.794226434600125 0.07133164671144 0.000971796033167459 8.44471805998322e-06 7.3769594972117e-08 7.48816630001925e-10 9.2227325125172e-12 1.38712265927612e-13 2.52876740357794e-15 5.51922323986115e-17 1.42273726689117e-18 4.27447314753778e-20 1.47835394964062e-21 5.81991085443405e-23 2.58156084545488e-24 1.27854285002041e-25 7.1525157987132e-27
10 3 0 0 0.0572181271923897 0.728828679237415 0.199321715957229 0.013853719800475 0.000734845356934117 4.02462840016551e-05 2.47609563025085e-06 1.74555712806688e-07 1.4081259737483e-08 1.28903805709887e-09 1.3254490625948e-10 1.51531428074261e-11 1.90795857272075e-12 2.62331085746645e-13 3.90876854447639e-14 6.26918194097297e-15 1.0758947391716e-15 1.96525303873598e-16 4.49284808029951e-17
10 9 0 0.573050398315505 0.426949601683719 7.76063556693364e-13 3.45067906401342e-23 1.61382941049625e-31 1.64716248506077e-38 1.45921827143505e-44 6.41410942226386e-50 9.73113301792575e-55 3.97184128648389e-59 3.64719161801921e-63 6.59650958471555e-67 2.12259082447882e-70 1.12198278516623e-73 9.14103884673026e-77 1.0899215591944e-79 1.82233967277423e-82 4.12287509035642e-85 1.2246748331543e-87 4.76312365167957e-90
10 11 0 0 0.215692607229963 0.778427745175747 0.00587541832436614 4.22642100641763e-06 2.84606584156098e-09 2.79072914489589e-12 4.25847001349813e-15 9.89697221784771e-18 3.36154041356288e-20 1.59947209848835e-22 1.02610479828146e-24 8.58509867912489e-27 9.10465979139373e-29 1.1944513406384e-30 1.89843175912943e-32 3.59039270275236e-34 7.95535594640311e-36 2.0373965366686e-37 6.0935846336754e-39
10 13 0 0.0663681760410071 0.929840397463693 0.00379067509065288 7.51213806523488e-07 1.9074080938391e-10 9.20192782162789e-14 8.30575776614185e-17 1.29795264987486e-19 3.24919771714254e-22 1.21916386791161e-24 6.49119961487782e-27 4.68899120594476e-29 4.42894398641271e-31 5.30522676010406e-33 7.85563428012831e-35 1.40720305897501e-36 2.99398837642849e-38 7.44754656319782e-40 2.13661175218418e-41 7.13712724868426e-43
11 2 0 0.999997556319985 2.44368001689782e-06 5.0665365318861e-19 1.51593229510332e-28 3.60289350594834e-36 1.42036507324055e-42 3.99089800819386e-48 4.81925013796598e-53 1.80177442152828e-57 1.66451426791846e-61 3.23059627378636e-65 1.16728454536085e-68 7.15659019314405e-72 6.92254024961135e-75 9.9667732397515e-78 2.03695204808793e-80 5.68253034961647e-83 2.09422707504516e-85 9.91777480993065e-88 6.04436183264253e-90
11 10 0 0 0.0193592659894494 0.761453103097112 0.211792306521131 0.00724633181894895 0.000146071166334051 2.85666349810013e-06 6.30498651840751e-08 1.64101447244079e-09 5.07144179416104e-11 1.84890033282598e-12 7.86413236921143e-14 3.85545820447768e-15 2.15313787784575e-16 1.35488124549438e-17 9.51204056040109e-19 7.384852215753e-20 6.2902690911126e-21 5.83699314780159e-22 6.0952805752432e-23
11 12 0 1 6.08091424466775e-17 7.7416821053758e-32 7.31013134220157e-43 1.00969327462013e-51 3.4546552291623e-59 1.13029271952403e-65 1.99357598062617e-71 1.30423988072155e-76 2.44405109504576e-81 1.08840266204507e-85 1.00170635186707e-89 1.7112691456493e-93 4.98679069767111e-97 2.31637992413898e-100 1.62286425682951e-103 1.63829535074428e-106 2.29365539732685e-109 4.31157371445176e-112 1.08011484819597e-114
12 11 0 0.987984106537058 0.0120156006867746 2.92755332265821e-07 2.07882377800491e-11 5.15762658160942e-15 3.42916659580885e-18 4.91350927041608e-21 1.29629300163936e-23 5.61806132057141e-26 3.67546544987918e-28 3.40383342587432e-30 4.2448063396845e-32 6.85137588972294e-34 1.38627364850102e-35 3.42534008585908e-37 1.01136325564755e-38 3.50378141394448e-40 1.40239949401241e-41 6.39964858560595e-43 3.35779066098712e-44
12 23 0 0.905251409308002 0.0947456293139057 2.96105616004956e-06 3.21801517828888e-10 1.46531916099569e-13 1.9054334259527e-16 5.40795545722777e-19 2.80068479631575e-21 2.33953199796394e-23 2.88614317889151e-25 4.92593559115491e-27 1.10679440559861e-28 3.14942042635622e-30 1.10051088176908e-31 4.60596426656203e-33 2.26205120292501e-34 1.2815153587928e-35 8.25541495136199e-37 5.97357297826592e-38 4.94090346594768e-39
13 10 0 0.796388041369138 0.203609702978421 2.25556305644897e-06 3.66536518558688e-11 2.64815391107646e-15 6.33227042951357e-19 3.81076581452401e-22 4.73753472524428e-25 1.0563903137148e-27 3.80984284735127e-30 2.05606154150868e-32 1.56390597949915e-34 1.59947442381717e-36 2.11810085144443e-38 3.52186951721187e-40 7.16865014337879e-42 1.74874769668842e-43 5.02178517474098e-45 1.6718158897519e-46 6.49980594260717e-48
13 14 0 1.50191572340637e-13 0.1793905739649 0.771786308831592 0.0483344479381521 0.000485331287981825 3.31401510656415e-06 2.37559743664966e-08 2.03941819358997e-10 2.17178745206841e-12 2.87217494768752e-14 4.66552329436159e-16 9.17100434344964e-18 2.14807626069276e-19 5.90766945665555e-21 1.8821984053136e-22 6.8631481058763e-24 2.83316428265517e-25 1.31129557414089e-26 6.74611480678564e-28 3.9049231000075e-29
13 22 0 0.997039163784063 0.0029608360724575 1.44686587637711e-10 2.20965393207917e-16 3.94658605346326e-21 3.67149482295291e-25 1.11117849548179e-28 8.17128378142726e-32 1.20353377694421e-34 3.10293188730523e-37 1.26971949062329e-39 7.66172366599618e-42 6.44150859386617e-44 7.21526515858204e-46 1.03871182228226e-47 1.86617712276377e-49 4.08371590839476e-51 1.06645583239695e-52 3.26669705645113e-54 1.1808929268791e-55
14 9 0 0 0.999999943232751 5.67797173163717e-08 5.7561104398453e-15 3.25124555894999e-20 1.85223853938481e-24 4.75382978508227e-28 3.542517527946e-31 5.86839641453539e-34 1.81354317008392e-36 9.25685948691841e-39 7.14495791683758e-41 7.80546358185764e-43 1.14687834811958e-44 2.17722859059169e-46 5.17061144835741e-48 1.49620060250671e-49 5.16152692991566e-51 2.08436445382688e-52 9.89835329589394e-54
14 13 0 3.73425096502987e-10 0.245977599396582 0.689812084732126 0.0625010742205183 0.00167213096042082 3.62400358080512e-05 8.46385397028774e-07 2.31138786060042e-08 7.51479157598985e-10 2.89804008935763e-11 1.31124284070801e-12 6.87188304090283e-14 4.11883490735461e-15 2.79042108350392e-16 2.11420944694285e-17 1.77456434616189e-18 1.63622651370843e-19 1.64496552806289e-20 1.79121361939574e-21 2.21550999415469e-22
14 18 0 0.970507264346416 0.02948415652712 8.57344898502126e-06 5.66755364042054e-09 9.71786206890413e-12 3.53408196930693e-14 2.3098144512252e-16 2.40680454822887e-18 3.66545014425297e-20 7.64954254300118e-22 2.08293158597211e-23 7.12343658298257e-25 2.96856045414723e-26 1.47110661315119e-27 8.49765097146393e-29 5.6272805593968e-30 4.21293944881987e-31 3.52384775356606e-32 3.25979294370204e-33 3.44527208110982e-34
14 21 0 0.90661763889665 0.0933478170738089 3.45284622128073e-05 1.55514906720802e-08 1.58007252765191e-11 3.31069763825437e-14 1.25430357990347e-16 7.71098856744738e-19 7.07701804921671e-21 9.0954329689088e-23 1.557400322555e-24 3.41571667984089e-26 9.29682497121605e-28 3.06031235842281e-29 1.19270006578797e-30 5.40636996810112e-32 2.80778668530251e-33 1.64946102364585e-34 1.0840617482236e-35 8.08844622230528e-37
15 7 0 0.000588365718127227 0.98148248733059 0.017918712049473 1.04258942579316e-05 8.9920019865246e-09 1.55021158005644e-11 4.94995762677806e-14 2.64030966728587e-16 2.15615786945507e-18 2.51650317840202e-20 3.97728950668944e-22 8.15704034181283e-24 2.09797496103915e-25 6.58181189368902e-27 2.46184414319858e-28 1.07720564868833e-29 5.42650888080296e-31 3.10477591234509e-32 1.99422365389703e-33 1.52658597795575e-34
15 9 0 0.998580253708648 0.00141974626879261 2.26346223026125e-11 1.68627159588017e-17 1.75558074819479e-22 1.05481845437755e-26 2.2058055613379e-30 1.17606374028906e-33 1.30225986749565e-36 2.59675750088828e-39 8.4084728623385e-42 4.09143112466954e-44 2.81808938050946e-46 2.62122649132005e-48 3.17029502602572e-50 4.8343062517922e-52 9.05967492418794e-54 2.04239592617138e-55 5.43933308795593e-57 1.72200093762504e-58
15 16 0.999997348382667 2.65161755518651e-06 2.78244471667549e-22 7.17713361015721e-32 6.26520214952321e-39 1.35743197455898e-44 2.32419112684134e-49 1.70480373921959e-53 3.7033915732334e-57 1.87207265190624e-60 1.86368676957357e-63 3.23863337102729e-66 8.97633862339397e-69 3.70210300672703e-71 2.15130555949261e-73 1.68597597381182e-75 1.71951514335032e-77 2.21597593503572e-79 3.52063037673892e-81 6.75333700589891e-83 1.57329145260914e-84
15 17 0 0.853022103933575 0.146961612738568 1.62821502033958e-05 1.17746086435138e-09 1.93494589600285e-13 7.29929889005341e-17 5.6014373498428e-20 7.78049241514012e-23 1.77817279487254e-25 6.19950522212032e-28 3.105231071935e-30 2.12959894188852e-32 1.92319845196383e-34 2.21490934496525e-36 3.16759438702681e-38 5.50088669686691e-40 1.13822510352532e-41 2.76100691234753e-43 7.7423120827178e-45 2.53340060500082e-46
16 9 0 0 0.000216191925330609 0.964732993532167 0.0350138313403812 3.69353456709896e-05 4.77441898935709e-08 1.11802187521561e-10 4.56909651399694e-13 2.99748514187563e-15 2.9258455328756e-17 3.99483081306637e-19 7.26322110712807e-21 1.69069596593912e-22 4.88115599177038e-24 1.70311742156052e-25 7.0296177949473e-27 3.37144355810317e-28 1.85072464492578e-29 1.14795786822779e-30 8.48785045853654e-32
16 15 0.0691633831816176 0.930836407865043 2.08950153090399e-07 6.71099340289464e-15 3.14323124934706e-21 1.16069677517323e-26 1.98265131084286e-31 1.09225260387376e-35 1.51586459636591e-39 4.44766418920634e-43 2.42578156638359e-46 2.23134472520936e-49 3.21015191769542e-52 6.80456603843938e-55 2.02531254169517e-57 8.13751338026088e-60 4.27173209087409e-62 2.85043554915474e-64 2.36212805479076e-66 2.38300386605634e-68 2.95290461454274e-70
16 18 0.996810612015664 0.00318938798676215 1.33577514965138e-16 1.35902970519686e-25 2.04820535200009e-32 5.62572845952162e-38 1.05245917075475e-42 7.77359221313019e-47 1.61979503064602e-50 7.61870289480038e-54 6.91959185007022e-57 1.08289569724867e-59 2.67984552082938e-62 9.81277053036129e-65 5.0443688776322e-67 3.48953327691373e-69 3.13780723324152e-71 3.56371636637779e-73 4.99026243133079e-75 8.44119937139499e-77 1.73674339179688e-78
17 6 0.999997348382667 2.65161755518651e-06 2.78244471667549e-22 7.17713361015721e-32 6.26520214952321e-39 1.35743197455898e-44 2.32419112684134e-49 1.70480373921959e-53 3.7033915732334e-57 1.87207265190624e-60 1.86368676957357e-63 3.23863337102729e-66 8.97633862339397e-69 3.70210300672703e-71 2.15130555949261e-73 1.68597597381182e-75 1.71951514335032e-77 2.21597593503572e-79 3.52063037673892e-81 6.75333700589891e-83 1.57329145260914e-84
17 15 0 0.999999477137999 5.22862040751572e-07 2.17485418554569e-15 5.00335182155674e-22 1.6120889462648e-27 3.15821593934994e-32 2.3000617579771e-36 4.5599851612598e-40 1.99507741372033e-43 1.6606014681603e-46 2.35780156339348e-49 5.25749567296986e-52 1.72650529390244e-54 7.93439181805226e-57 4.89672673357464e-59 3.92325873637615e-61 3.96748432531953e-63 4.94572344256971e-65 7.44824627515667e-67 1.36566099210963e-68
17 19 0 0.0401264055643741 0.953760610438601 0.00611160459282236 1.37905563871676e-06 3.48406636742422e-10 1.58841877890983e-13 1.32470990418888e-16 1.89316468477566e-19 4.3148791445914e-22 1.47199088321196e-24 7.12716093580809e-27 4.68717180740996e-29 4.03719685732095e-31 4.41830711544641e-33 5.98941726563491e-35 9.84259237335459e-37 1.92507278560207e-38 4.41095918472508e-40 1.16794489848467e-41 3.609551249567e-43
18 14 0 0.90661763889665 0.0933478170738089 3.45284622128073e-05 1.55514906720802e-08 1.58007252765191e-11 3.31069763825437e-14 1.25430357990347e-16 7.71098856744738e-19 7.07701804921671e-21 9.0954329689088e-23 1.557400322555e-24 3.41571667984089e-26 9.29682497121605e-28 3.06031235842281e-29 1.19270006578797e-30 5.40636996810112e-32 2.80778668530251e-33 1.64946102364585e-34 1.0840617482236e-35 8.08844622230528e-37
18 16 1.00000000000561 2.86981111730193e-15 1.40065157972682e-37 1.40641714225915e-49 3.9883848958895e-58 7.34233026404946e-65 1.84731641736315e-70 2.8342790594155e-75 1.64721290470482e-79 2.66996932667382e-83 9.79092044043194e-87 6.99265228011881e-90 8.70336587020932e-93 1.73417049109637e-95 5.17636200065073e-98 2.19527413263864e-100 1.26715446254445e-102 9.60936140865965e-105 9.29584544428081e-107 1.11900278060432e-108 1.68371719275795e-110
18 19 0 0.164832914780185 0.822622510632008 0.012494253699414 5.0043510833365e-05 2.74955769829455e-07 2.38973168614206e-09 3.14852776609503e-11 5.91141664988718e-13 1.49735153598147e-14 4.89333060255749e-16 1.9904233608388e-17 9.78990459547992e-19 5.68691946035508e-20 3.8267460272837e-21 2.93522708072934e-22 2.53184474902192e-23 2.42790477580806e-24 2.56307231547835e-25 2.95356458110423e-26 3.92927268545702e-27
19 17 0 0.999999999999989 3.60550566465924e-18 4.32719922593496e-32 7.35534959381001e-41 1.97503100947583e-47 9.57049422681065e-53 3.0909921949873e-57 3.8501049801368e-61 1.32261310570125e-64 1.0041261237215e-67 1.44358576715407e-70 3.5124212775494e-73 1.32929001563185e-75 7.33150173385556e-78 5.59772490160153e-80 5.67733805435965e-82 7.39528342338567e-84 1.20317281909239e-85 2.38846622409982e-87 5.8061298117741e-89
19 18 0 0.0511779054666634 0.913709227205053 0.0349390990709371 0.000172865088123744 8.96450292717603e-07 6.64624733578907e-09 7.15816901955359e-11 1.0789788768536e-12 2.17993366225766e-14 5.67834498987732e-16 1.84537394730604e-17 7.28051091805807e-19 3.40866952721366e-20 1.85825812601295e-21 1.16087030067041e-22 8.19841218859583e-24 6.4700964305703e-25 5.6492630862386e-26 5.41020047935194e-27 5.88635140582497e-28
19 20 0 0 0.0521410795217092 0.883007963831257 0.0644496548638872 0.000399681846394011 1.61261799254478e-06 7.2762955681501e-09 4.21368902242149e-11 3.21056355250624e-13 3.18671800368014e-15 4.03786280303365e-17 6.38838163945845e-19 1.23569530903853e-20 2.86702252170831e-22 7.84523254198304e-24 2.49444958567437e-25 9.09631306524539e-27 3.76090592189739e-28 1.74527210491132e-29 9.18811697927662e-31
19 21 0 4.84041565615577e-06 0.63765240998831 0.351048480916251 0.0110695597500909 0.000219615810683159 4.94715850740547e-06 1.40655833096052e-07 5.06511762035294e-09 2.26429285511948e-10 1.22693256524986e-11 7.88058928498396e-13 5.8838726379201e-14 5.02192942847675e-15 4.83053263949954e-16 5.17323509209455e-17 6.1045841667296e-18 7.86662905142075e-19 1.09848246073605e-19 1.65096052580372e-20 2.96716110241555e-21
20 19 0 0 0.999974440467466 2.55594680635761e-05 1.05963293168511e-12 9.15634181304941e-19 7.44058929994555e-24 2.96160927709962e-28 3.82672677457872e-32 1.22672006007273e-35 8.1121313957526e-39 9.6959823692533e-42 1.89905492439576e-44 5.65548090446391e-47 2.4153369857045e-49 1.41186865174073e-51 1.0876140244258e-53 1.07023591339392e-55 1.31074174885267e-57 1.95463341283252e-59 3.57151934191223e-61
20 21 0.424491879579407 0.575508120175457 2.45880195121041e-10 6.24933371499587e-19 6.59995295459212e-26 8.71267405256403e-32 6.87021076167968e-37 2.05233485624445e-41 1.72391765936656e-45 3.31430483751866e-49 1.25739463063787e-52 8.42795539196178e-56 9.16861216128421e-59 1.51458793483632e-61 3.60199732786463e-64 1.18088367004853e-66 5.14906375893329e-69 2.89802082574078e-71 2.05274775494647e-73 1.79081759123627e-75 1.93888633462906e-77
20 23 0 0.949127324553897 0.0508511857809041 2.14733388873912e-05 1.62966742220016e-08 2.95871446126404e-11 1.09810922990784e-13 7.18337076949285e-16 7.40781982584196e-18 1.10890090324441e-19 2.26480957054672e-21 6.01850804251144e-23 2.00510734738226e-24 8.13072511095723e-26 3.91793520304955e-27 2.19973419493908e-28 1.41563425405214e-29 1.02993344304072e-30 8.3724220037791e-32 7.52848153424362e-33 7.71811721344964e-34
21 14 0 0.587049935510655 0.409565143513697 0.00336923990405428 1.55792342914113e-05 1.0083030319172e-07 9.9101104112138e-10 1.42309336406159e-11 2.83251340815712e-13 7.45277538310198e-15 2.49220211771833e-16 1.0257059661754e-17 5.06113506730996e-19 2.9301547409749e-20 1.95512563016567e-21 1.48109776251194e-22 1.25778408589077e-23 1.1845120139026e-24 1.22557426080614e-25 1.38198235536512e-26 1.79029583122377e-27
21 19 0 1.22269210152609e-06 0.65165027898524 0.341196014747398 0.00706830307818043 8.30465461534108e-05 1.11410275467035e-06 1.9393933132181e-08 4.40943230238501e-10 1.28116423538835e-11 4.63168993364913e-13 2.03166509036958e-14 1.0576402807764e-15 6.41144281674927e-17 4.45326418360344e-18 3.49550151598427e-19 3.0641608001605e-20 2.96934182575244e-21 3.15299301369116e-22 3.6405002335603e-23 4.83249127417781e-24
21 20 0.999996942284204 3.05771518758813e-06 5.03842397367514e-21 8.41873393282276e-30 3.03745297771862e-36 2.0936607722829e-41 9.59066633670924e-46 1.66242932584396e-49 7.7699391315103e-53 7.85017239873723e-56 1.47155274443808e-58 4.58339780882997e-61 2.18421883954846e-63 1.49478001182169e-65 1.39762930885902e-67 1.71553553892268e-69 2.67593933371128e-71 5.16362452366378e-73 1.20525537451762e-74 3.33890176126317e-76 1.10357412957112e-77
21 22 0 0.00408837879143307 0.931602999593896 0.0641803307496823 0.000128123597957565 1.66982701513351e-07 2.83615258691031e-10 7.11600076733456e-13 2.63016930283986e-15 1.38492895014653e-17 9.99922433394261e-20 9.55257405324163e-22 1.17029540516284e-23 1.78975412674693e-25 3.33889258369316e-27 7.44984317540557e-29 1.95458467225336e-30 5.9422924758228e-32 2.06686150056097e-33 8.13377216348487e-35 3.65803235144132e-36
22 13 0 0.397809663437506 0.602067339604649 0.000122990218298011 6.73759071094199e-09 9.32528872428624e-13 3.30787737804351e-16 2.56900643694231e-19 3.78660026660396e-22 9.4702443920256e-25 3.68691031269884e-27 2.08977002709539e-29 1.63600885732117e-31 1.69597157563716e-33 2.24975849231131e-35 3.71285977713059e-37 7.44646956139225e-39 1.77944312628091e-40 4.9821391058085e-42 1.61097412467304e-43 6.06540386444661e-45
22 21 0 0.194151374065878 0.805713931006078 0.000134693621873911 1.30599537868333e-09 2.73322892978247e-14 1.57157903579263e-18 2.2091580389359e-22 6.58397457447442e-26 3.68536807211867e-29 3.51610903664354e-32 5.29360322624048e-35 1.18239425244101e-37 3.72755523849215e-40 1.59217596298464e-42 8.90761174534219e-45 6.34484906817322e-47 5.61765294756315e-49 6.05718094227551e-51 7.81475422396448e-53 1.21898589355258e-54
22 23 0.0306500868673527 0.969317788151508 3.21248839820009e-05 9.73927463160555e-11 1.70167069162819e-15 1.28533578552803e-19 2.96221782167407e-23 1.62109159344332e-26 1.76584314906297e-29 3.37138509736941e-32 1.02659067348984e-34 4.63987069199168e-37 2.94309543877778e-39 2.50580540465635e-41 2.76239886684687e-43 3.8280143633246e-45 6.50612253826326e-47 1.32843810459797e-48 3.20176359303146e-50 8.97248310229436e-52 2.94835232252341e-53
23 12 0 0.999942287571278 5.771242869297e-05 3.14587186128331e-14 3.5531851584752e-21 9.77009371991254e-27 2.08317784301919e-31 1.85976305615463e-35 4.80691407474678e-39 2.83192569093664e-42 3.22607411802937e-45 6.31338574012028e-48 1.94337371452661e-50 8.79426430652419e-53 5.54818515475082e-55 4.67701899048529e-57 5.08916292115876e-59 6.94693642410923e-61 1.16159398486582e-62 2.33173163279583e-64 5.65430257317412e-66
23 20 0 0.999999404587429 5.9541239909339e-07 1.23405859263369e-14 1.21225609292437e-20 1.37781499843234e-25 8.18922068082802e-30 1.60902661357195e-33 7.83970748855807e-37 7.81405560633568e-40 1.39138080339386e-42 4.0077677334383e-45 1.73243665384761e-47 1.06030149863738e-49 8.77368033643891e-52 9.4568087287787e-54 1.28784885740462e-55 2.16040147124648e-57 4.37020792392042e-59 1.04691811042653e-60 2.99063751982841e-62
23 22 0.244629630570142 0.755356756263328 1.36128214092755e-05 3.45139280471142e-10 5.60870882935734e-14 3.39271926881771e-17 5.28859756329832e-20 1.68099229356249e-22 9.32260612427501e-25 8.0917089384817e-27 1.01580841757648e-28 1.7384690188867e-30 3.87549094432968e-32 1.08571193997681e-33 3.71388788995323e-35 1.51520398559921e-36 7.23111332557353e-38 3.97160595909404e-39 2.47613231895538e-40 1.73187951519456e-41 1.38135959735143e-42
