0 1 0 0 0 0 0 0 0.000320310826718732 0.00368772058087706 0.0246923817535637 0.0963569776367784 0.219509971834434 0.292257251201436 0.227507069901775 0.103511006893291 0.0274960438596316 0.00425720099255818 0.000383406668613346 2.0040532689618e-05 6.06599865723732e-07 1.06101091744078e-08 1.0703545873706e-10 6.21714595217556e-13 2.07623506201765e-15 3.98148876387758e-18 4.37969699664278e-21 2.76115824586586e-24 9.96937274656754e-28 2.0601819269957e-31 2.43544726414639e-35 1.64625206781061e-39 6.36056987987097e-44 1.40423250127199e-48 1.77094868126629e-53 1.27553888297328e-58 5.24580881495556e-64 1.23163999252491e-69 1.65058810943769e-75 1.26245625795493e-81 5.51013980888138e-88 1.3722378143658e-94 1.94972576630865e-101 1.58036114714764e-108 7.30706406219723e-116 1.92708852861168e-123 2.89870448104887e-131 2.4867015144253e-139 1.21656973694794e-147 3.39408099877547e-156 5.39957088970219e-165 4.89812378959793e-174 2.53347593084726e-183 7.47144612530334e-193 1.25625824601104e-202 1.20427622509677e-212 6.58163425456773e-223 2.05064366531229e-233 3.64237492291918e-244 3.68813634643188e-255 2.12886294606368e-266 7.00483632341878e-278 1.31385764538677e-289
0 2 0 0 0 0 0.308376647022344 0.685412242767031 0.0062110912166432 1.89939810087175e-08 9.48174055077461e-18 6.59730617137292e-31 6.05890424182336e-48 7.16512558696267e-69 1.07671781075326e-93 2.03984208983763e-122 4.84729028100092e-155 1.43980949384e-191 5.33266489375898e-232 2.45826340663535e-276 0 0 0 0 0 0 0 0 0 0 0 0 0 0 0 0 0 0 0 0 0 0 0 0 0 0 0 0 0 0 0 0 0 0 0 0 0 0 0 0 0 0 0
1 0 0 0 0 0 0 0 0.0539278677563848 0.649967937060079 0.292407020264409 0.00369646218731365 7.12730163021362e-07 1.65051652315016e-12 4.22937313973154e-20 1.15806271132634e-29 3.32878208864365e-41 9.94309306477661e-55 3.0668003716082e-70 9.72626452967492e-88 3.16246379135674e-107 1.05195661237156e-128 3.5741308121347e-152 1.23883169030909e-177 4.37630130726043e-205 1.57442880446208e-234 5.76488242555843e-266 2.14727753274498e-299 0 0 0 0 0 0 0 0 0 0 0 0 0 0 0 0 0 0 0 0 0 0 0 0 0 0 0 0 0 0 0 0 0 0 0
1 5 0 0 0 0 0 0.350261010803222 0.649727344518065 1.16446787127221e-05 4.52936886076369e-19 1.31687413667628e-41 2.42183684439354e-73 2.66816114043976e-114 1.71855266461174e-164 6.38782959679444e-224 1.35962755928384e-292 0 0 0 0 0 0 0 0 0 0 0 0 0 0 0 0 0 0 0 0 0 0 0 0 0 0 0 0 0 0 0 0 0 0 0 0 0 0 0 0 0 0 0 0 0 0
2 0 0 0 0 0 0.015622114322776 0.545510579321495 0.43195015001927 0.00691623167911466 9.24656607697054e-07 7.36954450642628e-13 3.15733700931956e-21 6.97716159066856e-32 7.79356852862719e-45 4.35095112881512e-60 1.20561756090733e-77 1.65057135741814e-97 1.11298982886888e-119 3.68804694891784e-144 5.99540930063825e-171 4.77529581360535e-200 1.86168067077514e-231 3.54966317795406e-265 3.30800480555646e-301 0 0 0 0 0 0 0 0 0 0 0 0 0 0 0 0 0 0 0 0 0 0 0 0 0 0 0 0 0 0 0 0 0 0 0 0 0 0
2 3 0 0 0 0 0.00226416415787062 0.0325510374033242 0.177976556521516 0.374380025409759 0.304831706344812 0.0959051665331859 0.0115558252744032 0.000526508862625006 8.95317881158839e-06 5.61846127635853e-08 1.28971450135225e-10 1.07585392413191e-13 3.24574020007334e-17 3.52901980548977e-21 1.37927723704397e-25 1.93403159389668e-30 9.7150723271468e-36 1.74621488612736e-41 1.1220742502812e-47 2.57571963933732e-54 2.110903549402e-61 6.17328166035195e-69 6.43964999801402e-77 2.39527613341506e-85 3.17590357038128e-94 1.50067613427871e-103 2.52649911097565e-113 1.51523781909227e-123 3.23667624886353e-134 2.46212765864726e-145 6.6689603013922e-157 6.43119466103156e-169 2.20783301771619e-181 2.69799769670694e-194 1.17349561969319e-207 1.81657441934907e-221 1.00075342709795e-235 1.96189696345357e-250 1.36859815435459e-265 3.39706525636009e-281 3.00012553718028e-297 9.42678606993099e-314 0 0 0 0 0 0 0 0 0 0 0 0 0 0 0
2 11 0 0 0 0 0.00817827573108751 0.238253738946366 0.601724481811252 0.148798085541068 0.00304126492684961 4.15270499177953e-06 3.38383526726272e-10 1.56373707780655e-15 3.99729877354776e-22 5.5754453329239e-30 4.20852041271736e-39 1.71005287672155e-49 3.72690330560579e-61 4.34538010501756e-74 2.70536845953283e-88 8.9809463492147e-104 1.58793624937862e-120 1.49409666131557e-138 7.47572188808179e-158 1.98795679914598e-178 2.80823884731109e-200 2.10650382869378e-223 8.38776475315369e-248 1.77240200110645e-273 1.98702777148171e-300 0 0 0 0 0 0 0 0 0 0 0 0 0 0 0 0 0 0 0 0 0 0 0 0 0 0 0 0 0 0 0 0
3 2 0 0 0 0 0.00307440208297792 0.0920901033174019 0.452209684858059 0.391767847877635 0.0593986716661603 0.00145399510960618 5.29237157355397e-06 2.71639487860599e-09 1.9083959971424e-13 1.80464287653584e-18 2.27413253866359e-24 3.79475225549949e-31 8.34920674989313e-39 2.41493427800785e-47 9.16267049564055e-57 4.55292465391954e-67 2.95916630108919e-78 2.51324389408359e-90 2.78706914683207e-103 4.03305651261189e-117 7.61147592401244e-132 1.87268180011057e-147 6.00429613256736e-164 2.50801178068871e-181 1.36443248663652e-199 9.66564765810026e-219 8.91416594037151e-239 1.07010537229959e-259 1.67187092954899e-281 3.39900087953372e-304 0 0 0 0 0 0 0 0 0 0 0 0 0 0 0 0 0 0 0 0 0 0 0 0 0 0 0
3 4 0 0 1 1.15806328125783e-29 3.58108278855329e-152 0 0 0 0 0 0 0 0 0 0 0 0 0 0 0 0 0 0 0 0 0 0 0 0 0 0 0 0 0 0 0 0 0 0 0 0 0 0 0 0 0 0 0 0 0 0 0 0 0 0 0 0 0 0 0 0
3 10 0 0 0 0 0 0 0.00371564798943482 0.177226984751783 0.622210523835216 0.192419907191848 0.00442106598488201 5.86985217035148e-06 3.94664809389967e-10 1.2688338774895e-15 1.89798069879236e-22 1.30166171309767e-30 4.05718264741594e-40 5.71531218065179e-51 3.62492310796893e-63 1.03237448720026e-76 1.31765803121706e-91 7.52579220624624e-108 1.92127363611569e-125 2.19039445089255e-144 1.11439117645808e-164 2.52859745031722e-186 2.55762960217579e-209 1.15275138282092e-233 2.31433079735142e-259 2.06909698960379e-286 8.23557071506077e-315 0 0 0 0 0 0 0 0 0 0 0 0 0 0 0 0 0 0 0 0 0 0 0 0 0 0 0 0 0 0
4 3 0 0 0.999999999999999 2.23274844680632e-17 8.36249610908611e-93 1.37504826604286e-230 0 0 0 0 0 0 0 0 0 0 0 0 0 0 0 0 0 0 0 0 0 0 0 0 0 0 0 0 0 0 0 0 0 0 0 0 0 0 0 0 0 0 0 0 0 0 0 0 0 0 0 0 0 0 0
4 5 0 0 0 0 0.0137010812995618 0.179195656521159 0.486668325281776 0.284497244183457 0.0350733501614203 0.000860369348811213 3.96988738843593e-06 3.31593649885446e-09 4.89922482615227e-13 1.26283052134214e-17 5.63043323158363e-23 4.31813656314137e-29 5.67487633910096e-36 1.27452464423474e-43 4.88213679097296e-52 3.18486233870735e-61 3.5341689068133e-71 6.66504597308306e-82 2.13461720311958e-93 1.16032276922349e-105 1.0699559967201e-118 1.67302741613656e-132 4.43445237817594e-147 1.99181472454906e-162 1.51572458963079e-178 1.95370678359407e-195 4.26465442888418e-213 1.5762373007446e-231 9.86300404443098e-251 1.0446974926226e-270 1.87290492663414e-291 5.68250991926312e-313 0 0 0 0 0 0 0 0 0 0 0 0 0 0 0 0 0 0 0 0 0 0 0 0 0
4 8 0 0 0 0 0 0.00836089708690887 0.168598809073966 0.527246056219864 0.273042781924779 0.0224847572745832 0.000266280521983285 4.17815099606208e-07 8.28134819156414e-11 2.02047892092974e-15 5.9800330134822e-21 2.12823687932685e-27 9.05605500076225e-35 4.58974731064129e-43 2.76302871119866e-52 1.97179356524936e-62 1.66556992118191e-73 1.66335391169297e-85 1.96213533334928e-98 2.73197563530363e-112 4.4871309080713e-127 8.68941941518322e-143 1.98319053865306e-159 5.33260515172353e-177 1.6888374700254e-195 6.29796283656086e-215 2.76491277439567e-235 1.42872786133325e-256 8.68824885115084e-279 6.21679024904356e-302 0 0 0 0 0 0 0 0 0 0 0 0 0 0 0 0 0 0 0 0 0 0 0 0 0 0 0
5 1 0 0 0 0 0 0.000371631120131595 0.0115583380473003 0.113520494709808 0.359775365549557 0.373378904853351 0.126957576551355 0.013947844192833 0.000484614191325819 5.21369080316327e-06 1.70767093243818e-08 1.68216296686325e-11 4.94155098631405e-15 4.30385102664574e-19 1.10682128385136e-23 8.38019575886543e-29 1.86403339326069e-34 1.21610975636743e-40 2.32417938631955e-47 1.29992616309094e-54 2.12608055686507e-62 1.01619422624709e-70 1.41867449151598e-79 5.78241189812415e-89 6.87854843933556e-99 2.38732425023817e-109 2.41678274483799e-120 7.13470535627155e-132 6.14101895357809e-144 1.54083250131439e-156 1.12682064752704e-169 2.40148585985252e-183 1.49134874288045e-197 2.69839811721699e-212 1.42239103481724e-227 2.18414205341284e-243 9.76917790724767e-260 1.27268221537457e-276 4.82879871228692e-294 5.33568540761395e-312 0 0 0 0 0 0 0 0 0 0 0 0 0 0 0 0 0
5 4 0 0 0 0 0.00593965659696038 0.0932470891772855 0.376354182986496 0.402086633032924 0.11389582488654 0.00832482021630123 0.000151133094425518 6.59333558439086e-07 6.7534912185448e-10 1.5999157615546e-13 8.68208268662223e-18 1.07240999234359e-22 3.00220396089291e-28 1.89909082150423e-34 2.70843871031033e-41 8.69444714577605e-49 6.27427367830079e-57 1.01683751308993e-65 3.69795578913624e-75 3.01588487094124e-85 5.51291669692807e-96 2.25772576810333e-107 2.07073247653124e-119 4.25210657115103e-132 1.95431955628828e-145 2.01001038128409e-159 4.6251468500984e-174 2.38068244167277e-189 2.740687750577e-205 7.05571466828028e-222 4.06156729385257e-239 5.22722245215557e-257 1.50394295351171e-275 9.6724696676847e-295 1.39044965854555e-314 0 0 0 0 0 0 0 0 0 0 0 0 0 0 0 0 0 0 0 0 0 0
5 7 0 0 0.99999525695346 4.74304654071041e-06 6.1172693193403e-39 1.66624540118921e-103 6.65396675746364e-200 0 0 0 0 0 0 0 0 0 0 0 0 0 0 0 0 0 0 0 0 0 0 0 0 0 0 0 0 0 0 0 0 0 0 0 0 0 0 0 0 0 0 0 0 0 0 0 0 0 0 0 0 0 0
6 7 0 0 0 0.999999997283414 2.71658571967564e-09 9.16267305761286e-57 1.87282978351862e-147 1.67367088881224e-281 0 0 0 0 0 0 0 0 0 0 0 0 0 0 0 0 0 0 0 0 0 0 0 0 0 0 0 0 0 0 0 0 0 0 0 0 0 0 0 0 0 0 0 0 0 0 0 0 0 0 0 0 0
6 17 0 0 0.820337342838763 0.179662655518543 1.64269422302082e-09 4.79775484086842e-28 2.42788195008838e-57 1.88805351387815e-97 2.16085140318477e-148 3.56611105540316e-210 8.39150021798868e-283 0 0 0 0 0 0 0 0 0 0 0 0 0 0 0 0 0 0 0 0 0 0 0 0 0 0 0 0 0 0 0 0 0 0 0 0 0 0 0 0 0 0 0 0 0 0 0 0 0 0
7 5 0 0 0.0309206149549013 0.522089842804474 0.430539938950263 0.0164317253243948 1.78775356600938e-05 4.30306377105945e-10 2.08833597012124e-16 1.96520032916058e-24 3.51656065693232e-34 1.18342067492889e-45 7.43888999992716e-59 8.69505390113634e-74 1.88398773987836e-90 7.55004706727819e-109 5.58676864145927e-129 7.62353041423574e-151 1.91647200879744e-174 8.86859237543634e-200 7.54977026762835e-227 1.1817096304246e-255 3.39934947371621e-286 1.79649679812565e-318 0 0 0 0 0 0 0 0 0 0 0 0 0 0 0 0 0 0 0 0 0 0 0 0 0 0 0 0 0 0 0 0 0 0 0 0 0
7 6 0 0 0 0.00103707124563351 0.0657686394344349 0.464656297806317 0.419868556433014 0.0480651327974885 0.000603569186726213 7.33015973001015e-07 8.04114034207134e-11 7.70064450689917e-16 6.32215357267502e-22 4.40308861669962e-29 2.58427403502446e-37 1.27263077634646e-46 5.24227913847628e-57 1.8023108780413e-68 5.16312837831248e-81 1.23089160644147e-94 2.43960792223443e-109 4.01671181566097e-125 5.49027505167738e-142 6.2267645811093e-160 5.85715060971392e-179 4.56779877927789e-199 2.9524964789184e-220 1.58131510850513e-242 7.01608357244811e-266 2.57829266552855e-290 7.84613102893079e-316 0 0 0 0 0 0 0 0 0 0 0 0 0 0 0 0 0 0 0 0 0 0 0 0 0 0 0 0 0 0
7 8 0 0 0 0 0 0 0 0 0 0 0.00220674379115093 0.0932768481147346 0.495766990264619 0.370321508904901 0.0379575656860864 0.000469713845263693 6.29307329582249e-07 8.59137317153509e-11 1.15852588910253e-15 1.51723483166566e-21 1.91067065163245e-28 2.29919306320831e-36 2.63265728740908e-45 2.85997418961145e-55 2.94135996079747e-66 2.85927237146349e-78 2.62391030007105e-91 2.27095676204825e-105 1.85225209923368e-120 1.4228232713711e-136 1.02881696441528e-153 6.99964131874369e-172 4.47927565195479e-191 2.69526573985999e-211 1.52455733526678e-232 8.10469139012442e-255 4.04850618664835e-278 1.89996020195527e-302 0 0 0 0 0 0 0 0 0 0 0 0 0 0 0 0 0 0 0 0 0 0 0
7 15 0 0 0 0 0 0.499955787448246 0.499955787448246 8.84251034764879e-05 3.19117382783735e-14 1.1580627113349e-29 3.67129081075452e-51 9.6804073944787e-79 2.07549430866712e-112 3.57413080496784e-152 4.9071478152535e-198 5.3458295716339e-250 4.60576055861594e-308 0 0 0 0 0 0 0 0 0 0 0 0 0 0 0 0 0 0 0 0 0 0 0 0 0 0 0 0 0 0 0 0 0 0 0 0 0 0 0 0 0 0 0 0
8 4 0 0 0 0 0 1 6.39190711251852e-58 4.25352156012525e-284 0 0 0 0 0 0 0 0 0 0 0 0 0 0 0 0 0 0 0 0 0 0 0 0 0 0 0 0 0 0 0 0 0 0 0 0 0 0 0 0 0 0 0 0 0 0 0 0 0 0 0 0 0
8 7 0 0 0 0 0 0 0 0 0 0 0.000767952850583228 0.0021858793863269 0.00553048250986593 0.0124379928950399 0.0248652429488346 0.044186975655696 0.0698004810354657 0.0980139406262063 0.122344548715241 0.135753199986533 0.133901313692759 0.117405603878526 0.091508459676342 0.063401654015234 0.039048526583708 0.021378171073457 0.0104038654227097 0.0045006266772885 0.00173061526890889 0.000591523432607074 0.000179713751172831 4.85313233623213e-05 1.16489688223609e-05 2.48524936685341e-06 4.71261342756547e-07 7.94245702150003e-08 1.18970882424853e-08 1.58383708752441e-09 1.87393869286697e-10 1.97045321268168e-11 1.84133764367524e-12 1.52914211992088e-13 1.12849557569031e-14 7.40082079021011e-16 4.31298892313166e-17 2.23349841342146e-18 1.02776131894419e-19 4.20231625692814e-21 1.52674203355876e-22 4.92848893925723e-24 1.41359162600262e-25 3.60236073808758e-27 8.15632763423702e-29 1.64073215485427e-30 2.93229597148833e-32 4.65582579051148e-34 6.56744371820581e-36 8.22998113452118e-38 9.16213094174318e-40 9.06111973052548e-42 8.00075774439281e-44
8 9 0 0 0 0.661538106051846 0.33846186358789 3.03602642897924e-08 1.04060163412921e-25 6.3232920065377e-54 5.94530703229326e-93 8.25082085680586e-143 1.65361466764039e-203 4.72963813035578e-275 0 0 0 0 0 0 0 0 0 0 0 0 0 0 0 0 0 0 0 0 0 0 0 0 0 0 0 0 0 0 0 0 0 0 0 0 0 0 0 0 0 0 0 0 0 0 0 0 0
9 8 0 0 0 0.00951290955474091 0.381811003337819 0.572197709653246 0.0364221617607844 5.62141882426329e-05 1.50516691314643e-09 6.22099213126181e-16 3.7885606861024e-24 3.32431436037065e-34 4.1512267274309e-46 7.32216426072653e-60 1.8153922404525e-75 6.30541953098625e-93 3.06075611522446e-112 2.07273838550746e-133 1.95558094481419e-156 2.56783609940181e-181 4.68875936814619e-208 1.1897526161739e-236 4.1930053445899e-267 2.05147877808826e-299 0 0 0 0 0 0 0 0 0 0 0 0 0 0 0 0 0 0 0 0 0 0 0 0 0 0 0 0 0 0 0 0 0 0 0 0 0
9 10 0 0 0 0 0 0.000329635741836382 0.0118922825818527 0.124281575560025 0.386498412097348 0.364153250553618 0.103839142771661 0.00878930010128261 0.000214916985686421 1.48078375129798e-06 2.82147042907852e-09 1.4676381228738e-12 2.06616815837421e-16 7.82666404500234e-21 7.94500725125821e-26 2.15509024409553e-31 1.55873001952258e-37 3.00136159740664e-44 1.53664756769174e-51 2.08987072865552e-59 7.5442904510737e-68 7.22435211228622e-77 1.83415868428961e-86 1.23408739548209e-96 2.19972848953346e-107 1.03842044503044e-118 1.2979093680533e-130 4.29421865555485e-143 3.76016743902882e-156 8.71242018226316e-170 5.34088743650165e-184 8.66109979006106e-199 3.71506298529918e-214 4.21450836438327e-230 1.26436984115388e-246 1.00302283803247e-263 2.10389288984672e-281 1.16676211936307e-299 1.71060348559615e-318 0 0 0 0 0 0 0 0 0 0 0 0 0 0 0 0 0 0
9 14 0 0 0 0 0 0 0.00287905335595599 0.015726967354925 0.0573841811896057 0.139952913417641 0.228259580198676 0.24903288619298 0.181755426068239 0.0887239285012899 0.0289561022604213 0.00631430321332572 0.000919330406250582 8.92912129425241e-05 5.78018947190082e-06 2.49155384837071e-07 7.14495938119365e-09 1.36193248718278e-10 1.72420338493566e-12 1.44870163046698e-14 8.07306636426539e-17 2.982013307733e-19 7.29732547572785e-22 1.18249560617942e-24 1.26835265654806e-27 9.00181094384913e-31 4.2260337594955e-34 1.3119877616456e-37 2.6928701188299e-41 3.65340196390904e-45 3.27562690935363e-49 1.94059187880253e-53 7.59543759452241e-58 1.96378180494142e-62 3.35354879489083e-67 3.78217321057119e-72 2.8168428623393e-77 1.38526007627372e-82 4.49794468812228e-88 9.64230159826486e-94 1.36459437090471e-99 1.27484558078535e-105 7.86175973349881e-112 3.20014073318021e-118 8.59777698219201e-125 1.5245906550808e-131 1.7842424949615e-138 1.37807500978055e-145 7.02418776525844e-153 2.36271086178097e-160 5.24450017863453e-168 7.68184210514511e-176 7.42478420757061e-184 4.7353231204489e-192 1.99275310511802e-200 5.53333306608358e-209 1.01381350371782e-217
9 15 0 0 0 0 0.0031337414096882 0.228542984756772 0.665685908657767 0.10209325592244 0.000544039791695155 6.94614539372683e-08 1.8423345842094e-13 9.60271529617508e-21 9.58452215980634e-30 1.80649101740707e-40 6.37637454146052e-53 4.1923882918151e-67 5.11588576102853e-83 1.1556655836096e-100 4.82361814689619e-120 3.71467852271055e-141 5.27224761453386e-164 1.3778962159594e-188 6.62640537628859e-215 5.8604543802048e-243 9.52731961610772e-273 2.84593196762254e-304 0 0 0 0 0 0 0 0 0 0 0 0 0 0 0 0 0 0 0 0 0 0 0 0 0 0 0 0 0 0 0 0 0 0 0
9 16 0 0 0 0 0 0 0 0 0.00112739370153755 0.0748813038538351 0.499018409667436 0.38988777024049 0.0347860256402141 0.000298880631617544 2.1625256498054e-07 1.23047481864885e-11 5.3253366070749e-17 1.72233664258077e-23 4.12029311553272e-31 7.2439947301573e-40 9.31970525437866e-50 8.74776107236003e-61 5.9774677146304e-73 2.9686338383061e-86 1.07022079617468e-100 2.79797098167185e-116 5.30063224444261e-133 7.27197859623165e-151 7.22092338882818e-170 5.18753308205461e-190 2.69525403055784e-211 1.01245510446571e-233 2.74900124521771e-257 5.39384897504453e-282 7.64648573575177e-308 0 0 0 0 0 0 0 0 0 0 0 0 0 0 0 0 0 0 0 0 0 0 0 0 0 0
10 3 0 0 0 0 0 0 0.000204610000745008 0.0136982779213069 0.179158991297745 0.486568748075378 0.284439033202112 0.0350661738032177 0.000860193308638112 3.96907510977442e-06 3.31525802508496e-09 4.89822239575692e-13 1.26257213358823e-17 5.62928118863592e-23 4.31725302921597e-29 5.67371520264898e-36 1.27426386374633e-43 4.88113785696052e-52 3.18421068402185e-61 3.53344578051063e-71 6.66368223802182e-82 2.13418043909206e-93 1.16008535558082e-105 1.06973707302281e-118 1.6726850979957e-132 4.43354504487154e-147 1.99140717933679e-162 1.51541445722138e-178 1.95330703564763e-195 4.26378183793831e-213 1.57591478682932e-231 9.8609859751661e-251 1.04448373706786e-270 1.87252171155571e-291 5.68134721876866e-313 0 0 0 0 0 0 0 0 0 0 0 0 0 0 0 0 0 0 0 0 0 0
10 9 0 0 0 0 0 0.00951354755615276 0.154615021756656 0.486220719296417 0.309587312411296 0.0391393156704268 0.00092030277660079 3.77793634023591e-06 2.59582021346589e-09 2.91214546120642e-13 5.2571272552328e-18 1.51358566526917e-23 6.91009348692844e-30 4.98285583699186e-37 5.6596080586979e-45 1.01047683725252e-53 2.83161410706746e-63 1.24393284476666e-73 8.55877173251325e-85 9.21625202620785e-97 1.55225391216213e-109 4.08714561789381e-123 1.68168959964427e-137 1.08090589486251e-152 1.08496818145477e-168 1.70028769610056e-185 4.15918712765767e-203 1.5877860587979e-221 9.45802013648087e-241 8.78960191787149e-261 1.27421377796871e-281 2.88117213267547e-303 0 0 0 0 0 0 0 0 0 0 0 0 0 0 0 0 0 0 0 0 0 0 0 0 0
10 11 0 0 0 0 0 0 4.93040877976191e-05 0.00152288064223044 0.0203467430273036 0.118569468066715 0.303594319754661 0.343155322041367 0.171336149883206 0.0376543728788831 0.00361797169571197 0.000150745504568175 2.70167085380022e-06 2.06793990179194e-08 6.72106282816344e-11 9.23332643025289e-14 5.34299165576912e-17 1.29885982230898e-20 1.32375559754659e-24 5.64726645617135e-29 1.0072090563165e-33 7.50288765149962e-39 2.33251550626427e-44 3.0243427492072e-50 1.63463108372997e-56 3.68129656348242e-63 3.45314139033876e-70 1.34872921578071e-77 2.19288526852911e-85 1.48384204131757e-93 4.17785264208077e-102 4.89368822706631e-111 2.38435255857013e-120 4.83166360327158e-130 4.07157670665375e-140 1.4266636886042e-150 2.0784131051022e-161 1.25879747192005e-172 3.16927336339611e-184 3.31674988382604e-196 1.44273670897368e-208 2.60829925634417e-221 1.9597495134618e-234 6.11920937517489e-248 7.94003081883206e-262 4.28117785548766e-276 9.59184238493327e-291 8.92941905121406e-306 3.4090529563046e-321 0 0 0 0 0 0 0 0
10 13 0 0 0 0 0.00213495009898339 0.124411888825544 0.589597890464553 0.272719754160503 0.0111038451318743 3.16658102408124e-05 5.50824700138237e-09 5.48885008998831e-14 3.04119283655884e-20 9.22149547888575e-28 1.51597990262986e-36 1.3432075206129e-46 6.38876987446971e-58 1.62665866526704e-70 2.2125400192391e-84 1.6052142383156e-99 6.20450862487579e-116 1.27646739024273e-133 1.39674224034132e-152 8.12388914743276e-173 2.51036171447639e-194 4.11957830508114e-217 3.58890080379445e-241 1.65933202828245e-266 4.07059299534235e-293 5.18768928133309e-321 0 0 0 0 0 0 0 0 0 0 0 0 0 0 0 0 0 0 0 0 0 0 0 0 0 0 0 0 0 0 0
11 2 0 0 0 0 0.999855511571101 0.000144488428898888 4.74054644915824e-29 1.00751556439422e-77 9.48112822580456e-151 3.61762287714711e-248 0 0 0 0 0 0 0 0 0 0 0 0 0 0 0 0 0 0 0 0 0 0 0 0 0 0 0 0 0 0 0 0 0 0 0 0 0 0 0 0 0 0 0 0 0 0 0 0 0 0 0
11 10 0 0 0 0 0 0 0.00856495091799501 0.161829202086061 0.512614436953561 0.288583918420752 0.0279784014163104 0.000428131267616332 9.5863776867769e-07 2.99921742335578e-10 1.277852567667e-14 7.30648007496621e-20 5.556909243193e-26 5.58948412805867e-33 7.40692840973457e-41 1.28955501080537e-49 2.94376564610911e-59 8.79771243413922e-70 3.43820078552629e-81 1.75544562017018e-93 1.17008508446055e-106 1.01756110858392e-120 1.15398852893396e-135 1.70592958018428e-151 3.2861566212232e-168 8.24621264933166e-186 2.69494439310244e-204 1.14677705802266e-223 6.35271538032743e-244 4.5805608811497e-265 4.29826426509286e-287 5.24839414393234e-310 0 0 0 0 0 0 0 0 0 0 0 0 0 0 0 0 0 0 0 0 0 0 0 0 0
11 12 0 0 0 0.0384057442193385 0.666458295772665 0.292923369006393 0.00221246340002548 1.27601535659083e-07 4.27599709883898e-14 7.63048965548416e-23 6.99295324811818e-34 3.23189517819084e-47 7.45490195745559e-63 8.52741852969715e-81 4.81648414034226e-101 1.33933324737716e-123 1.8296108880289e-148 1.22586480370461e-175 4.02351316610324e-205 6.46291638213817e-237 5.07665805590641e-271 1.9488701778185e-307 0 0 0 0 0 0 0 0 0 0 0 0 0 0 0 0 0 0 0 0 0 0 0 0 0 0 0 0 0 0 0 0 0 0 0 0 0 0 0
12 11 0 0 0 0.455608359191783 0.543755456595409 0.000636184185081784 2.77254857484425e-11 2.32647531671644e-23 3.2662150018756e-40 7.30147218529622e-62 2.54012103865477e-88 1.35827527281369e-119 1.10806979936486e-155 1.37243052174553e-196 2.57227946410748e-242 7.27816510335471e-293 0 0 0 0 0 0 0 0 0 0 0 0 0 0 0 0 0 0 0 0 0 0 0 0 0 0 0 0 0 0 0 0 0 0 0 0 0 0 0 0 0 0 0 0 0
12 23 0 0 0 0 0.00257885487507033 0.0385701855006436 0.205726143346731 0.396823433830067 0.278645916491269 0.070968665970937 0.00647609503760918 0.000208368196357567 2.32782241116591e-06 8.91729531379147e-09 1.16042538717208e-11 5.09538442787903e-15 7.51319948056131e-19 3.70730736719756e-23 6.10629304139419e-28 3.35088492660727e-33 6.11753380744434e-39 3.71141529243802e-45 7.47587190133917e-52 4.99610553809677e-59 1.10711919841712e-66 8.13092358531659e-75 1.97830079340493e-83 1.59405516782098e-92 4.25252216664785e-102 3.75503127108871e-112 1.09726227941761e-122 1.06085393985617e-133 3.39295003838052e-145 3.58932737855592e-157 1.25576002848759e-169 1.45280934078134e-182 5.55743865694849e-196 7.02853942725443e-210 2.93862436720469e-224 4.0614333348379e-239 1.85541707906449e-254 2.80158691137139e-270 1.3981143274273e-286 2.30587147005175e-303 1.25986739689518e-320 0 0 0 0 0 0 0 0 0 0 0 0 0 0 0 0
13 10 0 0 0 0 0.0164982204300711 0.167772171377892 0.443566096091121 0.311690409390006 0.0577162179070334 0.00272520061758629 3.15968326226552e-05 8.72973408085041e-08 5.63174997285439e-11 8.37341145304986e-15 2.84528689494381e-19 2.19731496138508e-24 3.84180853930595e-30 1.51659569565269e-36 1.34903251800873e-43 2.69981976444507e-51 1.21422100809918e-59 1.22605504149726e-68 2.77747148474109e-78 1.41076521496399e-88 1.60586642113915e-99 4.09480784871143e-111 2.33816590645193e-123 2.98886139301975e-136 8.55094792217427e-150 5.47400560066292e-164 7.83963097646296e-179 2.51138164873266e-194 1.79925435375794e-210 2.88256150304822e-227 1.03257235997786e-244 8.26938890276787e-263 1.4804614808706e-281 5.92455013096807e-301 5.26179912820928e-321 0 0 0 0 0 0 0 0 0 0 0 0 0 0 0 0 0 0 0 0 0 0
13 14 0 0 0 0 0 0.0012331908528107 0.0787156522735271 0.505640857673336 0.381367091893036 0.0327725764802438 0.000270443180294466 1.87636522048153e-07 1.02299478858524e-11 4.24056108506835e-17 1.31333465279618e-23 3.00821655932458e-31 5.06343634433439e-40 6.23634382350871e-50 5.60360046479368e-61 3.66535791567814e-73 1.74250673280382e-86 6.01314906301921e-101 1.50479129523479e-116 2.728727526584e-133 3.58327717991058e-151 3.40574758347105e-170 2.34190707849414e-190 1.16464921719849e-211 4.18750959115909e-234 1.08827291864894e-257 2.04382162183833e-282 2.77323124340965e-308 0 0 0 0 0 0 0 0 0 0 0 0 0 0 0 0 0 0 0 0 0 0 0 0 0 0 0 0 0
13 22 0 0 0 0 0.377315165871773 0.622391271642253 0.000293562485643693 3.29950020994648e-13 3.81380230521613e-28 3.87616914965713e-49 3.2855783468474e-76 2.26762393173371e-109 1.2580408605754e-148 5.56728861971395e-194 1.95552750130524e-245 5.43356992402642e-303 0 0 0 0 0 0 0 0 0 0 0 0 0 0 0 0 0 0 0 0 0 0 0 0 0 0 0 0 0 0 0 0 0 0 0 0 0 0 0 0 0 0 0 0 0
14 9 0 0 0 0 0 0 0.96547705296516 0.0345229470346635 1.76174932106204e-13 2.08607543104973e-37 3.59597752055993e-74 8.15262489382208e-124 2.33947750697954e-186 8.34089079159098e-262 0 0 0 0 0 0 0 0 0 0 0 0 0 0 0 0 0 0 0 0 0 0 0 0 0 0 0 0 0 0 0 0 0 0 0 0 0 0 0 0 0 0 0 0 0 0 0
14 13 0 0 0 0 0 0.999999999999854 0 0 0 0 0 0 0 0 0 0 0 0 0 0 0 0 0 0 0 0 0 0 0 0 0 0 0 0 0 0 0 0 0 0 0 0 0 0 0 0 0 0 0 0 0 0 0 0 0 0 0 0 0 0 0
14 18 0 0 0 0.308376647022344 0.685412242767031 0.0062110912166432 1.89939810087175e-08 9.48174055077461e-18 6.59730617137292e-31 6.05890424182336e-48 7.16512558696267e-69 1.07671781075326e-93 2.03984208983763e-122 4.84729028100092e-155 1.43980949384e-191 5.33266489375898e-232 2.45826340663535e-276 0 0 0 0 0 0 0 0 0 0 0 0 0 0 0 0 0 0 0 0 0 0 0 0 0 0 0 0 0 0 0 0 0 0 0 0 0 0 0 0 0 0 0 0
14 21 0 0 0 0.999999999999997 3.09540008239202e-15 1.48853974722926e-87 3.24178055138801e-222 0 0 0 0 0 0 0 0 0 0 0 0 0 0 0 0 0 0 0 0 0 0 0 0 0 0 0 0 0 0 0 0 0 0 0 0 0 0 0 0 0 0 0 0 0 0 0 0 0 0 0 0 0 0
15 7 0 0 0 0 0 0.000234392792409543 0.00485681922424678 0.0447700422248284 0.184951201138344 0.344445132874793 0.290039339754214 0.110332350973362 0.0188779819980723 0.00144309116908078 4.89132637580291e-05 7.2980984375886e-07 4.76349793633298e-09 1.35321875801312e-11 1.66649521028626e-14 8.86947402829199e-18 2.03527121368534e-21 2.00994671826714e-25 8.53035484730394e-30 1.55411547800347e-34 1.21435227631796e-39 4.06665511329228e-45 5.83316600230883e-51 3.58206170743329e-57 9.41338281680598e-64 1.05825952753509e-70 5.0879707556737e-78 1.04590736358368e-85 9.19058437268864e-94 3.4515305572191e-102 5.53894025739964e-111 3.79773201549964e-120 1.11236743249419e-129 1.39170892609708e-139 7.43669550355301e-150 1.69708224556248e-160 1.65379226649926e-171 6.88147546796636e-183 1.22257396143373e-194 9.27331039882806e-207 3.00286643773383e-219 4.15103491471869e-232 2.4494882674635e-245 6.16984240029052e-259 6.63338374340323e-273 3.04398473951916e-287 5.96185315852046e-302 4.98351665318919e-317 0 0 0 0 0 0 0 0 0
15 9 0 0 0 0 0.0431832496801248 0.622680013318793 0.329072451238649 0.00506307289229154 1.21286662886137e-06 3.51276997656878e-12 1.12865314517861e-19 3.87969813056239e-29 1.40094058013213e-40 5.25892630232357e-54 2.03898476684481e-69 8.13024555080132e-87 3.32404230891349e-106 1.39047187678699e-127 5.94139657809495e-151 2.59004695230173e-176 1.15079610252559e-203 5.20744867236819e-233 2.39836595480986e-264 1.12368945998252e-297 0 0 0 0 0 0 0 0 0 0 0 0 0 0 0 0 0 0 0 0 0 0 0 0 0 0 0 0 0 0 0 0 0 0 0 0 0
15 16 0 0 0.841344700589752 0.158655299408968 1.27981291074592e-12 6.11716615305397e-39 8.52722641755888e-81 3.05669806962492e-138 2.69525768382003e-211 5.72567747941194e-300 0 0 0 0 0 0 0 0 0 0 0 0 0 0 0 0 0 0 0 0 0 0 0 0 0 0 0 0 0 0 0 0 0 0 0 0 0 0 0 0 0 0 0 0 0 0 0 0 0 0 0
15 17 0 0 0 0.0538297614317825 0.787513024070803 0.158503342405518 0.000153871839149723 2.52747164237583e-10 5.42015478487821e-19 1.40120586948587e-30 4.22321334514533e-45 1.45905137485962e-62 5.72209591815417e-83 2.53191596428413e-106 1.25889085770829e-132 7.01353213631929e-162 4.3691627406212e-194 3.03878599869335e-229 2.35681699085711e-267 2.03643203616869e-308 0 0 0 0 0 0 0 0 0 0 0 0 0 0 0 0 0 0 0 0 0 0 0 0 0 0 0 0 0 0 0 0 0 0 0 0 0 0 0 0 0
16 9 0 0 0 0 0 0 0 0 5.66951127842655e-05 0.00135769603891834 0.0157593451593012 0.0891382787029162 0.246844051347281 0.335750233382263 0.224544958365932 0.0737374137251739 0.0118484477414789 0.00092709677020576 3.51363484251633e-05 6.41661312944249e-07 5.62043854748531e-09 2.35214132686543e-11 4.68827890334655e-14 4.43940809043128e-17 1.99310990768577e-20 4.23590304684517e-24 4.25622197302604e-28 2.01989873827857e-32 4.52386163582175e-37 4.77832326308795e-42 2.37898028011807e-47 5.58030009428297e-53 6.16466488832109e-59 3.2063111794523e-65 7.84920495119088e-72 9.04202526564902e-79 4.90044860160343e-86 1.24927349244883e-93 1.4978277391411e-101 8.44477475608704e-110 2.23862946047723e-118 2.78994908754794e-127 1.63450893730461e-136 4.50107963659424e-146 5.82572113634063e-156 3.54368270485173e-166 1.01298628105058e-176 1.36072360009221e-187 8.58875426301564e-199 2.54719763326173e-210 3.54933836001355e-222 2.32362556706906e-234 7.1466414584365e-247 1.03261720104123e-259 7.00912486039103e-273 2.23491975564269e-286 3.34750576383664e-300 2.35521423902439e-314 0 0 0
16 15 0 0 0.206471181261742 0.765398123373029 0.0281289220580417 1.77330709836488e-06 8.95009378512905e-14 3.03087443356201e-24 6.48659367018675e-38 8.54199602151339e-55 6.82420552016463e-75 3.27992078847288e-98 9.4334791660804e-125 1.61772744789957e-154 1.64987071985914e-187 9.98821878522896e-224 3.58428139777641e-263 7.6157751927027e-306 0 0 0 0 0 0 0 0 0 0 0 0 0 0 0 0 0 0 0 0 0 0 0 0 0 0 0 0 0 0 0 0 0 0 0 0 0 0 0 0 0 0 0
16 18 0 0 0.137598473133841 0.811516353918913 0.0508787766101993 6.39633638050331e-06 6.66214028853407e-13 4.70151675502323e-23 2.10509992668978e-36 5.81086017744597e-53 9.74160374566289e-73 9.83173735944098e-96 5.94044989492157e-122 2.14075235973633e-151 4.58902738062033e-184 5.84036454133123e-220 4.40646036879323e-259 1.96870431008766e-301 0 0 0 0 0 0 0 0 0 0 0 0 0 0 0 0 0 0 0 0 0 0 0 0 0 0 0 0 0 0 0 0 0 0 0 0 0 0 0 0 0 0 0
17 6 0 0 0.630513262316637 0.369479393357155 7.34432620770325e-06 3.93035634354627e-17 2.99616151371284e-35 2.85902048420961e-60 3.26129660398196e-92 4.35248529841066e-131 6.71656005871112e-177 1.18993120001055e-229 2.40904184506186e-289 0 0 0 0 0 0 0 0 0 0 0 0 0 0 0 0 0 0 0 0 0 0 0 0 0 0 0 0 0 0 0 0 0 0 0 0 0 0 0 0 0 0 0 0 0 0 0 0
17 15 0 0 0 0.330864951763899 0.668672711085941 0.000462337149342371 8.1767811007876e-13 1.50187471087448e-27 2.43232116154118e-48 3.28900623248076e-75 3.62331434829844e-108 3.20961815416153e-147 2.26837257701354e-192 1.27263969952065e-243 5.64857408482225e-301 0 0 0 0 0 0 0 0 0 0 0 0 0 0 0 0 0 0 0 0 0 0 0 0 0 0 0 0 0 0 0 0 0 0 0 0 0 0 0 0 0 0 0 0 0 0
17 19 0 0 0 0 0.021135665033881 0.374437579005846 0.537614604932831 0.066264221458888 0.000547683556910535 2.46006194304739e-07 5.44926950163928e-12 5.70167701107639e-18 2.758080384602e-25 6.09427397872473e-34 6.10585239056972e-44 2.76048305322227e-55 5.61300816616903e-68 5.12086784812109e-82 2.09248486550564e-97 3.82444675628054e-114 3.12326170264921e-132 1.13873144012632e-151 1.85232343557677e-172 1.34356021622757e-194 4.34355440042476e-218 6.25628025862005e-243 4.01356527447468e-269 1.14648539360576e-296 0 0 0 0 0 0 0 0 0 0 0 0 0 0 0 0 0 0 0 0 0 0 0 0 0 0 0 0 0 0 0 0 0
18 14 0 0 0 1 6.22115760608027e-16 2.75381597041898e-89 5.46138606415824e-225 0 0 0 0 0 0 0 0 0 0 0 0 0 0 0 0 0 0 0 0 0 0 0 0 0 0 0 0 0 0 0 0 0 0 0 0 0 0 0 0 0 0 0 0 0 0 0 0 0 0 0 0 0 0
18 16 0 0 0.158655012758594 0.839995088822826 0.00134989841730079 1.27981291074621e-12 1.91066012221089e-28 3.6709672684057e-51 8.52722639698719e-81 2.33063767446151e-117 7.38948313369531e-161 2.69525088272559e-211 1.12491110180014e-268 0 0 0 0 0 0 0 0 0 0 0 0 0 0 0 0 0 0 0 0 0 0 0 0 0 0 0 0 0 0 0 0 0 0 0 0 0 0 0 0 0 0 0 0 0 0 0 0
18 19 0 0 0 0 0.0329013273405291 0.505608772929046 0.440424440231626 0.0210291781668351 3.62795495121219e-05 1.7824500092512e-09 2.27618075144795e-15 7.26607942029316e-23 5.68602723130965e-32 1.07876489778419e-42 4.92814578361385e-55 5.39660332396305e-69 1.41214747043116e-84 8.81015301489037e-102 1.30828464112805e-120 4.61827577543869e-141 3.87152100397343e-163 7.70125677831338e-187 3.6327883277226e-212 4.06151161022554e-239 1.07575656757976e-267 6.74775352689037e-298 0 0 0 0 0 0 0 0 0 0 0 0 0 0 0 0 0 0 0 0 0 0 0 0 0 0 0 0 0 0 0 0 0 0 0
19 17 0 0 0 0 0.00125123628555423 0.0245293264609706 0.164988882257277 0.387084054242647 0.319719799078057 0.0927661668937415 0.00933656303159845 0.000320276807878715 3.68094741204485e-06 1.39775008478809e-08 1.73557883511717e-11 6.9953388057426e-15 9.10474933556359e-19 3.81254414502986e-23 5.12249822430321e-28 2.20394905746401e-33 3.03190464808274e-39 1.33202792301384e-45 1.86720453159299e-52 8.34502727772915e-60 1.18838602692092e-67 5.38969243052049e-76 7.7815458858875e-85 3.57528391739895e-94 5.22598417811403e-104 2.42955774001005e-114 3.59163163362947e-125 1.68802227821429e-136 2.52181507209467e-148 1.19738169811444e-160 1.80667233014371e-173 8.66169697160867e-187 1.31934459769694e-200 6.38417372893118e-215 9.81309349338498e-230 4.79103216235685e-245 7.42923953405158e-261 3.65868224266327e-277 5.72196778422853e-294 2.84173749784151e-311 0 0 0 0 0 0 0 0 0 0 0 0 0 0 0 0 0
19 18 0 0 0 0 0.00591164484061809 0.321063895630213 0.620482234280641 0.0524299458829353 0.000112275125381643 4.24020824609353e-09 2.48663371544063e-15 2.15438366174068e-23 2.69305124347557e-33 4.79468629873599e-45 1.20637834362558e-58 4.2679721569831e-74 2.11580211247831e-91 1.46613734052104e-110 1.41752747129297e-131 1.90962051823846e-154 3.58060816384595e-179 9.33668702990069e-206 3.38344341536611e-234 1.70299428982798e-264 1.1900232106246e-296 0 0 0 0 0 0 0 0 0 0 0 0 0 0 0 0 0 0 0 0 0 0 0 0 0 0 0 0 0 0 0 0 0 0 0 0
19 20 0 0 0 0 0 0 0.0187591042948051 0.606755332791487 0.371221454915669 0.00326395522963993 1.5276837106122e-07 2.73882233012747e-14 1.70378723364658e-23 3.53472768730114e-35 2.39831062294768e-49 5.26378694755862e-66 3.7119266730038e-85 8.37289901829088e-107 6.0226640277321e-131 1.37839072785049e-157 1.00209363693861e-186 2.31125159762694e-218 1.68950665439405e-252 3.91115170206577e-289 0 0 0 0 0 0 0 0 0 0 0 0 0 0 0 0 0 0 0 0 0 0 0 0 0 0 0 0 0 0 0 0 0 0 0 0 0
19 21 0 0 0 0 0 0.136672769037205 0.824283025424291 0.0390422779369961 1.92760146958663e-06 3.82555011022052e-14 2.49006346056661e-25 4.97791224454475e-40 2.97008448969286e-58 5.2106450619324e-80 2.66452019905945e-105 3.94948897581924e-134 1.69056699700171e-166 2.08423582999659e-202 7.38661146025272e-242 7.51441556141152e-285 0 0 0 0 0 0 0 0 0 0 0 0 0 0 0 0 0 0 0 0 0 0 0 0 0 0 0 0 0 0 0 0 0 0 0 0 0 0 0 0 0
20 19 0 0 0 0 0 0 0.158654398212944 0.838365835521331 0.00297976622556485 4.0160046684701e-11 5.91718292563563e-25 7.79354474942446e-45 8.61771007412401e-71 7.7844049946141e-103 5.66282038856272e-141 3.28978861707192e-185 1.51812527422037e-235 5.54473161441885e-292 0 0 0 0 0 0 0 0 0 0 0 0 0 0 0 0 0 0 0 0 0 0 0 0 0 0 0 0 0 0 0 0 0 0 0 0 0 0 0 0 0 0 0
20 21 0 0 0.0688911017340477 0.652187280533171 0.27495746504634 0.00396299699760853 1.15568334529889e-06 5.48838106200265e-12 3.92790085307326e-19 4.09624734292646e-28 6.11833519155814e-39 1.29594213499976e-51 3.86846769510824e-66 1.62065580864427e-82 9.50125191407139e-101 7.77846916523713e-121 8.87862545746075e-143 1.41126873610319e-166 3.12085511384695e-192 9.59418208076367e-220 4.09775075945722e-249 2.43033754679057e-280 2.00072890831484e-313 0 0 0 0 0 0 0 0 0 0 0 0 0 0 0 0 0 0 0 0 0 0 0 0 0 0 0 0 0 0 0 0 0 0 0 0 0 0
20 23 0 0 0 0.00888296764549871 0.432228734984712 0.53985203972432 0.019027573855815 8.68375415158361e-06 3.55026628626053e-11 1.15793713450133e-18 2.87913865411891e-28 5.33958360692136e-40 7.29755771671822e-54 7.29600365098437e-70 5.31069130605239e-88 2.80508807110364e-108 1.07262407662268e-130 2.96412114570931e-155 5.9117316736452e-182 8.50069937807387e-211 8.80560741067703e-242 6.5666083114406e-275 3.52342212708875e-310 0 0 0 0 0 0 0 0 0 0 0 0 0 0 0 0 0 0 0 0 0 0 0 0 0 0 0 0 0 0 0 0 0 0 0 0 0 0
21 14 0 0 0 0.630558094340578 0.369441857446315 4.82131074474125e-08 2.48997093485242e-25 2.28937592819669e-53 3.26090089265619e-92 6.85915412035687e-142 2.08415878325047e-202 9.03884529757091e-274 0 0 0 0 0 0 0 0 0 0 0 0 0 0 0 0 0 0 0 0 0 0 0 0 0 0 0 0 0 0 0 0 0 0 0 0 0 0 0 0 0 0 0 0 0 0 0 0 0
21 19 0 0 0 0 0 1 2.86056813439963e-60 2.45004816877263e-289 0 0 0 0 0 0 0 0 0 0 0 0 0 0 0 0 0 0 0 0 0 0 0 0 0 0 0 0 0 0 0 0 0 0 0 0 0 0 0 0 0 0 0 0 0 0 0 0 0 0 0 0 0
21 20 0 0 0.962279801061192 0.0377201989388063 1.52747481499399e-17 6.84066269037783e-52 1.88458340112788e-105 2.85427184987146e-178 2.28114937274068e-270 0 0 0 0 0 0 0 0 0 0 0 0 0 0 0 0 0 0 0 0 0 0 0 0 0 0 0 0 0 0 0 0 0 0 0 0 0 0 0 0 0 0 0 0 0 0 0 0 0 0 0 0
21 22 0 0 0 0 8.81306588917166e-05 0.00612124979524121 0.0994401368457507 0.394350339374289 0.394350339374289 0.0994401368457507 0.00612124979524121 8.81306588917166e-05 2.86446427646991e-07 2.05194492424488e-10 3.19078591118093e-14 1.06675642348186e-18 7.61984362879746e-24 1.15796027724334e-29 3.73256511417572e-36 2.54647700921591e-43 3.67096724043303e-51 1.11682244367019e-59 7.16346081868449e-69 9.67955425351843e-79 2.75362490792071e-89 1.64832851481018e-100 2.07531139395716e-112 5.49369342148605e-125 3.05669758258986e-138 3.57381581360585e-152 8.77817307315782e-167 4.52878965206767e-182 4.90671533367405e-198 1.11625673444449e-214 5.33142588798246e-232 5.34535836096603e-250 1.12491102896598e-268 4.96850802107435e-288 4.60535433023179e-308 0 0 0 0 0 0 0 0 0 0 0 0 0 0 0 0 0 0 0 0 0 0
22 13 0 0 0 0 0.691438815043375 0.308560332989877 8.51966748950749e-07 5.87378247203754e-20 5.38121649920243e-41 5.7740416038704e-70 6.93625006438355e-107 9.13332689272934e-152 1.30303780068254e-204 2.00010006157764e-265 0 0 0 0 0 0 0 0 0 0 0 0 0 0 0 0 0 0 0 0 0 0 0 0 0 0 0 0 0 0 0 0 0 0 0 0 0 0 0 0 0 0 0 0 0 0 0
22 21 0 0 0 0 0.139855445921564 0.766703618798562 0.093341298911374 9.9635900506005e-05 4.67994108788647e-10 7.97966663363592e-18 4.62595014018557e-28 8.85759586768233e-41 5.51756768501872e-56 1.10825296163895e-73 7.13740999404093e-94 1.46826069377154e-116 9.62195093053117e-142 2.00479446801797e-169 1.32611956034106e-199 2.78168021385406e-232 1.8486467907103e-267 3.88965120602624e-305 0 0 0 0 0 0 0 0 0 0 0 0 0 0 0 0 0 0 0 0 0 0 0 0 0 0 0 0 0 0 0 0 0 0 0 0 0 0 0
22 23 0 0 0.0316442416942557 0.809700311956871 0.158598086218783 5.73601206401832e-05 9.44949554500078e-12 5.27193363240247e-22 9.14367131262157e-36 4.76066952702342e-53 7.31139946190182e-74 3.27928201497918e-98 4.26874027676977e-126 1.60608065227876e-157 1.74151898637568e-192 5.43091796049391e-231 4.86320166287682e-273 1.24904735925126e-318 0 0 0 0 0 0 0 0 0 0 0 0 0 0 0 0 0 0 0 0 0 0 0 0 0 0 0 0 0 0 0 0 0 0 0 0 0 0 0 0 0 0 0
23 12 0 0 0 0 1.00000000000022 7.61985579993063e-24 3.06109458154088e-138 0 0 0 0 0 0 0 0 0 0 0 0 0 0 0 0 0 0 0 0 0 0 0 0 0 0 0 0 0 0 0 0 0 0 0 0 0 0 0 0 0 0 0 0 0 0 0 0 0 0 0 0 0 0
23 20 0 0 0 0.991801159569461 0.00819884043053794 2.23274844680632e-17 2.58758763285734e-47 8.36210916940021e-93 6.8519380628049e-154 1.37257352898484e-230 0 0 0 0 0 0 0 0 0 0 0 0 0 0 0 0 0 0 0 0 0 0 0 0 0 0 0 0 0 0 0 0 0 0 0 0 0 0 0 0 0 0 0 0 0 0 0 0 0 0 0
23 22 0 0 0.999968328681457 3.16713185427286e-05 1.51597990367264e-36 1.60521704204325e-99 2.5105372342001e-194 5.26179912820928e-321 0 0 0 0 0 0 0 0 0 0 0 0 0 0 0 0 0 0 0 0 0 0 0 0 0 0 0 0 0 0 0 0 0 0 0 0 0 0 0 0 0 0 0 0 0 0 0 0 0 0 0 0 0
