0 1 0 0 0.999999999999999 2.92996703127401e-17 8.67759003002158e-33 2.55457231419571e-44 1.34152372302269e-53 2.00098442729643e-61 3.15386998225137e-68 2.89243777693629e-74 1.04525521213058e-79 1.13649241998536e-84 3.05907520104738e-89 1.76158107900784e-93 1.93968395570653e-97 3.73836503932111e-101 1.17475626372815e-104 5.68072378808911e-108 4.02966036157127e-111 4.02850138734407e-114 5.5750287064537e-117
0 2 0 0.00268092901474579 0.950940387898158 0.0463429810741751 3.56853992177604e-05 1.66031967054356e-08 1.04959791827409e-11 1.04299946030781e-14 1.62359813357799e-17 3.80770666440851e-20 1.28690790757993e-22 6.01398973554405e-25 3.74749642560893e-27 3.01801543386951e-29 3.05845138013869e-31 3.81194880667333e-33 5.72952868635721e-35 1.02103544577203e-36 2.12571997128217e-38 5.10409856314113e-40 1.42952445790596e-41
1 0 0 0 0.127549019595702 0.791487373308441 0.0789908018224365 0.00193125748726589 4.05403075436687e-05 9.77537180163869e-07 2.8848033167785e-08 1.04502339044991e-09 4.58226450799049e-11 2.38901092352909e-12 1.45523085387162e-13 1.01935072687257e-14 8.09690321300998e-16 7.20485558021794e-17 7.10629347968211e-18 7.69786367658038e-19 9.08474735911832e-20 1.15986935987678e-20 1.71992809615176e-21
1 5 0 0.0533820701305356 0.946588505797683 2.94239131841339e-05 1.58518853308533e-10 5.01718697605468e-15 6.57703560177663e-19 2.51195484710335e-22 2.18653061671166e-25 3.65715239479704e-28 1.04023997559158e-30 4.59798942531266e-33 2.94931193131838e-35 2.60304115220497e-37 3.03047017686461e-39 4.49777387236738e-41 8.27562554776835e-43 1.84429730176538e-44 4.88211650792086e-46 1.5098422217946e-47 5.49147624168194e-49
2 0 0 0.999999990774508 9.22542154833119e-09 5.86250622517626e-24 5.59759649500695e-35 1.07764048416246e-43 5.7549123806067e-51 3.04624853152026e-57 8.7311123765249e-63 9.19817826928936e-68 2.73461475971048e-72 1.89930040849042e-76 2.67872356772799e-80 6.89294157874523e-84 2.97606387538556e-87 2.01648380848923e-90 2.03083355476138e-93 2.90699416276469e-96 5.69749048789858e-99 1.48151169108926e-101 5.08732850016506e-104
2 3 0 0.0533228153641173 0.94242724706536 0.00424917904082478 7.58365039658034e-07 1.64590106562324e-10 6.72423888672203e-14 5.15275543080158e-17 6.87820982343999e-20 1.48122496229763e-22 4.81506355226951e-25 2.2359846726979e-27 1.41751904057446e-29 1.18179681508597e-31 1.25609689684024e-33 1.65833673009571e-35 2.66039685473899e-37 5.08992600866769e-39 1.14283465389677e-40 2.96974856156258e-42 9.02046317587188e-44
2 11 0 0.198936961502491 0.793628176747782 0.00741579258876247 1.89966478592981e-05 7.20519785380482e-08 4.56558460191291e-10 4.56329868753077e-12 6.69848159296354e-14 1.35831691251233e-15 3.62222581927381e-17 1.22142292414338e-18 5.04679809800128e-20 2.49090394780288e-21 1.43817845086066e-22 9.546718976591e-24 7.1807186302555e-25 6.04516361188315e-26 5.63646228598899e-27 5.76804044149346e-28 6.75428996173229e-29
3 2 0 0.999999999204865 8.01683707296232e-10 8.77737366528997e-23 9.74503479773156e-32 1.06860227708396e-38 1.89466218958501e-44 2.21839979413122e-49 1.02661075058642e-53 1.35830504908948e-57 4.12987147663162e-61 2.47141364522803e-64 2.59685340331474e-67 4.39314072760075e-70 1.11837334728278e-72 4.06020133487407e-75 2.01266587897475e-77 1.31444807119551e-79 1.09786543716819e-81 1.14371508008814e-83 1.49306333038986e-85
3 4 0.27610431759036 0.723893106068247 2.57632584780685e-06 1.58336684988862e-11 8.30124782679699e-16 1.95166405820126e-19 1.34594911225792e-22 2.08249568420985e-25 6.05163817337656e-28 2.91861184235907e-30 2.13588091138154e-32 2.21787273845041e-34 3.10340585326663e-36 5.61879712945934e-38 1.27409854792462e-39 3.52357575954806e-41 1.16264962582868e-42 4.49383152626656e-44 2.00324430892105e-45 1.01632184774367e-46 5.92141104507998e-48
3 10 0 0 0.0262848996931295 0.897232604246239 0.0761443836762534 0.000337305924785726 8.04418498393183e-07 2.03450406381785e-09 6.56312794642124e-12 2.81767761054448e-14 1.60469307275245e-16 1.1906036835709e-18 1.12588936057795e-20 1.32782057893325e-22 1.91411485286187e-24 3.31233583711974e-26 6.77128148284571e-28 1.61219883795233e-29 4.41506110410818e-31 1.37534470818883e-32 4.92795383825129e-34
4 3 1.00000000000064 4.93113179164225e-17 1.89468437483878e-44 2.15871815080529e-59 4.40436524981599e-70 1.58630466637674e-78 1.47740261944928e-85 1.31063035976571e-91 6.13407261590001e-97 1.03518632826181e-101 4.85435985322057e-106 5.24796856620372e-110 1.13856806340385e-113 4.45850259998046e-117 2.90029743899363e-120 2.93326362388014e-123 4.3708088625709e-126 9.1800020136676e-129 2.61912473409795e-131 9.83965892393399e-134 4.85627574709934e-136
4 5 0 0.212093949785879 0.778458186682299 0.00941065220075865 3.69965078120408e-05 2.12815304930719e-07 1.97923487504507e-09 2.81210771572059e-11 5.70602549347823e-13 1.5615558373675e-14 5.50570341119708e-16 2.41150651106891e-17 1.27446032928195e-18 7.93739255723649e-20 5.71405593152387e-21 4.67910560493889e-22 4.30027687116122e-23 4.38534945941539e-24 4.91434071289089e-25 6.00128069804148e-26 8.52062945616609e-27
4 8 0 2.70698226294408e-05 0.83199076461651 0.166541962733815 0.00143027196554068 9.83773588979986e-06 9.1874702918319e-08 1.22755519987431e-09 2.27750910800387e-11 5.62813272392246e-13 1.78242709156394e-14 7.00123423662146e-16 3.31916587678812e-17 1.85684380746743e-18 1.20297270399102e-19 8.88443332463683e-21 7.38100747956371e-22 6.82004820295988e-23 6.94089532943705e-24 7.71510209021844e-25 9.85717552259068e-26
5 1 0 1.24888595870293e-13 0.19630504849154 0.764025175798117 0.0393539724800261 0.000314069932579454 1.72313669916549e-06 1.00884187801343e-08 7.18436807964943e-11 6.43389473065617e-13 7.24094368666476e-15 1.01130876530127e-16 1.72464996720466e-18 3.5323413841398e-20 8.5544528870079e-22 2.41495181473692e-23 7.84618560598374e-25 2.90059412236699e-26 1.20775884011597e-27 5.6131483229026e-29 2.94544954690782e-30
5 4 0 0.226574985189523 0.773235887256854 0.00018912342235917 4.1310919059501e-09 1.94677631019915e-13 2.38417898962932e-17 6.7314148392637e-21 3.8222304784736e-24 3.89325780889636e-27 6.49573365866573e-30 1.65210507632306e-32 6.04825389994061e-35 3.04291717274177e-37 2.02568001577149e-39 1.72926611895242e-41 1.84405843642888e-43 2.40260941165447e-45 3.75297348864783e-47 6.91492924042617e-49 1.51802044527737e-50
5 7 0.226488529105614 0.773498026392039 1.34442129723707e-05 2.89455627306856e-10 4.02888927923517e-14 2.12019783408833e-17 2.9152143261013e-20 8.26742208219585e-23 4.12983142104608e-25 3.25438379054003e-27 3.73413873114038e-29 5.87485208180208e-31 1.20997686142649e-32 3.14546620927837e-34 1.00230022096598e-35 3.82237714965896e-37 1.71041454476464e-38 8.83294598716042e-40 5.19103350315621e-41 3.43035362271842e-42 2.58598904109603e-43
6 7 0 0.999947702858587 5.22971562302072e-05 4.98205589958774e-11 7.24130675613697e-16 6.80694738560977e-20 2.33522417077791e-23 2.06891107917718e-26 3.79227497928927e-29 1.23723851227054e-31 6.45588702260149e-34 4.97909522014307e-36 5.34565477090286e-38 7.62472091141609e-40 1.39215483722653e-41 3.15743435386478e-43 8.6783127476422e-45 2.8317744568832e-46 1.07816019004957e-47 4.71967037206944e-49 2.39276411028619e-50
6 17 0.694360259138497 0.305639678759626 6.21122027959998e-08 2.67071941947471e-13 1.50862129812904e-17 4.36608637108624e-21 3.89307903730833e-24 7.92656562162419e-27 3.04337512111127e-29 1.9347474570492e-31 1.8563091248247e-33 2.5100268163167e-35 4.53984194607027e-37 1.05448663923388e-38 3.04494110006146e-40 1.0646883896597e-41 4.41128564199712e-43 2.12699198355522e-44 1.17547767100023e-45 7.34991673130649e-47 5.49742489551675e-48
7 5 0.999840289750469 0.000159710252742104 1.5057043164142e-26 2.1651195142626e-41 1.19288570584531e-52 7.93263026696082e-62 1.25338365283752e-69 1.91200108112302e-76 1.61657353085561e-82 5.24225896670156e-88 5.03873385061969e-93 1.18943225494469e-97 5.9843928970594e-102 5.75077297183046e-106 9.6778244509509e-110 2.65960196370032e-113 1.12719181824401e-116 7.02604399960907e-120 6.1894950366828e-123 7.45001351786431e-126 1.21082167882883e-128
7 6 0 0.989599473282227 0.0104004153368357 1.11377129401997e-07 3.52166123997263e-12 4.24249612824533e-16 1.47944214044756e-19 1.18412908160921e-22 1.83708451863581e-25 4.88519588587821e-28 2.03217023761481e-30 1.23351374660457e-32 1.03493914942857e-34 1.14975815864546e-36 1.63361079235424e-38 2.88529458296787e-40 6.18693140720041e-42 1.57902379089124e-43 4.71648481852669e-45 1.62518211557888e-46 6.51119710996289e-48
7 8 0 0 0 0.999999999999033 9.66676898577464e-13 5.55826918074779e-31 1.10209016496985e-43 1.38529656297571e-53 8.86409298781324e-62 8.21407684275487e-69 5.34769535437113e-75 1.54814395279116e-80 1.46302676008922e-85 3.62393173448926e-90 2.0012051153618e-94 2.17834761135087e-98 4.24631800225399e-102 1.37335460878063e-105 6.92755241716913e-109 5.179955122013e-112 5.5825351907173e-115
7 15 0 0.0144759624752404 0.984328898329818 0.00119500508560898 1.3406580416215e-07 4.35071433534493e-11 3.8257201605247e-14 7.38419832444268e-17 2.64984561343717e-19 1.56605692048895e-21 1.39422165513371e-23 1.74858482039729e-25 2.93426329834283e-27 6.32718356504522e-29 1.69740130936998e-30 5.51846175783634e-32 2.12771952635167e-33 9.5550601613596e-35 4.92222119860516e-36 2.87119568841747e-37 1.91738787027374e-38
8 4 0 0.999999988879775 1.11203761484145e-08 5.38522101297988e-33 1.13580371357205e-47 1.72363022369886e-58 3.54347865530428e-67 1.7226743568872e-74 7.7728723610983e-81 1.85122460268062e-86 1.60930661537236e-91 3.95560714305961e-96 2.28547903231154e-100 2.70340190802506e-104 5.88628595098262e-108 2.16987253128665e-111 1.26632385031938e-114 1.10767965267585e-117 1.38803826719885e-120 2.39922597936591e-123 5.65091950368639e-126
8 7 0 0 0 1.08069364805794e-09 0.0308996770354884 0.565594147983102 0.356567509755449 0.0440395526547801 0.00275819008931848 0.000134469750233622 6.14940213782884e-06 2.87185734205414e-07 1.42503445759614e-08 7.64919656837345e-10 4.47305696820462e-11 2.85377394104130e-12 1.98343576376729e-13 1.49730059431034e-14 1.22319036191578e-15 1.07710432090437e-16 1.05292257657945e-17
8 9 0 0.924532146405446 0.0754463636849071 2.14818226143303e-05 8.31436240826984e-09 7.61248722776251e-12 1.47478567988565e-14 5.24941673837006e-17 3.06494261112264e-19 2.69248693579994e-21 3.33169467618471e-23 5.51774520119824e-25 1.17474720455946e-26 3.11306626621894e-28 1.00018722825442e-29 3.81250664466609e-31 1.69323963471604e-32 8.6292627532146e-34 4.98111232051716e-35 3.22047724821327e-36 2.47834503862004e-37
9 8 0 0.944812527036019 0.0551744167819102 1.3051184492765e-05 4.99279036402332e-09 4.75552909123247e-12 9.76817068527168e-15 3.71421430369733e-17 2.32266712916627e-19 2.1860984826565e-21 2.89591376163578e-23 5.12737856555465e-25 1.16515616500584e-26 3.28987253293168e-28 1.1242378553151e-29 4.55009065190547e-31 2.14204843315124e-32 1.15526936808192e-33 7.04632901771772e-35 4.8066654607185e-36 3.72526487017594e-37
9 10 0 0.021746804894529 0.97558261505631 0.00266943077422368 1.14802451132991e-06 1.24723428545806e-09 3.17827862172106e-12 1.58174425396568e-14 1.33335118848571e-16 1.71665594748589e-18 3.12884696374651e-20 7.62623871680106e-22 2.37939030038312e-23 9.1823129270552e-25 4.26447396075398e-26 2.3309747903741e-27 1.47232331451375e-28 1.05832060511319e-29 8.54622437511291e-31 7.66829826143825e-32 7.87894655714257e-33
9 14 0 0 0.805919547971174 0.193891905858684 0.000188401854240197 1.44108401078051e-07 2.06942645647273e-10 5.56503930101608e-13 2.55264763919841e-15 1.82794500892432e-17 1.90173121520021e-19 2.71551748376575e-21 5.08751496745534e-23 1.20626171877286e-24 3.51526779921337e-26 1.2292176781548e-27 5.05580982551566e-29 2.40530718974664e-30 1.30496818689821e-31 7.97629019225209e-33 5.56069415471202e-34
9 15 0 0.993812851719136 0.00618714825447873 2.66092575179933e-11 2.70521807949012e-18 4.34261402297733e-24 4.78333500088025e-29 2.1404694282501e-33 2.7825044894546e-37 8.38289752344221e-41 4.99075836072068e-44 5.22438879308277e-47 8.80377432110005e-50 2.23020656554018e-52 8.04490170212734e-55 3.95554227317327e-57 2.55767064824418e-59 2.11115764399744e-61 2.16962201626911e-63 2.7178495960529e-65 4.18105924783485e-67
9 16 0 0 2.3902024328672e-15 0.00717491435407135 0.384515743647564 0.474887458463481 0.116809083266061 0.0149492966352535 0.0015063607762624 0.000142086921710826 1.35433663130305e-05 1.35085638633499e-06 1.43209181652105e-07 1.62353811629118e-08 1.97081849074191e-09 2.558684698171e-10 3.54430140650019e-11 5.22272778541338e-12 8.16083658997298e-13 1.34789132687618e-13 2.66548437060621e-14
10 3 0 0 0.0121870922996142 0.806681658795178 0.178248737369572 0.00285933611319882 2.2997631377958e-05 1.76211386636516e-07 1.56246919034985e-09 1.69719724923063e-11 2.27994615617069e-13 3.75890554947681e-15 7.50339635222496e-17 1.78654014545393e-18 5.0002232274966e-20 1.62297644993906e-21 6.03469100241761e-23 2.54237313122956e-24 1.20169926317137e-25 6.31704548644627e-27 3.73854519362698e-28
10 9 0 4.72348396701607e-08 0.276133228690498 0.630473918138846 0.0878561591534807 0.00524358756681734 0.000276312879192228 1.56577335830498e-05 1.00734643312919e-06 7.43268095069937e-08 6.26077878253702e-09 5.96458233226634e-10 6.36070002455463e-11 7.51723536651169e-12 9.75561211315409e-13 1.37885840108465e-13 2.10706560068048e-14 3.45873810148747e-15 6.06385030762476e-16 1.12969623226391e-16 2.64714183426519e-17
10 11 0 0 0.9999999999957 4.30017022568615e-12 2.77496918197939e-23 1.1305943432915e-31 1.87112667166947e-38 3.45099375385875e-44 3.50726295659149e-49 1.28044379103437e-53 1.26822195143596e-57 2.80427871447188e-61 1.20193150074083e-64 8.9817820424568e-68 1.07848417686237e-70 1.95113026982488e-73 5.05045096145423e-76 1.79315894871427e-78 8.43300355878467e-81 5.10165565566383e-83 3.97411309416208e-85
10 13 0 0.0310702499862079 0.894528742077648 0.0735595341790524 0.000832587837940633 8.76383215902313e-06 1.19818010720559e-07 2.2131306712847e-09 5.40868551709591e-11 1.69434243002397e-12 6.59866464488358e-14 3.11068079286684e-15 1.73523505311268e-16 1.12376665861442e-17 8.31415746849922e-19 6.93201424950655e-20 6.43792508959502e-21 6.59383355664384e-22 7.38387290504494e-23 8.97265205148808e-24 1.26029561728208e-24
11 2 0 0.930843423332997 0.0691565744902935 2.17671239724729e-09 2.31186312448306e-16 2.55414357829816e-22 1.70292558993996e-27 4.43202557349716e-32 3.32953970990542e-36 5.84168403148656e-40 2.05341908613711e-43 1.28985649510152e-46 1.32647794021986e-49 2.08528122483035e-52 4.74399982825973e-55 1.49389731659446e-57 6.2773472528931e-60 3.41374545795084e-62 2.34143703400297e-64 1.98146093646901e-66 2.08407340849305e-68
11 10 0 0 0.770270393593069 0.229575804023292 0.000153740240064909 6.20855162958871e-08 4.64420690203426e-11 6.7145593951217e-14 1.72170239973168e-16 7.15572878891855e-19 4.47038237845422e-21 3.95109725426102e-23 4.70678849745299e-25 7.26782901411362e-27 1.40910396375589e-28 3.34163146549128e-30 9.48355298866239e-32 3.16229384714838e-33 1.21975808936258e-34 5.37003205769973e-36 2.72079181045065e-37
11 12 0 0.99987069641152 0.000129303587513063 9.66676802085383e-13 9.43261178604987e-20 9.5495395976312e-26 5.55814688125641e-31 1.22291853321972e-35 7.62923256502549e-40 1.10177229973651e-43 3.17701537967708e-47 1.63695369634107e-50 1.38350020449684e-53 1.79298298562059e-56 3.37549322874081e-59 8.83297433227125e-62 3.09774362157496e-64 1.41219325982639e-66 8.15521290328362e-69 5.83562519939949e-71 5.21102239949238e-73
12 11 0 1 4.33371641716274e-55 2.05464161997486e-84 1.56097621526483e-104 3.8903623656762e-120 5.33820704940309e-133 5.31049566016794e-144 1.19421635460213e-153 2.9069969967407e-162 4.65918944925639e-170 3.45585125686252e-177 9.14884889576217e-184 7.09692598165992e-190 1.38346417060114e-195 5.99860307634285e-201 5.2413702984752e-206 8.51050605472525e-211 2.40053843567526e-215 1.11142434929188e-219 8.04395157238824e-224
12 23 0 0.0483699135199292 0.928077235160292 0.023495138891056 5.75619731884061e-05 1.49864059289553e-07 5.87914769742158e-10 3.530504663248e-12 3.10710224213177e-14 3.81322525291462e-16 6.24236890319366e-18 1.31297320961123e-19 3.43951518506744e-21 1.09358064792945e-22 4.12997683495844e-24 1.81931779860587e-25 9.20566065425069e-27 5.28057161990212e-28 3.39527569203239e-29 2.42314675140748e-30 1.9538526574735e-31
13 10 0 0.999949727319325 5.0272680015321e-05 6.93338251849852e-13 1.33333912075216e-18 3.9546889221622e-23 6.53289932410667e-27 3.53717578927247e-30 4.59402468487004e-33 1.17146221064102e-35 5.11529766843514e-38 3.46841618247548e-40 3.39610726143786e-42 4.54290392794428e-44 7.94945206627127e-46 1.75768890157034e-47 4.77447719640123e-49 1.55674403085092e-50 5.97600765483882e-52 2.65714283987594e-53 1.37691420309519e-54
13 14 0 0.000184490309616823 0.968669549724162 0.0311208263840861 2.51084397606519e-05 2.50956317197822e-08 4.65908922110121e-11 1.54415956101028e-13 8.37238382317807e-16 6.86120211694228e-18 7.96939405771741e-20 1.24648651027011e-21 2.52012223491574e-23 6.37224634074889e-25 1.96154147044017e-26 7.18901909251101e-28 3.07918196463052e-29 1.51733864213241e-30 8.48808330304203e-32 5.32885450366099e-33 3.96604543777435e-34
13 22 0 0.999999998653276 3.48596098287209e-10 1.81077206186125e-13 2.29887944138203e-15 9.75804495672267e-17 7.96929696781023e-18 9.87048071409734e-19 1.63485922584781e-19 3.35887407885433e-20 8.15256242341422e-21 2.26048634328568e-21 6.98916930888917e-22 2.36672477515109e-22 8.65720761426962e-23 3.38390253602129e-23 1.40123731220873e-23 6.10388753447753e-24 2.78090210131412e-24 1.3187088178346e-24 1.66760912850086e-24
14 9 0 0 0.991558080975302 0.00844179006650481 1.28951696732698e-07 6.53222174545893e-12 1.24067192121729e-15 6.60164979815188e-19 7.80688477418018e-22 1.73889206735043e-24 6.4750887063316e-27 3.69083546825959e-29 3.01225206527949e-31 3.34216417697334e-33 4.83841163342549e-35 8.84190256756636e-37 1.98516347941528e-38 5.3542783298154e-40 1.70245173230957e-41 6.28025742271091e-43 2.70514853585257e-44
14 13 0 0.000708536617307673 0.999040292200261 0.000251170846493279 3.36522309765677e-10 1.52834736706993e-15 2.81955954365521e-20 1.65386889264095e-24 2.46219810407464e-28 7.82504149118208e-32 4.65879845347642e-35 4.70312423273612e-38 7.45044213131674e-41 1.74200200630126e-43 5.7224654592777e-46 2.5369589784951e-48 1.46820167512791e-50 1.0787018274012e-52 9.82712352722173e-55 1.08798281589817e-56 1.47653897039238e-58
14 18 0 0.999977157773537 2.28422237118548e-05 2.75414153963171e-12 6.79421168008505e-18 1.40783822689473e-22 1.29274288953827e-26 3.55134051578555e-30 2.26457336218862e-33 2.81946283223968e-36 6.0585828269432e-39 2.05119093900967e-41 1.02076378969178e-43 7.07309489658152e-46 6.53629094705158e-48 7.77889832304541e-50 1.15848969113506e-51 2.10794418496095e-53 4.59262454748393e-55 1.17772632238841e-56 3.58064385152308e-58
14 21 0 0.999997482988398 2.51701160169659e-06 2.34983418888238e-15 9.37850447853101e-23 5.86262985798526e-29 2.56387281526528e-34 4.7304529240518e-39 2.64801056454123e-43 3.58764288904706e-47 1.00081624655747e-50 5.09931523907757e-54 4.3308762549141e-57 5.70843392281618e-60 1.10304543902632e-62 2.98356260217887e-65 1.08747822372033e-67 5.17456335346956e-70 3.12952530500619e-72 2.35148592897886e-74 2.2095988718899e-76
15 7 0 6.80774463139193e-05 0.95073823423919 0.049136980694558 5.66381800236659e-05 6.92925548189065e-08 1.46821475393796e-10 5.34560952699879e-13 3.11004629192083e-15 2.69234723188316e-17 3.26719594551178e-19 5.29579536156998e-21 1.10275984188957e-22 2.85811566842992e-24 8.98359451414141e-26 3.35150872306103e-27 1.45752458266271e-28 7.27695370248053e-30 4.11704528454693e-31 2.61010200759098e-32 1.96222010654028e-33
15 9 0 0.553694753903745 0.44609638550731 0.000208792134357957 6.83941890645319e-08 5.62637092608353e-11 1.04847878962073e-13 3.75849383422277e-16 2.27642752970307e-18 2.11466235101416e-20 2.80187776599097e-22 5.00963367111547e-24 1.15761528894799e-25 3.34080090446285e-27 1.17129469804465e-28 4.87738251605479e-30 2.36735163247813e-31 1.31842190824829e-32 8.31308198803577e-34 5.86708428363255e-35 4.71322567762545e-36
15 16 0.998120496109595 0.00187950390097894 8.16659569147507e-15 3.77955609125486e-22 1.17067248609368e-27 3.98499229740055e-32 6.5194641770612e-36 3.25982980025132e-39 3.77679528589533e-42 8.44583823974437e-45 3.20934623644742e-47 1.88887006268124e-49 1.60601080062432e-51 1.86938548961795e-53 2.85506395222139e-55 5.52932139877503e-57 1.32054021458099e-58 3.80031494013206e-60 1.29259567556543e-61 5.11156185588215e-63 2.36414987823007e-64
15 17 0 0.999997529606293 2.47039344499811e-06 2.99923733572693e-13 1.15670240416401e-18 4.02761904963348e-23 6.21244890115766e-27 2.81155100128552e-30 2.88295186563147e-33 5.63306338969252e-36 1.85653267166916e-38 9.43851815763804e-41 6.91837125273825e-43 6.93801806300767e-45 9.13171074380382e-47 1.52541828527508e-48 3.14635253154984e-50 7.83231609591087e-52 2.30835377993466e-53 7.92439423345193e-55 3.18898811830837e-56
16 9 0 0 5.89754146453263e-19 0.00684020074472901 0.532290270411936 0.419258824624947 0.0399390554298061 0.00162059745353261 4.95660531104327e-05 1.43994475833543e-06 4.38237391784599e-08 1.45726948422626e-09 5.38435982378293e-11 2.22116956544592e-12 1.02198152013164e-13 5.2247183777271e-15 2.95284189423318e-16 1.83474978131176e-17 1.24640805895738e-18 9.2078283521199e-20 7.55165255409878e-21
16 15 0.977523535858963 0.0224764641410693 2.95542575589666e-16 2.59614062908071e-26 4.46313499755973e-34 1.83193412080582e-40 6.34138967028445e-46 1.02579710593914e-50 5.36112762492121e-55 7.06964895996658e-59 1.97591902350888e-62 1.02994870626402e-65 9.08809341564774e-69 1.25911157325966e-71 2.58024552786433e-74 7.4527532506857e-77 2.91641122635046e-79 1.49614689683439e-81 9.7877438642326e-84 7.97573307524297e-86 8.14431242444929e-88
16 18 1.00000000000297 1.82070189687708e-66 4.19827285628853e-194 7.16888480677871e-265 9.3845810457259e-316 0 0 0 0 0 0 0 0 0 0 0 0 0 0 0 0
17 6 0.0170422278874527 0.98241525922499 0.000542486535103996 2.63481797572963e-08 4.30840354472718e-12 2.12353366581171e-15 2.47907251863114e-18 5.69611598112008e-21 2.25308058759411e-23 1.3910363948532e-25 1.24566650323454e-27 1.52944530286944e-29 2.4637378035152e-31 5.02694476519035e-33 1.2625944500487e-34 3.81299867956675e-36 1.35769763891889e-37 5.60660071620618e-39 2.64757925297911e-40 1.41255457129732e-41 8.60249493652726e-43
17 15 0 0.816246523077163 0.183724129625273 2.93447068190463e-05 2.59026160255653e-09 4.8428526830258e-13 2.00361046791632e-16 1.64945443144029e-19 2.4223301276216e-22 5.79357292538039e-25 2.09803639358327e-27 1.08529972821389e-29 7.65261363933246e-32 7.0800596584732e-34 8.32917050316587e-36 1.2138321238255e-37 2.14370164139729e-39 4.5031354336319e-41 1.10730933942846e-42 3.1436404167477e-44 1.04018863551653e-45
17 19 0 0.965584854004305 0.0344150450425203 1.00951174126523e-07 2.09930683894025e-12 2.65046362600636e-16 1.19691380464369e-19 1.37418176009311e-22 3.21662978117905e-25 1.3218216734883e-27 8.57749277376082e-30 8.1315175358046e-32 1.06174168508481e-33 1.8240371603844e-35 3.97612162540971e-37 1.06801084747861e-38 3.45105551034087e-40 1.31499049472642e-41 5.81035694793173e-43 2.93498081435622e-44 1.70905012966671e-45
18 14 0 0.997376676046208 0.00262332303185832 9.22486434387584e-10 1.46167630244493e-15 1.34919099556829e-20 4.97551960008496e-25 5.38824654646124e-29 1.37286111196928e-32 7.01023064248767e-36 6.37066724572666e-39 9.41490982696017e-42 2.10958295041735e-44 6.77966166374717e-47 2.98812441335e-49 1.74116849705879e-51 1.30112215498411e-53 1.21544504488272e-55 1.38893339436869e-57 1.90589881197982e-59 3.1701215893824e-61
18 16 0.320884637596487 0.67911536053122 1.87680872970973e-09 1.31348105692063e-17 2.80800791866665e-24 6.41040515017661e-30 7.93350760633903e-35 3.48137730090234e-39 4.09307276466978e-43 1.06150859309046e-46 5.27618550854378e-50 4.52468976584671e-53 6.1751185539829e-56 1.25864316954526e-58 3.64122955302973e-61 1.43437867574059e-63 7.43463632842354e-66 4.92694712648464e-68 4.07457302558505e-70 4.11884657663554e-72 5.13153716518451e-74
18 19 0 0.00279419054663771 0.962331414562396 0.0348588368804185 1.55537668885488e-05 4.24201843907024e-09 1.63974077557699e-12 1.0384207707549e-15 1.06805177116422e-18 1.70695344848956e-21 4.03685327711067e-24 1.35054289687211e-26 6.14555535289875e-29 3.67775497940957e-31 2.81253379123749e-33 2.6818972031953e-35 3.122212796579e-37 4.35773041077091e-39 7.1776356697703e-41 1.37607995295191e-42 3.10763914269033e-44
19 17 0 0.0266464290430189 0.868470562077561 0.102949590170199 0.00190125802396589 3.14952984101875e-05 6.47481141961992e-07 1.7287979594379e-08 5.91114360643137e-10 2.52140983546492e-11 1.30698812819992e-12 8.04335359768284e-14 5.76066237884457e-15 4.72096300123392e-16 4.36402206153245e-17 4.49518185835863e-18 5.10603382489611e-19 6.33869056878299e-20 8.53336336938931e-21 1.23738605798474e-21 2.12849693303422e-22
19 18 0 0.0863505139417989 0.911075991964978 0.00257308749334483 4.06510393512124e-07 8.94314715622236e-11 3.89751457411565e-14 3.25662353602442e-17 4.78643006958369e-20 1.13940459281916e-22 4.09833279295992e-25 2.10456983315987e-27 1.47326381286824e-29 1.35368876021273e-31 1.58230153164936e-33 2.29219268304979e-35 4.02578300168655e-37 8.41328915920778e-39 2.05890727392253e-40 5.81904021637744e-42 1.91738734620826e-43
19 20 0 0 0.833432626908892 0.166439909310712 0.000127379244814957 8.44255897653646e-08 1.09718498555198e-10 2.73474060407902e-13 1.18021817611705e-15 8.03340691239918e-18 8.00326147249158e-20 1.10048095431775e-21 1.99409720558633e-23 4.58896500297808e-25 1.30169703751953e-26 4.44115675273951e-28 1.78587311417835e-29 8.3209547502833e-31 4.42786176079017e-32 2.6579875184605e-33 1.8213804756921e-34
19 21 0 0.910513534099323 0.0894864659006757 3.21514267783956e-15 1.24690920758413e-25 8.6652459857733e-34 1.50760748200024e-40 2.35689583602477e-46 1.82773161652135e-51 4.82678367157084e-56 3.36689026903679e-60 5.18001594709325e-64 1.53903345680361e-67 7.98204132993565e-71 6.67954969921053e-74 8.47136697134162e-77 1.54779985084299e-79 3.9078155255211e-82 1.31686795440586e-84 5.75238727692319e-87 3.25700451998575e-89
20 19 0 0 0.980675822487904 0.0193228436658258 1.33361555154324e-06 2.30797773296725e-10 1.22140031233581e-13 1.56974539136128e-16 4.03621448890796e-19 1.80316423538964e-21 1.2631302504949e-23 1.28555759623284e-25 1.79371736460746e-27 3.27955597137639e-29 7.58058585280141e-31 2.15201188366816e-32 7.32717411806479e-34 2.93373832255318e-35 1.35865900681333e-36 7.17632443627623e-38 4.36178317803345e-39
20 21 0.201307972212675 0.798691207625718 8.20160983915812e-07 7.96414145429694e-13 8.34669389278976e-18 4.83626635452325e-22 9.66681504596538e-26 4.92047139781969e-29 5.20548371935653e-32 9.92908687029406e-35 3.07927694823008e-37 1.43668329892089e-39 9.4983272719167e-42 8.4881111349743e-44 9.87164170853607e-46 1.44858460741655e-47 2.61428102110793e-49 5.67932885231296e-51 1.45844035383919e-52 4.35896695152819e-54 1.52799448958944e-55
20 23 0 0.833032102391086 0.166961899646566 5.99786980249302e-06 9.25409460491892e-11 3.37390445857638e-15 3.12860360343569e-19 6.54806709151656e-23 2.72392168633846e-26 2.02352610658806e-29 2.46295356639741e-32 4.58452022191101e-35 1.23447074437564e-37 4.59565092921289e-40 2.27868271724192e-42 1.4587730236203e-44 1.17460847288662e-46 1.16343923794293e-48 1.39079906790671e-50 1.97382227261403e-52 3.36262449807509e-54
21 14 0 0.994566203598742 0.00543374082019157 5.55796188745511e-08 2.22200381569077e-12 3.57153452556817e-16 1.67116009139519e-19 1.7804124520096e-22 3.63262546505711e-25 1.25420859403574e-27 6.69014810663128e-30 5.14685425124992e-32 5.41451434060552e-34 7.46805338797461e-36 1.30549144321062e-37 2.81342148190252e-39 7.3051168613284e-41 2.24180644539917e-42 7.99963246772411e-44 3.27332878372743e-45 1.5479110218573e-46
21 19 0 0.39380856938016 0.606191430402872 2.17917884022293e-10 3.70446223182137e-19 2.7212695317202e-26 2.60795581231014e-32 1.54576522649076e-37 3.56877665738022e-42 2.36957324266872e-46 3.66862625835215e-50 1.13845996974054e-53 6.32524980558056e-57 5.76967070436433e-60 8.07200506038996e-63 1.64021094989375e-65 4.63057574129262e-68 1.75094364701188e-70 8.60010056928945e-73 5.34662601440411e-75 4.22299151159389e-77
21 20 0.749596473269148 0.250403525058705 1.67230519770266e-09 4.90567739859376e-16 3.37741091487188e-21 1.709736971027e-25 3.41241198349994e-29 1.86191096006558e-32 2.19875631295209e-35 4.79553643566398e-38 1.72540543053209e-40 9.42075203751679e-43 7.32504511688828e-45 7.71819861291735e-47 1.05934120599327e-48 1.83423846305752e-50 3.90237307365564e-52 9.97965349379993e-54 3.0114514390026e-55 1.05551852295798e-56 4.3262068362782e-58
21 22 0 0.999999999999999 3.65069785115212e-74 1.21541981561839e-124 1.09328884960079e-155 1.03813558659312e-178 3.2604278814816e-197 8.8653654015714e-213 2.88102194376041e-226 3.35424977927311e-238 6.34114413883601e-249 1.12357522866593e-258 1.25309390654358e-267 6.52786102525911e-276 1.26256702555862e-283 7.56745683229411e-291 1.21592550690925e-297 4.65390728671421e-304 3.84840401081575e-310 6.33620515109986e-316 1.89227142357197e-321
22 13 0 0.424600716861366 0.57472575368592 0.000673153894645959 3.75112738288166e-07 4.44160919877363e-10 1.0912312172101e-12 4.88657409842482e-15 3.56498421149298e-17 3.88561051636285e-19 5.92219423038533e-21 1.19933079063013e-22 3.10033466311876e-24 9.90805275006879e-26 3.81425702024984e-27 1.73146213734132e-28 9.10524482976045e-30 5.46464571245247e-31 3.69584693494275e-32 2.78626754290126e-33 2.38786688088462e-34
22 21 0 0.406980866964453 0.592499996636834 0.000518950708199704 1.85547158415832e-07 1.44053008424119e-10 2.40763754318828e-13 7.58818766121758e-16 4.01125614288729e-18 3.24684621712334e-20 3.75283392813059e-22 5.86809758988544e-24 1.18964242957913e-25 3.0225065784072e-27 9.36236254568085e-29 3.45646408112035e-30 1.49250436396727e-31 7.41892244463334e-33 4.18837783243234e-34 2.65462379171209e-35 1.99957739497286e-36
22 23 0.401554628996829 0.598445281715701 8.92881607499528e-08 5.49808825384458e-14 4.97677746465294e-19 2.78553635707048e-23 5.66287165352417e-27 3.01137026123437e-30 3.37828495765546e-33 6.89174775939292e-36 2.29706579530278e-38 1.15492064580549e-40 8.23885805258108e-43 7.94762436044754e-45 9.97581784199267e-47 1.57905420315267e-48 3.07151021427796e-50 7.18497060718738e-52 1.98464089825474e-53 6.37312288795889e-55 2.3965414090339e-56
23 12 0 0.999939608408721 6.0391591259692e-05 1.92517394042339e-14 1.3360606562368e-21 2.43230542619794e-27 3.6304682015729e-32 2.36555962438043e-36 4.60888825030205e-40 2.10005727012071e-43 1.88957447096445e-46 2.97232140692511e-49 7.46412347566764e-52 2.79094549066228e-54 1.47112974960891e-56 1.04628772823033e-58 9.68863541362096e-61 1.13421351803229e-62 1.63777332496632e-64 2.85693730454824e-66 6.05956573189009e-68
23 20 0 0.99820234988947 0.00179764994249201 1.68266395334635e-10 7.79802736607258e-17 2.45216651820974e-22 3.48942761453382e-27 1.60880580100124e-31 1.88804284197187e-35 4.7355689100855e-39 2.23007898029452e-42 1.78692676502085e-45 2.2568701853912e-48 4.22841061431213e-51 1.1190954820882e-53 4.01949310556426e-56 1.89515402865911e-58 1.1406649112116e-60 8.55899255437318e-63 7.84564747431072e-65 8.86241002045199e-67
23 22 0.108523564751354 0.891233047645727 0.000243353195014707 3.43885954300348e-08 1.92846692353423e-11 3.10848939514202e-14 1.09627114385637e-16 7.03575723554829e-19 7.24330901601073e-21 1.09375270982391e-22 2.2683818667976e-24 6.14822226400172e-26 2.09552562245041e-27 8.71172473409337e-29 4.31030650125459e-30 2.48751023899753e-31 1.64672482710188e-32 1.23306413902853e-33 1.03202513319502e-34 9.55670729947133e-36 1.01161901185993e-36
