0 1 0 0 0.544530568277928 0.409979818998215 0.0448537087937032 0.000634854061646127 1.04967728562428e-06 1.91218571351138e-10 3.72218882689524e-15 7.61352265633644e-21 1.62030567624492e-27 3.56544026806856e-35 8.0781545798027e-44 1.87895517248979e-53 4.47710217345649e-64 1.0910834666724e-75 2.71621920168509e-88 6.90078178537024e-102 1.78781940262562e-116 4.72029752138856e-132 1.26919333463175e-148
0 2 0 0.253223263663838 0.530928057671664 0.199663758082587 0.0159298344292519 0.000254312875723164 7.72844172931776e-07 4.3271984254585e-10 4.37713438120916e-14 7.90470788809744e-19 2.52956186101754e-24 1.42731236215633e-30 1.41521004365868e-37 2.45970991725125e-45 7.48027111897615e-54 3.97484079213474e-63 3.68657603430286e-73 5.96288966611225e-84 1.68082131302977e-95 8.25226493534268e-108 7.05406308045062e-121
1 0 0 0 1.00000000000013 0 0 0 0 0 0 0 0 0 0 0 0 0 0 0 0 0 0
1 5 0 0.0565051474181762 0.281809424364691 0.346797844979536 0.224121129334912 0.075979917312219 0.0134783436455317 0.00124678003609135 5.99045177134129e-05 1.48918028408078e-06 1.90847284301662e-08 1.2569169632071e-10 4.24282735583391e-13 7.32456641394691e-16 6.45525304645257e-19 2.90017376696935e-22 6.63450013597208e-26 7.7206703092676e-30 4.56697705498862e-34 1.37231401690458e-38 2.08393658286733e-43
2 0 0 0.994034133836548 0.00596586616345182 3.61197742220124e-17 8.76761584667076e-46 5.7936593625484e-89 9.5188047943413e-147 3.75346324652019e-219 3.49093980618094e-306 0 0 0 0 0 0 0 0 0 0 0 0
2 3 0 0.999940168758629 5.98312413712032e-05 7.361777820985e-32 3.93757540035403e-85 6.28964136318702e-165 2.7500758026605e-271 0 0 0 0 0 0 0 0 0 0 0 0 0 0
2 11 0 0.421374126694262 0.5417088501037 0.0368099870582975 0.000107025688106837 1.04556018756171e-08 3.11626785134244e-14 2.71948583646475e-21 6.80799319004929e-30 4.8331819327668e-40 9.66174334278339e-52 5.41336726436398e-65 8.47372476968283e-80 3.69720142847247e-96 4.48868261140084e-114 1.51441055055605e-133 1.41841818063996e-154 3.68509614997079e-177 2.65395075762532e-201 5.29545695499123e-227 2.92618694043925e-254
3 2 0 0.569478459981947 0.427416203163638 0.00310526017393135 7.66804790545789e-08 4.47797016018145e-15 5.57239719435144e-25 1.41816873142878e-37 7.23503719733447e-53 7.31677608482491e-71 1.45673892825652e-91 5.68417167693216e-115 4.33332393954419e-141 6.43973740180654e-170 1.86244228906652e-201 1.04691457460346e-235 1.14267031689071e-272 2.41973517681836e-312 0 0 0
3 4 0.621556399780444 0.378443566272905 3.3946650795514e-08 1.16352545398961e-25 7.07024759649966e-54 6.64761214760681e-93 9.225470889478e-143 1.84895227317247e-203 5.28833914184075e-275 0 0 0 0 0 0 0 0 0 0 0 0
3 10 0 0 0.444967236398389 0.456933389703598 0.0943706751629813 0.00370286885508241 2.57994700954369e-05 3.04039675270644e-08 5.88586424256424e-12 1.84016811084646e-16 9.19623838342056e-22 7.29842643382076e-28 9.15826456850236e-35 1.81147304360588e-42 5.63534354107984e-51 2.75269140810265e-60 2.10858212975638e-70 2.53038545999855e-81 4.75336428443346e-93 1.39686515584224e-105 6.41834973067736e-119
4 3 0.999999980568219 1.94316347163721e-08 8.42789437819114e-173 0 0 0 0 0 0 0 0 0 0 0 0 0 0 0 0 0 0
4 5 0 0.422551620859011 0.542193354652399 0.0351638586595922 9.11584644902839e-05 7.36449044451594e-09 1.68156797217609e-14 1.04124909024143e-21 1.71296297710702e-30 7.40090253444151e-41 8.33847020406006e-53 2.43855138260494e-66 1.84512231123621e-81 3.6038141697618e-98 1.81383699698992e-116 2.34944010672845e-136 7.82379655844111e-158 6.6927649259345e-181 1.46975173302327e-205 8.28132355557847e-232 1.19672140248983e-259
4 8 0 0.796040246818686 0.20395975318131 3.15639749560837e-15 2.21658531831509e-49 3.03009190186936e-104 7.04846300146371e-180 2.66388527295256e-276 0 0 0 0 0 0 0 0 0 0 0 0 0
5 1 0 0.652648513125373 0.347351486275307 5.9932002174357e-10 5.55157209464539e-32 1.19493595830993e-67 5.20151139934599e-117 4.36619932540412e-180 6.91417603650603e-257 0 0 0 0 0 0 0 0 0 0 0 0
5 4 0 0.629947975665275 0.368398212810449 0.00165379113790772 2.03863673100811e-08 4.92748422612067e-16 2.11776544784338e-26 1.55639290564559e-39 1.91863546132384e-55 3.92461071495268e-74 1.32322253165109e-95 7.32133976972939e-120 6.62742115870664e-147 9.79352109627244e-177 2.35863758870078e-209 9.24627749384965e-245 5.89427163237145e-283 0 0 0 0
5 7 0.207717161168028 0.726625436148004 0.0655284387837878 0.00012896019937711 3.70080229138291e-09 1.35078111523357e-15 5.95126731114636e-24 3.08824003719952e-34 1.86255023800761e-46 1.29518474079106e-60 1.03310357970117e-76 9.41929162710548e-95 9.7919370639834e-115 1.15849686370912e-136 1.55772518677959e-160 2.37786110434831e-186 4.11727575450854e-214 8.08094479454881e-244 1.79679624880268e-275 4.52395317017178e-309 0
6 7 0 0.542654633160267 0.415660571602118 0.0412243129468613 0.000459968675254629 5.13561646390013e-07 5.38524770142226e-11 5.13651810126519e-16 4.38035578221422e-22 3.30636654271974e-29 2.1950000587388e-37 1.27619198838679e-46 6.47895554146183e-57 2.86592273087194e-68 1.1027909861916e-80 3.68682969604995e-94 1.06984859468385e-108 2.69255350533403e-124 5.87362603216412e-141 1.11000252080636e-158 1.81847997399378e-177
6 17 0.447634660342006 0.552348290636471 1.70490215223287e-05 3.73854725014485e-17 2.60884089341354e-36 5.00371049710841e-63 2.50888199922837e-97 3.21403577617271e-139 1.03901953390755e-188 8.413300996022e-246 1.69818609983867e-310 0 0 0 0 0 0 0 0 0 0
7 5 0.282269882523184 0.712422007894981 0.00530809678215065 1.2799684388574e-08 4.99955617183405e-18 2.71565277652667e-31 1.94514767872022e-48 1.79318258455072e-69 2.10002929525792e-94 3.10004606950631e-123 5.7394346690959e-156 1.32812490438331e-192 3.83192323358152e-233 1.37600715556941e-277 0 0 0 0 0 0 0
7 6 0 0.994341656665206 0.00565834328387723 5.09172830166023e-11 1.49050682139171e-25 1.12801057434545e-46 2.06137543956645e-74 8.8360068241803e-109 8.75184656862056e-150 1.9856071441725e-197 1.02620216219888e-251 1.20364938810788e-312 0 0 0 0 0 0 0 0 0
7 8 0 0 0 0.512504015950853 0.478210939989299 0.00928311381157512 1.93024516430928e-06 3.10797045557699e-12 3.49830790652256e-20 2.64176029780907e-30 1.31166368647732e-42 4.23389176306528e-57 8.82333963855039e-74 1.1817450922426e-92 1.01401525285447e-113 5.56174138613956e-137 1.9466646229511e-162 4.34237266639482e-190 6.16712622993956e-220 5.57200815900952e-252 3.20060916739427e-286
7 15 0 0.0721515007439134 0.353222497399091 0.367942874306215 0.169276697247817 0.0342594179354733 0.00302905034422128 0.000116037955155451 1.91060101890167e-06 1.34269975906614e-08 4.00462109055935e-11 5.04653980591269e-14 2.67794719633748e-17 5.96846344238803e-21 5.57589355503566e-25 2.18017813952701e-29 3.56347375725985e-34 2.43245740036347e-39 6.92905379459334e-45 8.2316745429511e-51 4.10877485442865e-57
8 4 0 0.487667273106378 0.51232234195759 1.03849360316595e-05 1.41599149572614e-17 6.09957355726354e-37 7.20649034340163e-64 2.22387294534875e-98 1.75260538434015e-140 3.4845656959349e-190 1.73505140307003e-247 2.1533021476706e-312 0 0 0 0 0 0 0 0 0
8 7 0 0 0 0.549579068398225 0.446029086928347 0.00439164072090855 2.03952488789233e-07 3.1281572609087e-14 1.4274583245342e-23 1.8596109729264e-35 6.77825768379906e-50 6.83540537852558e-67 1.89392374544255e-86 1.43530461972547e-108 2.96584328119918e-133 1.66722964956982e-160 2.54540963365231e-190 1.05409346956253e-222 1.18283957189992e-257 3.59379004970098e-295 0
8 9 0 0.749149466600582 0.248170395920892 0.00267956740504061 5.70071527845789e-07 1.95731589421807e-12 1.00909127141668e-19 7.56742708010517e-29 8.12019846787948e-40 1.23490809469357e-52 2.64567939861303e-67 7.95287273109979e-84 3.34477871558874e-102 1.96414528293542e-122 1.60794884468175e-144 1.83293704237505e-168 2.90666168301247e-194 6.40750702582693e-222 1.96231305624418e-251 8.34479243120424e-283 4.92550810927159e-316
9 8 0 0.999999964318457 3.56815413771163e-08 8.07922233386382e-34 1.28565645597977e-78 1.16551787191908e-142 5.657333247957e-226 0 0 0 0 0 0 0 0 0 0 0 0 0 0
9 10 0 0.0753509781410451 0.359690738914651 0.364571977943557 0.164476085445543 0.0328989791072794 0.00289785676634213 0.000111510304693286 1.85997901697972e-06 1.33567523350668e-08 4.10664792158809e-11 5.38250140718832e-14 2.99739213384465e-17 7.07390255636478e-21 7.0612431883617e-25 2.9768133467224e-29 5.29363658456397e-34 3.96714849253252e-39 1.25197088833166e-44 1.66276940572954e-50 9.3669877934973e-57
9 14 0 0 0.364907180121434 0.44695919769582 0.168297161359394 0.0191847539756063 0.000645440260542581 6.24949957052178e-06 1.70746483668617e-08 1.29823391667741e-11 2.72132621759827e-15 1.56273508511066e-19 2.44777267900311e-24 1.0425413814939e-29 1.20467827137737e-35 3.77024408243211e-42 3.19171972662608e-49 7.3012223617616e-57 4.50951891713801e-65 7.51525910003969e-74 3.38092887466017e-83
9 15 0 1.00000000000005 0 0 0 0 0 0 0 0 0 0 0 0 0 0 0 0 0 0 0
9 16 0 0 0.0537044831909285 0.262294989990909 0.331470024439679 0.235199062647987 0.0936475547483163 0.0208905937629524 0.00260503900833486 0.000181101246261252 6.99920400135662e-06 1.4997184372821e-07 1.77712475786296e-09 1.16202720967979e-11 4.18489999827909e-14 8.28770926852004e-17 9.01343673312069e-20 5.3774626805897e-23 1.75833774391091e-26 3.14875824060279e-30 3.07940289010788e-34
10 3 0 0 0.227896176606309 0.347625891508849 0.27846806020493 0.117079847833338 0.0257828327229726 0.00296434787956957 0.000177263317003937 5.49140054558182e-06 8.78012703592005e-08 7.22159103420731e-10 3.04687140341178e-12 6.57883201892962e-15 7.25584592155676e-18 4.0813193155977e-21 1.16934727966802e-24 1.70481299240442e-28 1.26369295243969e-32 4.75930471475332e-37 9.06038258970465e-42
10 9 0 0.451019400839865 0.548914920949518 6.56782106089596e-05 8.82563705715048e-15 6.51232338249509e-31 2.29245358442932e-53 3.6657229161772e-82 2.60313721942888e-117 8.10943593274574e-159 1.10010657822481e-206 6.46770502069074e-261 1.33397724377137e-321 0 0 0 0 0 0 0 0
10 11 0 0 0.353749482441644 0.454466450573285 0.172254350911929 0.0189377720786393 0.000586944811644641 4.98779966682214e-06 1.13763269855214e-08 6.86278813362931e-12 1.08434329278512e-15 4.45829596416297e-20 4.74862846862553e-25 1.30616002006916e-30 9.25674056357231e-37 1.68736497412098e-43 7.90094669483493e-51 9.4934174567082e-59 2.92472059994312e-67 2.30875275461354e-76 4.67184549772833e-86
10 13 0 0.2800012380653 0.559676278960032 0.153785856694631 0.00649838197008497 3.82151234623102e-05 2.91837054973538e-08 2.78481674612678e-12 3.25141272741877e-17 4.58874546705745e-23 7.76966869724073e-30 1.57057177004849e-37 3.77732736610356e-46 1.07826398534937e-55 3.64666368193928e-66 1.45915190255042e-77 6.90042595137412e-90 3.85349087309195e-103 2.53944935746205e-117 1.97373729493555e-132 1.80807618651946e-148
11 2 0 0.980957419929753 0.0190425800700284 2.18275841541901e-13 1.44278043971444e-35 3.72391027975214e-69 3.42262089774656e-114 1.08070447081203e-170 1.15180959515716e-238 4.10242468367821e-318 0 0 0 0 0 0 0 0 0 0 0
11 10 0 0 0.219981000911481 0.322226266054648 0.274780563845675 0.136382307671731 0.0393589864497899 0.00659383726328488 0.000639954818387824 3.58997726984309e-05 1.16136127219266e-06 2.1618509838896e-08 2.3110060555173e-10 1.41621555468129e-12 4.96765551710869e-15 9.96109845012378e-18 1.14057773204849e-20 7.45090490939327e-24 2.77478036989442e-27 5.88716501433554e-31 7.10173803858219e-35
11 12 0 0.999999999361545 6.38537589226955e-10 2.72780199441738e-42 6.13689314626293e-99 5.8731975137344e-180 2.24653789009218e-285 0 0 0 0 0 0 0 0 0 0 0 0 0 0
12 11 0 0.799745251205713 0.199214300116978 0.00104038602633416 6.26509395845514e-08 3.54617126316429e-14 1.75736275759826e-22 7.3913993232411e-33 2.59627668292095e-45 7.5450247958414e-60 1.8033730637652e-76 3.5310424129335e-95 5.64810653263415e-116 7.3655257592991e-139 7.81886076637009e-164 6.74857952181122e-191 4.73161909204874e-220 2.69286811510814e-251 1.24327661633724e-284 4.66892035319978e-320 0
12 23 0 0.660228684103542 0.338992170613225 0.000779143013078721 2.27015408798477e-09 5.89014972272873e-18 1.23283219672148e-29 2.00159508292718e-44 2.47283792051186e-62 2.29970618899988e-83 1.59924809477432e-107 8.27982257601064e-135 3.1817561188992e-165 9.05524467857001e-199 1.90550791598333e-235 2.96111582472451e-275 3.3947497558575e-318 0 0 0 0
13 10 0 0.569478459981947 0.427416203163638 0.00310526017393135 7.66804790545789e-08 4.47797016018145e-15 5.57239719435144e-25 1.41816873142878e-37 7.23503719733447e-53 7.31677608482491e-71 1.45673892825652e-91 5.68417167693216e-115 4.33332393954419e-141 6.43973740180654e-170 1.86244228906652e-201 1.04691457460346e-235 1.14267031689071e-272 2.41973517681836e-312 0 0 0
13 14 0 0.0588751223927352 0.272465015566048 0.327254591629593 0.226841155604712 0.0906930048297087 0.0208863587786506 0.00276537635217722 0.000210018350443787 9.12685125147636e-06 2.26419407609382e-07 3.19945446537997e-09 2.57010087577026e-11 1.1716304287196e-13 3.02664276833775e-16 4.42512489811417e-19 3.6579256986441e-22 1.70810464157905e-25 4.50247566828415e-29 6.69550885548353e-33 5.60006857093364e-37
13 22 0 0.901900626101987 0.0980993434881591 3.04098535753238e-08 9.1962456818509e-22 1.81147305141714e-42 2.10858212978285e-70 1.39686515589492e-105 5.17060788298837e-148 1.05842798264493e-197 1.19052529726154e-254 7.3235350683048e-319 0 0 0 0 0 0 0 0 0
14 9 0 0 0.999995959207193 4.04079280754864e-06 4.2951392987526e-25 1.48154335766667e-58 1.33418733374716e-106 2.942767160438e-169 1.54686447351748e-246 0 0 0 0 0 0 0 0 0 0 0 0
14 13 0 0.0589724552444583 0.281660573086661 0.338499417309557 0.222893479030035 0.0803480690442716 0.0158253493809954 0.00169845694491987 9.90203054938587e-05 3.12589182739135e-06 5.32706169333976e-08 4.88747616749115e-10 2.40848531718682e-12 6.36217251847156e-15 8.99404504446129e-18 6.79524973028256e-21 2.74078297333906e-24 5.89613067385925e-28 6.76015718340967e-32 4.12832313622727e-36 1.33649187817871e-40
14 18 0 0.779584656454841 0.218860597733703 0.00155458615108947 1.59660172760923e-07 1.93560159259987e-13 2.57886734261902e-21 3.65943961601428e-31 5.44139992777756e-43 8.3987083693803e-57 1.33761773434014e-72 2.18945185576439e-90 3.67287082872938e-110 6.30167956238655e-132 1.1041344433866e-155 1.97328808413647e-181 3.59384620790178e-209 6.6651052647368e-239 1.25797355923128e-270 2.41511398128759e-304 0
14 21 0 0.657366463897176 0.331661933022115 0.0109543841746104 1.72178231262908e-05 1.08296960144111e-09 2.53794504560219e-15 2.14542752413271e-22 6.43253117453605e-31 6.77372655097147e-41 2.48983489343939e-52 3.1814024443535e-65 1.40901843581292e-79 2.15850109266592e-95 1.14193581756514e-112 2.0838173234686e-131 1.31036994706633e-151 2.83736506002541e-173 2.11424980706668e-196 5.41872844215933e-221 4.77498445762033e-247
15 7 0 0.136911173133385 0.67491398669685 0.184476474953871 0.00369413038588815 4.23458519853602e-06 2.44806473126321e-10 6.75464147971572e-16 8.66319300035473e-23 5.09138299208658e-31 1.35945906722313e-40 1.64016616951439e-51 8.9081020961605e-64 2.17226686053673e-77 2.37373193353731e-92 1.16066352480126e-108 2.53656910495802e-126 2.4755164704347e-145 1.07808533475042e-165 2.09389859891307e-187 1.81290013396902e-210
15 9 0 0.900864694817927 0.0991352252020514 7.99800218854787e-08 2.54458210904132e-20 2.18092281431179e-39 4.58093837624811e-65 2.27261373704397e-97 2.61504638923552e-136 6.90833092244647e-182 4.16347849490118e-234 5.70044276295427e-293 0 0 0 0 0 0 0 0 0
15 16 0.999326777402967 0.000673222597032445 1.20211890809527e-65 3.19921885771159e-210 0 0 0 0 0 0 0 0 0 0 0 0 0 0 0 0 0
15 17 0 0.574642969452382 0.391744985947579 0.0333075663842348 0.000304212821767143 2.6537325688713e-07 2.07801391074934e-11 1.41596356125661e-16 8.25660435342995e-23 4.07969709549564e-30 1.6975880752745e-38 5.92388227963851e-48 1.72855143866511e-58 4.20860149996284e-70 8.53653924189362e-83 1.44073295071322e-96 2.0212787432237e-111 2.35546843533396e-127 2.27859335629273e-144 1.828828133357e-162 1.21867016027272e-181
16 9 0 0 0.128682524181588 0.605871947636838 0.250352302866124 0.0149775476117007 0.000115572052792166 1.05640041181442e-07 1.09151431516806e-11 1.24356067174581e-16 1.54055277976966e-22 2.05772034752935e-29 2.9472950976736e-37 4.50995957053674e-46 7.3533621011446e-56 1.27502995055307e-66 2.34767945563657e-78 4.58509431688174e-91 9.48986006684209e-105 2.07998941305028e-119 4.82405770163027e-135
16 15 0.286767175203232 0.706729688837291 0.00650310317598748 3.27834891414036e-08 4.71729567413531e-17 1.66944141487832e-29 1.3788624026783e-45 2.59472965026262e-65 1.09813515687863e-88 1.03714997471521e-115 2.17507503273633e-146 1.00941420526617e-180 1.03411609317311e-218 2.33449932295856e-260 1.15971429946701e-305 0 0 0 0 0 0
16 18 0.898194854279418 0.101805145720588 1.13996983698662e-21 3.14462578715346e-70 9.28341735601206e-148 2.57415496678665e-254 0 0 0 0 0 0 0 0 0 0 0 0 0 0 0
17 6 0.999326777402967 0.000673222597032445 1.20211890809527e-65 3.19921885771159e-210 0 0 0 0 0 0 0 0 0 0 0 0 0 0 0 0 0
17 15 0 0.996039604566389 0.00396039542118804 1.24225993256807e-11 6.33844549778644e-27 4.19565769029391e-49 3.36815039724547e-78 3.18621929708345e-114 3.49943202429877e-157 4.42374436707718e-207 6.40124289391676e-264 0 0 0 0 0 0 0 0 0 0
17 19 0 0.262246267322947 0.51562306804595 0.202402456631733 0.0192983126562819 0.000427775192871533 2.11787282547519e-06 2.27686901401718e-09 5.22100302230229e-13 2.52508488656136e-17 2.55724773767616e-22 5.3969863907984e-28 2.36567924347249e-34 2.14851044424112e-41 4.03568255704638e-49 1.56567137678344e-57 1.25321540346792e-66 2.06787926559607e-76 7.02915002993109e-87 4.91944760513327e-98 7.08813637359578e-110
18 14 0 0.638492123957929 0.344816745023913 0.0166341726318086 5.69464200659528e-05 1.19661389080164e-08 1.44450491214001e-13 9.70957346346175e-20 3.57458837938219e-27 7.1384076427313e-36 7.68554889645701e-46 4.44293341775107e-57 1.37511581788923e-69 2.27392302344705e-83 2.00585062428949e-98 9.42723715921409e-115 2.35842685084243e-132 3.13822521441515e-151 2.21974425212169e-171 8.34179634385658e-193 1.66486103955782e-215
18 16 0.999999999999962 0 0 0 0 0 0 0 0 0 0 0 0 0 0 0 0 0 0 0 0
18 19 0 0.293416275327803 0.55207920745694 0.148032142364053 0.0064310384233965 4.12996739006273e-05 3.67495392387445e-08 4.36760854867071e-12 6.79337151307706e-17 1.36656859252504e-22 3.52927464495554e-29 1.1645079892078e-36 4.89269501436485e-45 2.61130591487534e-54 1.76724405470981e-64 1.51451828594103e-75 1.64184593311142e-87 2.24960209958077e-100 3.89314425533206e-114 8.50503881636225e-129 2.34395827378909e-144
19 17 0 1 6.55186658836456e-56 0 0 0 0 0 0 0 0 0 0 0 0 0 0 0 0 0 0
19 18 0 0.239276119849507 0.492494250205082 0.2348375103843 0.0321510707895018 0.00122830067999712 1.27132370157483e-05 3.48297390849299e-08 2.48537636396583e-11 4.57032710384591e-15 2.15050206466769e-19 2.57679873282178e-24 7.83619529869849e-30 6.03331443123688e-36 1.17393951409064e-42 5.76467220058773e-50 7.13633687952902e-58 2.22524111634146e-66 1.74654899159387e-75 3.44859233553121e-85 1.71367223809398e-95
19 20 0 0 0.269064312276851 0.388302151620325 0.25532139185825 0.0763405411638647 0.0103267473478042 0.000627636826806214 1.7013524902488e-05 2.04298223802807e-07 1.08046457457334e-09 2.50502686777412e-12 2.53682605650799e-15 1.11898909418648e-18 2.14524907371075e-22 1.78450421961889e-26 6.43243080572962e-31 1.00368806509643e-35 6.77370679201209e-41 1.97589594183755e-46 2.48196404372177e-52
19 21 0 0.0815528850433184 0.397435359833056 0.369172275286867 0.132598817161029 0.0182684330891058 0.000953489082126713 1.86059736556628e-05 1.34176173587604e-07 3.54326827756833e-10 3.40299472959447e-13 1.18268909536535e-16 1.48198573234263e-20 6.67746359398975e-25 1.07968526973859e-29 6.25508428155242e-35 1.29688356524897e-40 9.61371048788387e-47 2.54609510004023e-53 2.40759916401312e-60 8.12388205362889e-68
20 19 0 0 0.974966535192791 0.025033411755241 5.30519683950909e-08 2.44806717116308e-18 1.95477997818724e-33 2.51914688477782e-53 5.08619542038185e-78 1.58440824358774e-107 7.54756624814652e-142 5.46721193321488e-181 5.99928248153446e-225 9.9460063833508e-274 0 0 0 0 0 0 0
20 21 0.415438520399053 0.584462600512553 9.88790883741049e-05 1.97405391366358e-14 2.1797130582288e-30 1.15061398825334e-52 2.7614527840337e-81 2.94455203714287e-116 1.37774774924907e-157 2.80764091639043e-205 2.47988844919081e-259 9.42677252265098e-320 0 0 0 0 0 0 0 0 0
20 23 0 0.715449349957331 0.278944022676289 0.00560263789750616 3.9893844868508e-06 8.43861553381025e-11 4.94780119627898e-17 7.79436739239919e-25 3.24559788293757e-34 3.53853400762974e-45 1.00405780011553e-57 7.38503429340229e-72 1.4040335673602e-87 6.88556752136769e-105 8.69697849441431e-124 2.82583827267792e-144 2.35977694867204e-166 5.06075176344348e-190 2.78558322739764e-215 3.93330325921302e-242 1.42419779442223e-270
21 14 0 0.46850189265628 0.451142557648436 0.0780902126060905 0.00225530517371392 1.00254137193312e-05 6.501163175888e-09 5.96529491491019e-13 7.61264625999526e-18 1.33733689500678e-23 3.21308428405434e-30 1.05121207364067e-37 4.66900473954767e-46 2.80909000347503e-55 2.28558772638703e-65 2.51172343671653e-76 3.72440915866925e-88 7.44580611266397e-101 2.00565916205622e-114 7.27554628818054e-129 3.5519503731653e-144
21 19 0 0.0811477016933613 0.408464502414314 0.373035375221205 0.122464287866496 0.0142959602839621 0.000583923240257496 8.21002101450324e-06 3.91964662549061e-08 6.28900304370304e-11 3.36603938837577e-14 5.978095835333e-18 3.5096999155299e-22 6.79274748638588e-27 4.32515617036194e-32 9.04618715801341e-38 6.20748162845435e-44 1.39617633911261e-50 1.02851461314998e-57 2.48003567822931e-65 1.95755091378072e-73
21 20 0.999480005852521 0.00051999414747955 3.25196741572078e-66 2.98923439832542e-211 0 0 0 0 0 0 0 0 0 0 0 0 0 0 0 0 0
21 22 0 0.199194838982312 0.455409266715152 0.28207992617151 0.059101148746444 0.00412042592508658 9.37089878451852e-05 6.8289769955662e-07 1.57281649493632e-09 1.13359293071985e-12 2.53919587792361e-16 1.75913219672087e-20 3.75640284402135e-25 2.46621825289134e-30 4.96897896951512e-36 3.0680464218392e-42 5.79876352340859e-49 3.35202119149903e-56 5.92201160129253e-64 3.19574639782868e-72 5.2699786050412e-81
22 13 0 0.399056181617596 0.550646688762968 0.0500302385620301 0.000266823471993326 6.75846708886958e-08 7.41030117350956e-13 3.37654809328636e-19 6.2642677786315e-27 4.67750288587916e-36 1.39578332650299e-46 1.65673926614862e-58 7.79688542322752e-72 1.45148068001401e-86 1.06702887336893e-102 3.0934653175833e-120 3.53324350178023e-139 1.58857451352061e-159 2.80971197878608e-181 1.95390006432445e-204 5.34011754926938e-229
22 21 0 0.342935270854175 0.554200856367985 0.100639636417403 0.00221900249608719 5.23263996246075e-06 1.2243602734208e-09 2.73615539990618e-14 5.72344004825302e-20 1.10773608324047e-26 1.96955620623771e-34 3.20187586732287e-43 4.74380808464362e-53 6.39022905984173e-64 7.8129500119935e-76 8.65855608674366e-89 8.68875468423024e-103 7.88848549623702e-118 6.47537702641647e-134 4.80325266018001e-151 3.21771047352821e-169
22 23 0.238426235123633 0.741478590204798 0.0200937270860121 1.44758540556538e-06 1.51761980791935e-13 1.99003585692805e-23 3.09266869382387e-36 5.55700146311806e-52 1.13922492244247e-70 2.6435752940293e-92 6.90821935494652e-117 2.02590838405637e-144 6.65083703867429e-175 2.43973574157705e-208 9.98662051873371e-245 4.55656583139503e-284 0 0 0 0 0
23 12 0 0.976451351266505 0.023548648732335 1.16047773455132e-12 1.40410045278238e-33 2.82633516769872e-65 8.62928793872082e-108 3.85514389284978e-161 2.475937426184e-225 2.26323198173859e-300 0 0 0 0 0 0 0 0 0 0 0
23 20 0 0.998387231484093 0.00161276851569614 2.10912818405555e-13 4.19385884180085e-31 1.01263384900163e-56 2.77756996617839e-90 8.41199972199969e-132 2.77178759999095e-181 9.85169862025972e-239 3.75648636467613e-304 0 0 0 0 0 0 0 0 0 0
23 22 0.326554109395335 0.670426657866916 0.0030192296717396 3.06600979159069e-09 3.66477251372529e-19 4.46187150216309e-33 5.25800751703069e-51 5.8579945561006e-73 6.09232573645971e-99 5.86964574699877e-129 5.21307209515067e-163 4.25368002121513e-201 3.18112476633587e-243 2.17655793963886e-289 0 0 0 0 0 0 0
