0 1 0 0 0.837026659656328 0.157928391715617 0.00481498475570987 0.000214269888099463 1.42253394032052e-05 1.29288137811481e-06 1.50177498198827e-07 2.12171046925051e-08 3.51703133730631e-09 6.65965137749412e-10 1.41139311136938e-10 3.29497746977946e-11 8.36691885728174e-12 2.28737409258848e-12 6.67593643340241e-13 2.06561284497274e-13 6.73576889935076e-14 2.3032971821939e-14 1.45536015724352e-14
0 2 0 0.648859765599239 0.341023044489378 0.00966214576708325 0.000422158615280426 2.95135266184422e-05 2.92268073108376e-06 3.75974805454012e-07 5.92658518045203e-08 1.09925284820127e-08 2.32987240413205e-09 5.52132073546979e-10 1.43873725334181e-10 4.06879477269165e-11 1.23581480607691e-11 3.99715594975392e-12 1.36713752720799e-12 4.91576890853436e-13 1.84900790503307e-13 7.24469308373323e-14 5.96133587566733e-14
1 0 0 0 0.998416431100925 0.00157967758777081 3.84976075495291e-06 4.05119635127345e-08 9.96261025549879e-10 4.27324508728169e-11 2.72333899941895e-12 2.33829032660037e-13 2.53597662084926e-14 3.3214708050679e-15 5.08468876632772e-16 8.87716652682881e-17 1.73425032571841e-17 3.73471163520723e-18 8.75910331589621e-19 2.21525047125584e-19 5.99213955711965e-20 1.72164598068214e-20 8.05583987879109e-21
1 5 0 0.00735029942135823 0.649425962808532 0.282830179641014 0.0491793989144249 0.00882161179526931 0.00180947441677973 0.000423662082012485 0.000111353648699227 3.23104976451774e-05 1.02038290605243e-05 3.46661769789567e-06 1.25502035810582e-06 4.8042053361443e-07 1.93209549373471e-07 8.11978336349295e-08 3.54984119861764e-08 1.60825976163224e-08 7.52590415798208e-09 3.62730053496608e-09 4.59540840108519e-09
2 0 0 0.955766370063896 0.044099030925979 0.000132842057173105 1.70287600403012e-06 5.12089987867349e-08 2.66418647903354e-09 2.03601778891859e-10 2.0721488730953e-11 2.63528916701476e-12 4.00812264151372e-13 7.06336797308545e-14 1.40854108591099e-14 3.12117842960327e-15 7.57611498810921e-16 1.99144771052527e-16 5.61590541532019e-17 1.68591337926683e-17 5.35300494641861e-18 1.78780931971745e-18 1.08707374281419e-18
2 3 0 0.574667370605548 0.402512893491044 0.0211104926299639 0.00152138409594163 0.000160333178647761 2.25148444543924e-05 3.93084414212272e-06 8.13604612707232e-07 1.93081300018543e-07 5.12779752980543e-08 1.49657438081277e-08 4.73347220454289e-09 1.60475649010271e-09 5.78051657254519e-10 2.19654822221283e-10 8.75306714376619e-11 3.63977171133234e-11 1.57276228983108e-11 7.03677151722859e-12 7.63208175096856e-12
2 11 0 0.999999142034278 8.57956883267644e-07 8.83311310965834e-12 5.83923875731682e-15 2.33975945156545e-17 2.6406294823243e-19 5.89065211479086e-21 2.13702044558007e-22 1.11844027121912e-23 7.80108082668356e-25 6.86101057891331e-26 7.3080086785093e-27 9.14545314377332e-28 1.31345785272077e-28 2.12509645307525e-29 3.8160110675238e-30 7.51288605325046e-31 1.60536637787241e-31 3.69167546514703e-32 1.21370593605023e-32
3 2 0 0.774418579692117 0.220045926590966 0.00526244472379598 0.000250348206852651 1.99985202847667e-05 2.28494345644903e-06 3.38772649977453e-07 6.12703760212438e-08 1.29667701940841e-08 3.11807363703272e-09 8.33756695763392e-10 2.43886196664746e-10 7.70562434726417e-11 2.6032490891926e-11 9.32749326924312e-12 3.52082047792279e-12 1.39229029226247e-12 5.74094256384829e-13 2.45849667107995e-13 2.43785111786978e-13
3 4 0.114906035514533 0.841640363386547 0.0415136768694546 0.00180210972206501 0.000123771278777133 1.21677842147496e-05 1.56692845308037e-06 2.48629374293095e-07 4.65848419729438e-08 9.99690605672705e-09 2.40209790813346e-09 6.35235055645565e-10 1.82413201548405e-10 5.62737271837740e-11 1.84890729339538e-11 6.42371642130153e-12 2.34605475995796e-12 8.96180318418634e-13 3.56538744992579e-13 1.47191281616015e-13 1.34136698871874e-13
3 10 0 0 0.584257957343423 0.369277695604939 0.0408977638879898 0.00474320550834058 0.000676005800635563 0.000116473087296506 2.35163403084776e-05 5.41550052464193e-06 1.3922997043247e-06 3.9298102826454e-07 1.20173749898225e-07 3.93960935091296e-08 1.37270898501513e-08 5.04808846794051e-09 1.94785088162522e-09 7.84742606633706e-10 3.2872060289014e-10 1.42659417432815e-10 1.4461180023142e-10
4 3 0.796228881627048 0.20374132207891 2.97385865226729e-05 5.72407726606134e-08 4.57894911887634e-10 8.57800846125829e-12 2.84398231269331e-13 1.42469255967554e-14 9.77126148664546e-16 8.58947009982043e-17 9.23789938502359e-18 1.17476798601313e-18 1.72138147737056e-19 2.84853617815668e-20 5.23908580726007e-21 1.05724198318119e-21 2.31620347588359e-22 5.46051133674275e-23 1.37505748430285e-23 3.67534506869597e-24 1.50928162714202e-24
4 5 0 0.28152159926358 0.65397216284739 0.0597533162648556 0.00430585440814906 0.000393452246581654 4.57361152581344e-05 6.51042239157343e-06 1.09542323008717e-06 2.118132454137e-07 4.60473949646952e-08 1.1063266566287e-08 2.89782652171159e-09 8.18482146044194e-10 2.47061681631810e-10 7.91125533181994e-11 2.67078638502374e-11 9.45611019631524e-12 3.49562533624857e-12 1.3440210893861e-12 1.05706207661622e-12
4 8 0 0.0328443531760537 0.856022800482105 0.104112284267074 0.00643079051894306 0.000523881020418983 5.66125356041952e-05 7.7050336629631e-06 1.2627863883882e-06 2.40858050458639e-07 5.21070891727517e-08 1.25370018570995e-08 3.30366963226433e-09 9.4194617235699e-10 2.87755660666024e-10 9.34338414786541e-11 3.20313994668658e-11 1.15295655080559e-11 4.33668938503468e-12 1.69766427022485e-12 1.39036847636793e-12
5 1 0 0.979031445404072 0.0209679900927492 5.63169326472507e-07 9.09741743749057e-10 7.70358847577039e-12 1.63779807768597e-13 6.31618959493092e-15 3.71063131316854e-16 2.98803598607961e-17 3.07778744477955e-18 3.86518633386689e-19 5.7158384972873e-20 9.69708190230796e-21 1.84978733013168e-21 3.90513263301015e-22 9.00840883174272e-23 2.24717872813875e-23 6.009797053641e-24 1.71070673431233e-24 7.91021986389951e-25
5 4 0 0.585844887168674 0.393968885825124 0.0187920912542111 0.00125089906312235 0.000123426336789386 1.63819705042996e-05 2.72197489142459e-06 5.38994378501863e-07 1.22877788400235e-07 3.14540871996339e-08 8.87278901423424e-09 2.71877027042023e-09 8.94751873475392e-10 3.13412154693109e-10 1.15986577166911e-10 4.50745174597801e-11 1.83008663127353e-11 7.72959951724873e-12 3.38367285914612e-12 3.50277163503893e-12
5 7 0.991302591860218 0.00869730503301332 1.0298752726298e-07 1.21595528644178e-10 8.49715268194485e-13 1.57489323263182e-14 5.46203867284248e-16 2.94378344009835e-17 2.20495539908347e-18 2.13403998867388e-19 2.537681748841e-20 3.57510735058971e-21 5.80661271237605e-22 1.06470754686579e-22 2.16790193390182e-23 4.83720095480081e-24 1.17003064632748e-24 3.04062685487497e-25 8.42630846807393e-26 2.47437183305944e-26 1.19853117044663e-26
6 7 0 0.999992617560901 7.3791262789566e-06 3.31145066607925e-09 1.37082712662857e-11 1.78964130456471e-13 4.7771616917481e-15 2.089234702584e-16 1.31480854440521e-17 1.09571569971718e-18 1.14250160183039e-19 1.43122652940183e-20 2.09007435931574e-21 3.47701591810476e-22 6.47145791860666e-23 1.3282556965406e-23 2.97133516616075e-24 7.1748172543824e-25 1.85502723819177e-25 5.10042720475019e-26 2.21136792802201e-26
6 17 0.272424500830233 0.71251971254159 0.0145521152431752 0.000472294713394441 2.83885571571179e-05 2.60294723852253e-06 3.22872306742784e-07 5.02702273059296e-08 9.34969597234023e-09 2.00686406783136e-09 4.84848837254718e-10 1.29392352418161e-10 3.75955262448569e-11 1.17578589638266e-11 3.92189845738053e-12 1.38478184883355e-12 5.1437851261001e-13 1.99956625387068e-13 8.09879426156582e-14 3.40481570912949e-14 3.23380189366339e-14
7 5 0.999999999795192 2.0479731243203e-10 2.58595811105876e-28 2.95555201658749e-38 2.06796735973631e-45 4.41731217665208e-51 8.17842835912319e-56 6.79453637116652e-60 1.71330517030338e-63 1.01859057374468e-66 1.20056979790243e-69 2.4771899252935e-72 8.15680443054474e-75 3.99308778193856e-77 2.74933821510188e-79 2.54698974985137e-81 3.06245085029704e-83 4.63948167333392e-85 8.63929778913239e-87 1.93654963799273e-88 5.2511630017577e-90
7 6 0 0.986827600774359 0.013000125439383 0.000166167643276102 5.71041294063458e-06 3.57376145158865e-07 3.33912476139023e-08 4.16442525431231e-09 6.46698566476535e-10 1.19384749585357e-10 2.53600487448179e-11 6.05267539454816e-12 1.59406760776725e-12 4.56820811346467e-13 1.40876705767004e-13 4.63327093849787e-14 1.61321372060204e-14 5.91004677282415e-15 2.26644821220373e-15 9.05843667386483e-16 7.79489893495192e-16
7 8 0 0 0 0.00123299964706192 0.172418535977301 0.378464306629886 0.252041282676012 0.115983876202565 0.0475852940060622 0.0190187083369676 0.00766604621632095 0.00316085082013689 0.00134054017257462 0.000585731985484068 0.000263612473317129 0.000122071992714099 5.80796909727487e-05 2.8347289589635e-05 1.41709148556453e-05 7.24485073800407e-06 8.30011744035186e-06
7 15 0 0.0267407832568256 0.871509614666734 0.0965831610229393 0.0048150436116659 0.000318996751973448 2.85676314942871e-05 3.27877112898162e-06 4.59868674064858e-07 7.59944631266007e-08 1.43927684677404e-08 3.05852905912609e-09 7.17301630506404e-10 1.8323392779778e-10 5.044507769876e-11 1.48377382012407e-11 4.62936932164385e-12 1.52283542405407e-12 5.25450751417825e-13 1.89343708422063e-13 1.3156355603675e-13
8 4 0 0.214873539534873 0.765797682261909 0.0186907189171016 0.000600027751280644 3.45898632443656e-05 3.02041243196364e-06 3.56480315573586e-07 5.28665406221998e-08 9.38165329684115e-09 1.92502080002553e-09 4.45428684047182e-10 1.14055433901779e-10 3.18501188637996e-11 9.58850618260358e-12 3.08316749150495e-12 1.05085717878339e-12 3.77265679528478e-13 1.41907056479402e-13 5.56747781346995e-14 4.6125016342471e-14
8 7 0 0 0 0.649406763650419 0.339668424324334 0.0103914434319756 0.000491919081321478 3.69171984900493e-05 3.8925333131483e-06 5.29696002275418e-07 8.78674631846507e-08 1.70778968272323e-08 3.7796607884274e-09 9.32516919165005e-10 2.52338152702792e-10 7.39429173368034e-11 2.32259686614029e-11 7.75565657650855e-12 2.73441664653197e-12 1.01212598685626e-12 7.54940624541021e-13
8 9 0 0.998838014613375 0.00116009143283732 1.87928376493709e-06 1.43843808825132e-08 2.72401775981742e-10 9.34947316024784e-12 4.9012775467234e-13 3.53469228354351e-14 3.27316617336098e-15 3.70924298986982e-16 4.96730036867899e-17 7.65689072007517e-18 1.33123213604584e-18 2.56889903706967e-19 5.43141127837408e-20 1.24495057029577e-20 3.06654941985459e-21 8.05754533693782e-22 2.24435874499036e-22 9.88319129457021e-23
9 8 0 1.00000000000676 4.7071346696955e-61 7.30163861821329e-95 3.66985823761696e-118 2.86119164197602e-136 3.22766574947268e-151 5.13727814161713e-164 3.01667791728378e-175 2.79607329640864e-185 2.30416967298012e-194 1.12317974395257e-202 2.39803154436229e-210 1.7846498163412e-217 3.87510551834842e-224 2.13112948414187e-230 2.64740397436829e-236 6.76215935313883e-242 3.28423838375981e-247 2.83976027835959e-252 4.11803124378784e-257
9 10 0 0.0071733987922363 0.620730255649414 0.298066230043318 0.0586564519896657 0.0117522490628869 0.00265730900554359 0.000678619200941161 0.000192915631807824 6.01315006512104e-05 2.02850345479595e-05 7.32697182696237e-06 2.80886363350662e-06 1.13463747363197e-06 4.80071418668647e-07 2.1169253214321e-07 9.6877942261481e-08 4.58464692391545e-08 2.23672207064992e-08 1.12198788596875e-08 1.55405919072829e-08
9 14 0 0 0.99300376929641 0.00697090367294559 2.50183103431178e-05 3.00590837012538e-07 7.76858964005975e-09 3.37498413844245e-10 2.1371146272309e-11 1.80343903773961e-12 1.90978941208204e-13 2.43249877354547e-14 3.61219947327304e-15 6.10784474625734e-16 1.15458814628736e-16 2.40466280006279e-17 5.45312474472534e-18 1.33349795056932e-18 3.4881254690904e-19 9.69382538846853e-20 4.27292336410734e-20
9 15 0 0.17321948264413 0.692915943721405 0.118468496828423 0.0133576847731161 0.0017155491958586 0.000262813153686932 4.72370861836549e-05 9.73309179443026e-06 2.25222575271338e-06 5.75480269870685e-07 1.60168490179297e-07 4.80226533483442e-08 1.53712436413388e-08 5.21339785506733e-09 1.86197504219731e-09 6.96603572555124e-10 2.71778500135857e-10 1.10153116055295e-10 4.62265195559651e-11 4.33763419198078e-11
9 16 0 0 0.999955204328662 4.47956493630029e-05 2.19667105794206e-11 8.62754375628745e-15 3.18257967126328e-17 3.80614680336273e-19 9.51283374314878e-21 3.9592709352162e-22 2.40031110186531e-23 1.94495593335641e-24 1.98611809895593e-25 2.45056357617632e-26 3.5408934202301e-27 5.85011506978003e-28 1.08465806182316e-28 2.22334441936069e-29 4.97775278282706e-30 1.20511131360093e-30 4.35181530889675e-31
10 3 0 0 0.208397017693469 0.573367181911905 0.174450075968601 0.0348513402338692 0.00694754555610551 0.00150084310058063 0.000355968922197054 9.23136485021598e-05 2.59604533345862e-05 7.84892858689027e-06 2.53125247874242e-06 8.64737906931271e-07 3.11073744953354e-07 1.1723016798967e-07 4.60774486225111e-08 1.88168140898388e-08 7.95730450416601e-09 3.47443881650567e-09 3.53150015276906e-09
10 9 0 0.581278902799938 0.417745195316493 0.000965908002024348 9.72057204782269e-06 2.59557846023798e-07 1.27062199220223e-08 9.4182673306558e-10 9.45997411081041e-11 1.19999875111067e-11 1.83281109029927e-12 3.25800043552967e-13 6.57318892344324e-14 1.47666147901473e-14 3.63891032317707e-15 9.72002493557544e-16 2.78717908169873e-16 8.51139034799798e-17 2.74969332121699e-17 9.34495500969909e-18 5.88486086935559e-18
10 11 0 0 0.201537350250996 0.552633582674115 0.188666708444711 0.0436614093593903 0.0100552737492215 0.00248738977107998 0.000669301274313599 0.000195237578012762 6.12923245875979e-05 2.05496787165213e-05 7.3060131708385e-06 2.73730217701981e-06 1.07494452360167e-06 4.40400812772175e-07 1.87483878936084e-07 8.26461514848481e-08 3.76105908165729e-08 1.76229223941684e-08 2.08706277108424e-08
10 13 0 0.449185962523195 0.51769897684807 0.0308915490838307 0.00201365032281924 0.00018363568045983 2.21411127361042e-05 3.32660583997206e-06 5.95739642600435e-07 1.23088249603827e-07 2.86383887425647e-08 7.36603601086575e-09 2.06458928130643e-09 6.23445104607558e-10 2.00970352551696e-10 6.86374042367485e-11 2.46811872399877e-11 9.29530351351768e-12 3.6501839353245e-12 1.48887694913282e-12 1.32533169853821e-12
11 2 0 0.947258540332041 0.052488162380276 0.000248596517296698 4.50837259328458e-06 1.79271536422216e-07 1.18028379955087e-08 1.10680832987641e-09 1.35089828152575e-10 2.02400499655093e-11 3.57528576261317e-12 7.23230672446205e-13 1.63931176780129e-13 4.09449926044781e-14 1.11218729906391e-14 3.25091571147122e-15 1.01377569660954e-15 3.34880560969874e-16 1.16481249160483e-16 4.24466786569501e-17 3.04720031617997e-17
11 10 0 0 0.672139971617125 0.301539758235329 0.023848105394378 0.00217024751678398 0.000255809678117211 3.76698583793237e-05 6.64857458159297e-06 1.36064975239362e-06 3.1482594100413e-07 8.07760086654219e-08 2.26374234687992e-08 6.84720437353718e-09 2.21392719761212e-09 7.59214766407914e-10 2.74342389011709e-10 1.03892203459656e-10 4.10424386927487e-11 1.68474279897179e-11 1.52242891648402e-11
11 12 0 0.61391580008715 0.351074484317442 0.0315660281122218 0.00301570070621173 0.000362357163810341 5.3655352831833e-05 9.45318416243537e-06 1.92305033129954e-06 4.4115355383774e-07 1.12039872431122e-07 3.1048429842055e-08 9.28033728677154e-09 2.96398267877105e-09 1.00377577998813e-09 3.58157278922780e-10 1.33923764822896e-10 5.22410897746897e-11 2.11760920134582e-11 8.88992958264359e-12 8.35527951524893e-12
12 11 0 0.938583016501152 0.060225263302749 0.00114598033965369 4.28258359643585e-05 2.64713008282837e-06 2.34849122666669e-07 2.73070051097136e-08 3.91860752057956e-09 6.65708930237204e-10 1.29923344970867e-10 2.8484122266033e-11 6.89535926638515e-12 1.8183484610983e-12 5.16724295855966e-13 1.56844683211134e-13 5.04827384318973e-14 1.71249106994802e-14 6.09094191084937e-15 2.26150080265832e-15 1.67039870160174e-15
12 23 0 0.272424500830233 0.617869742606941 0.0946499699346492 0.0125468024165749 0.00200531282660034 0.000385672028411305 8.66226849831359e-05 2.2110989929488e-05 6.2775672276299e-06 1.94942679058067e-06 6.53520447941861e-07 2.34060253197436e-07 8.88120535453492e-08 3.54583783500336e-08 1.4811848955896e-08 6.44295561193028e-09 2.90674036040995e-09 1.35546155369327e-09 6.51402514138092e-10 8.21313922834908e-10
13 10 0 0.97280334001909 0.0270925600097687 0.00010222287198047 1.79902316344439e-06 7.26649656319679e-08 4.93758435653497e-09 4.80917765973265e-10 6.11175671904373e-11 9.54122992909096e-12 1.75581259908414e-12 3.69786753833711e-13 8.7192332955497e-14 2.26333483560146e-14 6.38305649036482e-15 1.93521509316588e-15 6.25339540774152e-16 2.13847840630847e-16 7.69338862917792e-17 2.89717317403059e-17 2.22283338615649e-17
13 14 0 0.493304101567877 0.505518715275486 0.00116766908081898 9.30755688914988e-06 1.9810170255635e-07 7.89084912360792e-09 4.85121198288407e-10 4.10739532882069e-11 4.45171678194393e-12 5.87598698120339e-13 9.11473459941913e-14 1.61819023213856e-14 3.22223601414263e-15 7.08356005476483e-16 1.69753112137607e-16 4.3892394081897e-17 1.21417580540116e-17 3.56792974955099e-18 1.10711515373357e-18 5.89348217565694e-19
13 22 0 0.999848169043616 0.000151809641076626 2.12555909754755e-08 6.0054545053673e-11 6.70261138496845e-13 1.6778748961147e-14 7.20163742744248e-16 4.55957131026549e-17 3.87827156254422e-18 4.16357040532805e-19 5.39917422210549e-20 8.18916694692044e-21 1.4178259792358e-21 2.74954776243914e-22 5.88351388270806e-23 1.37241116340323e-23 3.45528886887775e-24 9.31207390606552e-25 2.6677830523278e-25 1.24439771329813e-25
14 9 0 0 0.135452506412572 0.534092853601599 0.240216354084839 0.066290672765138 0.0172661835271834 0.00468627155230913 0.00135716548956713 0.000420522289264977 0.000138905482097186 4.86519188590042e-05 1.79698068858548e-05 6.96353554012248e-06 2.81819762095328e-06 1.18635704668506e-06 5.17635414616963e-07 2.3337210899202e-07 1.08419177765038e-07 5.17788122334938e-08 6.37739641708765e-08
14 13 0 0.128140005167139 0.820893479030358 0.0480234273319189 0.00267987919186702 0.000230356954560805 2.75956044181817e-05 4.23868699905835e-06 7.88680880143628e-07 1.70917637792925e-07 4.19446099523074e-08 1.14165877641942e-08 3.39229039880759e-09 1.08689325988382e-09 3.71837614890142e-10 1.34753184473687e-10 5.13931702228267e-11 2.05157947101399e-11 8.53289326382316e-12 3.68327881224192e-12 3.7097543587316e-12
14 18 0 0.657116320680419 0.317679851419303 0.0231140457574556 0.00186435224563244 0.000194807935580495 2.55986325798535e-05 4.06159951100747e-06 7.52442488508732e-07 1.58582750724889e-07 3.72664263939018e-08 9.61233594221373e-09 2.68758219208113e-09 8.06373580091431e-10 2.57494447615822e-10 8.69130255579915e-11 3.08315550133350e-11 1.14390086850315e-11 4.42036917309625e-12 1.77275784997359e-12 1.51658172841832e-12
14 21 0 0.999999999995924 4.32619009360412e-12 5.44235777776732e-17 2.76058185571496e-20 8.12486276455848e-23 6.83414976648062e-25 1.16389458016621e-26 3.30035857591024e-28 1.37870251966619e-29 7.81660153806407e-31 5.6765406930983e-32 5.06110627093014e-33 5.36491321204929e-34 6.59498876462752e-35 9.2176278674696e-36 1.44162300234216e-36 2.49019985222669e-37 4.69949088816357e-38 9.60149291755266e-39 2.65679394558819e-39
15 7 0 0.208313580734118 0.773650601928015 0.0174984159754604 0.000508112804387784 2.68371430643987e-05 2.17141460745306e-06 2.39539367547195e-07 3.34297750795905e-08 5.6130464384639e-09 1.09458202463156e-09 2.41597529126663e-10 5.91964526196425e-11 1.58609638500618e-11 4.59229562247213e-12 1.42309795034188e-12 4.68314144742594e-13 1.6259585052983e-13 5.92347041006052e-14 2.25383271367858e-14 1.75562750465195e-14
15 9 0 0.112521752988734 0.689782563513961 0.169508731870927 0.0238565342888561 0.00356337290007716 0.000611157381862533 0.000120137385953884 2.66507104222694e-05 6.56523748485119e-06 1.77090147363882e-06 5.16931973209189e-07 1.61710460961798e-07 5.37773069929606e-08 1.88836252986027e-08 6.96193905433632e-09 2.68188533586797e-09 1.0750402696163e-09 4.46828219851727e-10 1.91976655991137e-10 1.88845830694261e-10
15 16 0.994794677988562 0.0052053026517481 1.93495352000185e-08 1.17937823895879e-11 5.11033002057796e-14 6.48261677850675e-16 1.63808846306618e-17 6.71808868059853e-19 3.9540404392601e-20 3.08252619122985e-21 3.01151965692115e-22 3.54242781749965e-23 4.8691932572321e-24 7.64291188164729e-25 1.34536676696479e-25 2.61753126834138e-26 5.56244786969078e-27 1.27851687178526e-27 3.15246097894668e-28 8.28094437005501e-29 3.32754705301986e-29
15 17 0 0.945655325582598 0.052893216733483 0.00137348707894896 7.12118625956345e-05 5.94037604350175e-06 6.91535346463884e-07 1.03002511710253e-07 1.85577284143212e-08 3.89191124917026e-09 9.24320833414531e-10 2.43581273968911e-10 7.01221209186867e-11 2.17848559929314e-11 7.23281675549844e-12 2.54607540839901e-12 9.44076843296022e-13 3.6672841404333e-13 1.48552562476562e-13 6.25037098244077e-14 5.96028483886009e-14
16 9 0 0 0.929872432257441 0.0701201890847721 7.35808040590494e-06 2.03373332259773e-08 2.40269297267982e-10 6.49303969813366e-12 3.01827201258911e-13 2.06540582014451e-14 1.89167356257798e-15 2.17764847905389e-16 3.01563151215007e-17 4.86566579574992e-18 8.92959432642303e-19 1.8296362491527e-19 4.12429353812589e-20 1.01073222181225e-20 2.66691162893244e-21 7.51568836133625e-22 3.43943975164273e-22
16 15 0.287390140866617 0.704507517188287 0.007944024868167 0.000151938451137273 5.95774552491356e-06 3.81417762492879e-07 3.46483166311859e-08 4.09298298392468e-09 5.93593770602256e-10 1.01548239695188e-10 1.99073115583728e-11 4.37607214453244e-12 1.06078323331514e-12 2.7984400061222e-13 7.94976914424957e-14 2.41094552262807e-14 7.75006058775158e-15 2.62482786498021e-15 9.31892328884925e-16 3.45310952221983e-16 2.53870548405785e-16
16 18 0.303609472451413 0.684269061673033 0.0117461098863702 0.000353064323035947 2.02399619639438e-05 1.79410374870773e-06 2.16814747197559e-07 3.30525210094621e-08 6.039857272298e-09 1.27697295378852e-09 3.04468930940343e-10 8.03114566327216e-11 2.30923852952943e-11 7.1542078249177e-12 2.36589537175941e-12 8.28811843160428e-13 3.05631592186107e-13 1.18010883325522e-13 4.74983522131249e-14 1.98518456403512e-14 1.86341779912622e-14
17 6 0.227193237757018 0.759411973633856 0.0130706195642948 0.000309125316201353 1.39403786489054e-05 9.90767095558863e-07 9.78452618437578e-08 1.23926837080432e-08 1.90809008970691e-09 3.44000620598058e-10 7.06617387264524e-11 1.6201199343841e-11 4.08082761474884e-12 1.11515558968973e-12 3.27279754896516e-13 1.02307656573749e-13 3.38317018492706e-14 1.17670036626912e-14 4.28364125097244e-15 1.62535820301321e-15 1.25103274897201e-15
17 15 0 0.752053563729775 0.228049681813129 0.0177796343534001 0.0018162243983063 0.000247238812940072 4.22334893006468e-05 8.62206277640741e-06 2.03038480591862e-06 5.3740959126318e-07 1.56813694370111e-07 4.97026727436554e-08 1.69145462805332e-08 6.12369688332921e-09 2.3409222095009e-09 9.39083758966777e-10 3.93310932914208e-10 1.71239156907863e-10 7.72158084810324e-11 3.5947775906627e-11 4.23288502982405e-11
17 19 0 0.990617361541655 0.00937516352060346 7.42908766953042e-06 4.44772447655297e-08 7.78663782493963e-10 2.65451820647558e-11 1.43176785375027e-12 1.08243492946762e-13 1.0616542152395e-14 1.2815728644234e-15 1.83374403736341e-16 3.02445280835222e-17 5.62864809389267e-18 1.16240496515188e-18 2.62852266544993e-19 6.43808528036602e-20 1.69280764024455e-20 4.74263095850119e-21 1.40686039193398e-21 6.92891646485348e-22
18 14 0 0.999999999997218 1.10793343204543e-21 7.06070799315496e-30 2.55906539379939e-35 1.8105159240334e-39 7.45567608977202e-43 9.9641676373527e-46 3.10729539084484e-48 1.84054676656318e-50 1.80474530425949e-52 2.65946917441357e-54 5.48740483556716e-56 1.5029635898894e-57 5.24309551432623e-59 2.25468126902536e-60 1.16413728044295e-61 7.06302326600589e-63 4.94641067512375e-64 3.93911848575777e-65 3.64642105501398e-66
18 16 0.965415386751627 0.0345839837215531 6.2893125515664e-07 6.40818947058838e-10 3.68616143455784e-12 5.63151816963837e-14 1.62641108772382e-15 7.38287478767645e-17 4.70784624397743e-18 3.91675414185414e-19 4.03830438371831e-20 4.97062063357878e-21 7.101742995078e-22 1.15250926269243e-22 2.08839179851535e-23 4.16757234648118e-24 9.05659001164895e-25 2.12324552591768e-25 5.32827184064337e-26 1.42179712671482e-26 5.84593241332132e-27
18 19 0 0.999999934563322 6.55352078742097e-08 9.02619994484357e-14 1.69641442017294e-17 2.66188454804133e-20 1.41190395373775e-22 1.66760606545415e-24 3.4852478843338e-26 1.11935313689498e-27 5.03267771595573e-29 2.96799987066999e-30 2.18973911994879e-31 1.95036227557626e-32 2.04025117620435e-33 2.45279590296677e-34 3.33009972925109e-35 5.03345474857794e-36 8.3704072881234e-37 1.51630612495286e-37 3.5592119258672e-38
19 17 0 0.885534842670884 0.113628594368081 0.000819031598133254 1.67840894159719e-05 6.96098570276114e-07 4.62601571922304e-08 4.30868365067799e-09 5.1774712596043e-10 7.59821648991947e-11 1.31066643084847e-11 2.58431470269683e-12 5.70363669745019e-13 1.38630518253976e-13 3.66344150865429e-14 1.04171667307552e-14 3.16054088893226e-15 1.01594864696916e-15 3.4396679340359e-16 1.22044831171403e-16 8.29874640146922e-17
19 18 0 0.997322989207317 0.00267585826151471 1.14720147844554e-06 5.25715831116729e-09 7.8400874178044e-11 2.39431623904273e-12 1.1905161427425e-13 8.44968694655475e-15 7.87787385691067e-16 9.12131039025365e-17 1.26027560944466e-17 2.01765841502709e-18 3.65990831607251e-19 7.39156771656421e-20 1.63905512155977e-20 3.94578038783187e-21 1.02167956735863e-21 2.82338777754695e-22 8.27294083949962e-23 3.99676115050248e-23
19 20 0 0 0.755142446251408 0.232133765890393 0.0118720786444541 0.000772763501215697 6.94018391300757e-05 8.11905108448335e-06 1.17270459831436e-06 2.00828273033632e-07 3.9565425243697e-08 8.76534044706442e-09 2.14565619917384e-09 5.72397580707358e-10 1.64583645626086e-10 5.05507974787642e-11 1.6462921749751e-11 5.64988228350454e-12 2.03263772175106e-12 7.63198775933166e-13 5.76684679474899e-13
19 21 0 0.975982898642962 0.0240168336264942 2.67583746117177e-07 2.19536327392274e-10 1.09543214677064e-12 1.50452263337526e-14 3.98966265148105e-16 1.68629288861401e-17 1.01123278722874e-18 7.97098177111513e-20 7.83172381064988e-21 9.22903557716032e-22 1.26721011135431e-22 1.98264066103318e-23 3.47292792095028e-24 6.71513472067215e-25 1.4167585219217e-25 3.2303935994678e-26 7.8966316256791e-27 2.84632405614356e-27
20 19 0 0 0.923152931511433 0.0741689373654911 0.00250585727849445 0.000155132213085456 1.48190441141399e-05 1.9267990171405e-06 3.15230170006712e-07 6.16362105540834e-08 1.39010122119725e-08 3.52506735658485e-09 9.86131193101439e-10 2.99925271102568e-10 9.80461003777206e-11 3.41354937562228e-11 1.2563204196232e-11 4.85776948366865e-12 1.96325885445715e-12 8.25714664189642e-13 7.91354767562823e-13
20 21 0.478933880273923 0.518840773524401 0.00219547526229111 2.88992619539063e-05 9.16129244206759e-07 5.08683892635818e-08 4.16481243400275e-09 4.5413423479608e-10 6.17797994864154e-11 1.00281694625108e-11 1.88130034887979e-12 3.98357409187621e-13 9.34981127952747e-14 2.39821358549128e-14 6.64666207391303e-15 1.97217667398669e-15 6.21742381058383e-16 2.0693622155085e-16 7.23254155767116e-17 2.64230553681598e-17 1.89450635691372e-17
20 23 0 0.993894176194251 0.00605964179238156 4.50650684402004e-05 1.06323211490637e-06 4.96497599226253e-08 3.64188191893344e-09 3.69112019299395e-10 4.77696375655802e-11 7.49218721972215e-12 1.37291632973273e-12 2.86198326958073e-13 6.65173632960118e-14 1.69697422230072e-14 4.69379747443354e-15 1.39365626564772e-15 4.40578743011146e-16 1.47293171016886e-16 5.1779420550844e-17 1.90477906227614e-17 1.38993319903185e-17
21 14 0 0.999999999999983 5.6634890378813e-139 2.15998671597152e-206 4.62676063377349e-252 2.96572706385201e-287 3.79276854608156e-316 0 0 0 0 0 0 0 0 0 0 0 0 0 0
21 19 0 0.147877148862373 0.831810355835099 0.0198219235048604 0.000469155617233764 1.996065526188e-05 1.31834286081309e-06 1.20582371635271e-07 1.41531150752376e-08 2.02358350569846e-09 3.39652549053677e-10 6.5130513170049e-11 1.39772615217428e-11 3.30366218731673e-12 8.49158183612896e-13 2.34933146599911e-13 6.93755351924811e-14 2.17137415871195e-14 7.16097080534473e-15 2.47596533734407e-15 1.5989397190451e-15
21 20 0.899611204777995 0.100379747816928 9.02856619993066e-06 1.86658698610366e-08 1.70677591564079e-10 3.68726987993682e-12 1.40544591794032e-13 8.04451814478733e-15 6.26176070875846e-16 6.20659185390552e-17 7.48135045714551e-18 1.06043545151628e-18 1.72328617921856e-19 3.14826393214716e-20 6.36607656694404e-21 1.40705804581428e-21 3.36455780633045e-22 8.63003602922246e-23 2.35749295158168e-23 6.81704159023053e-24 3.20145798588929e-24
21 22 0 0.998769640520894 0.00122991238694186 4.45036707101151e-07 2.01051227615052e-09 3.05690505203407e-11 9.62336748282618e-13 4.95201851717834e-14 3.6417730608639e-15 3.51809599877447e-16 4.21833544693202e-17 6.03088248420632e-18 9.98141834913506e-19 1.86993530152125e-19 3.89663046493607e-20 8.90713826104537e-21 2.20841627043834e-21 5.88430714379786e-22 1.67198108108558e-22 5.03346178013351e-23 2.55255848302125e-23
22 13 0 0.19780413290751 0.690238087990038 0.100527339923138 0.0100522162201283 0.001176134662392 0.000166905194896138 2.81050063443585e-05 5.46995870669024e-06 1.20303785984697e-06 2.93602856401676e-07 7.83597994940276e-08 2.26035274420282e-08 6.98001109761697e-09 2.28936103399735e-09 7.92328080228554e-10 2.87763011647317e-10 1.09162056422412e-10 4.30798734991802e-11 1.76254440742433e-11 1.56991999354347e-11
22 21 0 0.453841614976647 0.521951002974237 0.0230462562044678 0.00108010399437728 7.32850146693937e-05 6.79079662227892e-06 8.05158261025896e-07 1.16252335766214e-07 1.97089296166348e-08 3.8182524623305e-09 8.2796666287773e-10 1.97745059420618e-10 5.1355277003443e-11 1.43536859269589e-11 4.28116934275558e-12 1.35309126223752e-12 4.50495779881979e-13 1.57207904092047e-13 5.72547180799952e-14 4.05908408065231e-14
22 23 0.974167074644722 0.0258327402134253 1.85075885706574e-07 1.07105467994066e-10 4.06304071459376e-13 4.44678606678107e-15 9.70318004768661e-17 3.45464502058781e-18 1.77653629535987e-19 1.21794094792312e-20 1.05282119966634e-21 1.10200620617975e-22 1.35492352215438e-23 1.91143376731482e-24 3.03721738600827e-25 5.3554534284925e-26 1.03522145674429e-26 2.17172738733409e-27 4.9027218186428e-28 1.18253456132169e-28 4.13996934446432e-29
23 12 0 0.996106589179821 0.0038920606977012 1.34379587101357e-06 4.82700257915339e-09 5.79586387707339e-11 1.4608508220692e-12 6.11564787375746e-14 3.71339759783009e-15 3.00066908373469e-16 3.04393177735853e-17 3.71849507943004e-18 5.3046591539833e-19 8.63216934549479e-20 1.57323459826703e-20 3.16465853750973e-21 6.94327982215509e-22 1.64535552465937e-22 4.17703387413623e-23 1.12823249831324e-23 1.44011991221049e-09
23 20 0 0.958776024670956 0.0404357580863498 0.000755591904202277 3.03423546909891e-05 2.05268224103424e-06 1.99847309407818e-07 2.5451014363969e-08 3.98670847872069e-09 7.36530161824255e-10 1.5574211138883e-10 3.68643913887332e-11 9.60337656860411e-12 2.71701533289947e-12 8.26056049796123e-13 2.67570735179537e-13 9.16850549607815e-14 3.30382600666306e-14 1.24572678043519e-14 4.89399726665065e-15 4.05354017635889e-15
23 22 0.871419541429476 0.128549072579446 3.1262716859676e-05 1.21444832172777e-07 1.77542596583582e-09 5.59911924931748e-11 2.93698888044895e-12 2.21910615268204e-13 2.21027458834282e-14 2.73618078225694e-15 4.03973698122899e-16 6.9020016173262e-17 1.33389633617048e-17 2.86501783561255e-18 6.74396579310159e-19 1.72021489182887e-19 4.71096108146132e-20 1.37453457580101e-20 4.24534572766333e-21 1.38037287823642e-21 7.98090370071223e-22
