0 1 0 0 1 1.19591542312911e-29 2.618906530328e-78 6.19308023668006e-130 8.81993944647036e-183 2.68675986567172e-236 3.08267169929034e-290 0 0 0 0 0 0 0 0 0 0 0 0
0 2 0 0.00573195721297657 0.951381955591823 0.042882240894959 3.84628402637132e-06 1.62152206136563e-11 1.33267450651554e-17 3.9851555048763e-24 5.9999460287922e-31 5.50030941680578e-38 3.46422694770024e-45 1.6262330222636e-52 6.02707734352012e-60 1.83943498673664e-67 4.77228238205164e-75 1.07871575977072e-82 2.16595450352518e-90 3.92386987346842e-98 6.49551161269746e-106 9.928779144335e-114 1.41377470794727e-121
1 0 0 0 0.138540309126409 0.781320852126731 0.0793630517157415 0.000773519713178684 2.26402578603524e-06 3.28912215185271e-09 3.0315097404751e-12 2.03155975261636e-15 1.075821911588e-18 4.75381816636074e-22 1.81988653571421e-25 6.20099192087828e-29 1.91862778555891e-32 5.47351648898091e-36 1.4570095401567e-39 3.65335628784844e-43 8.69519403938893e-47 1.97673493413351e-50 4.32568987955157e-54
1 5 0 0.0655197062250082 0.934478516214117 1.77756087262996e-06 1.63237187677849e-16 8.12214959568707e-28 1.01709984096465e-39 5.68671031050813e-52 1.87253284004056e-64 4.24024757258336e-77 7.26525302412677e-90 1.00324889026035e-102 1.16655632789458e-115 1.17899264686276e-128 1.0604861038786e-141 8.64501709712967e-155 6.47835643585314e-168 4.51362969862715e-181 2.95080770870145e-194 1.82385693307389e-207 1.07265318865327e-220
2 0 0 0.999999999994999 5.0017298740723e-12 5.85034005074142e-50 5.39098651697905e-92 1.94569726795954e-135 1.33921445175711e-179 3.36016561725058e-224 4.27220195222121e-269 3.3301734293274e-314 0 0 0 0 0 0 0 0 0 0 0
2 3 0 0.0633479313009472 0.934191279338687 0.00246078137363631 7.98672844525825e-09 1.54521378235216e-15 6.7828221939146e-23 1.19487838055838e-30 1.13411283394057e-38 6.88690036744927e-47 2.98356777031342e-55 9.92365611600707e-64 2.66890334281334e-72 6.02828023251275e-81 1.17672947941694e-89 2.02946875238208e-98 3.14689781260987e-107 4.44892615852605e-116 5.80032696929702e-125 7.03984798971475e-134 8.0235224329829e-143
2 11 0 0.204279382656416 0.791185600418881 0.00453444420097237 5.72708583146382e-07 1.51453890919548e-11 1.75012594137239e-16 1.21249224173842e-21 5.93506282345739e-27 2.25964922815607e-32 7.11289371276265e-38 1.92903916903903e-43 4.64061461882713e-49 1.01162706255988e-54 2.0308248887064e-60 3.80138395189877e-66 6.7003549527122e-72 1.12090631926159e-77 1.79122925030413e-83 2.74885414156636e-89 4.05446820135601e-95
3 2 0 0.999999999999997 5.6299071390959e-15 9.63319832731997e-54 2.29141911741978e-95 5.72273350436773e-138 4.51362970020644e-181 1.76438865042965e-224 4.29842254506835e-268 7.45119105070026e-312 0 0 0 0 0 0 0 0 0 0 0
3 4 0.274166315244484 0.725833664452287 2.03032216837492e-08 9.37950662460028e-20 3.89772500670753e-32 5.20020819948516e-45 3.57364519448355e-58 1.58896457787039e-71 5.19310218624691e-85 1.34954929999417e-98 2.93719418333337e-112 5.55026723015414e-126 9.34656861207639e-140 1.43020437122635e-153 2.01849385062037e-167 2.65835100754431e-181 3.29761307260312e-195 3.88213085816199e-209 4.36435537997445e-223 4.70969295964134e-237 4.89967931988821e-251
3 10 0 0 0.034680006333754 0.890736541126006 0.0744917387108885 9.17026357462296e-05 1.11932464198118e-08 3.58500566859472e-13 4.83953942374894e-18 3.57596875503672e-23 1.69498543527346e-28 5.71512136653353e-34 1.47178144935837e-39 3.04611656465429e-45 5.26177924120555e-51 7.80709671233236e-57 1.01752812791688e-62 1.1858509480361e-68 1.25365853064117e-74 1.21647546789372e-80 1.09058912944926e-86
4 3 1 1.0315239451024e-33 4.51770135841113e-181 0 0 0 0 0 0 0 0 0 0 0 0 0 0 0 0 0 0
4 5 0 0.216872620506271 0.777025014207185 0.00610082382309641 1.54136859136673e-06 9.48528538912275e-11 2.75860229609749e-15 5.04615752149282e-20 6.7360916702079e-25 7.15871800408913e-30 6.40150100202197e-35 5.00011872872991e-40 3.5027302454302e-45 2.24374396785908e-50 1.33361441688393e-55 7.43855755674731e-61 3.92848375438177e-66 1.97857346476312e-71 9.55891150762104e-77 4.45133334961865e-82 1.99750518263686e-87
4 8 0 0.000425902340520602 0.823969680867533 0.175110712742984 0.000493512840934074 1.91180738645042e-07 2.7282106992739e-11 2.14595697039171e-15 1.13715853033671e-19 4.54981076259801e-24 1.47548285775753e-28 4.06530497807226e-33 9.83420167405219e-38 2.13905649136077e-42 4.25881004169662e-47 7.86836452434272e-52 1.36356692191022e-56 2.23558756990351e-61 3.4918467814433e-66 5.22583357954067e-71 7.49756295965266e-76
5 1 0 4.82289609980206e-09 0.198808443123481 0.765287676789564 0.0358247432384019 7.9100198890392e-05 3.18222207369238e-08 4.54499673833397e-12 3.25261120433503e-16 1.42195961487316e-20 4.29840841010649e-25 9.75709665811273e-30 1.76182639457345e-34 2.63884077673291e-39 3.38285055523086e-44 3.80213694883293e-49 3.81814753854148e-54 3.47787420344e-59 2.90892602894224e-64 2.25677071363683e-69 1.63046678513043e-74
5 4 0 0.226911382650254 0.773049502872705 3.91144761087907e-05 9.3168389833023e-13 1.14339875490617e-21 2.99555467270367e-31 3.04371024383129e-41 1.62994746467612e-51 5.49881468017458e-62 1.30839239683446e-72 2.369171895571e-83 3.4445445885532e-94 4.18199505085212e-105 4.36712884646153e-116 4.01320483018378e-127 3.30440616614155e-138 2.47332312442622e-149 1.70281992586178e-160 1.08887853640947e-171 6.52423050436799e-183
5 7 0.229350419446396 0.770649270312831 3.1024077228789e-07 5.27612055486426e-17 1.00828789598305e-27 6.85392494029569e-39 2.54626823492851e-50 6.36168974894164e-62 1.20055025874352e-73 1.83833380900838e-85 2.39461684361103e-97 2.74210276426928e-109 2.82674331481359e-121 2.67022920116395e-133 2.34301543353609e-145 1.93015265222061e-157 1.50552826086483e-169 1.11959026957828e-181 7.98291915808507e-194 5.48331117757587e-206 3.64412407864268e-218
6 7 0 0.999996509102284 3.49089774807563e-06 1.87260573637287e-18 3.25010198099827e-32 1.34643441352784e-46 2.53033757071297e-61 2.87894495975561e-76 2.31498552334034e-91 1.44330875815834e-106 7.40755837124453e-122 3.2604868505138e-137 1.26731104655137e-152 4.44493033677634e-168 1.43008629409464e-183 4.27488534945689e-199 1.19937012121181e-214 3.18418650998114e-230 8.05313754951947e-246 1.95101309535915e-261 4.54805712586254e-277
6 17 0.677255024136197 0.322744975856585 7.22041241896544e-12 7.08886222973215e-26 8.99290199314907e-41 4.36005500928071e-56 1.2063587341637e-71 2.3104209459503e-87 3.41184938109755e-103 4.15173770106663e-119 4.34960858815709e-135 4.04459185013912e-151 3.41242571726553e-167 2.65552935693899e-183 1.9302150393142e-199 1.32345355200001e-215 8.62732362026922e-232 5.38117075712544e-248 3.22839296571707e-264 1.87110399541249e-280 1.05128549079698e-296
7 5 0.999965450686153 3.45493138299393e-05 4.24915995925017e-56 1.96160597559016e-115 7.18870686286787e-177 2.76766940154486e-239 2.87792551000003e-302 0 0 0 0 0 0 0 0 0 0 0 0 0 0
7 6 0 0.992763957747966 0.00723604211932631 1.32707995006313e-10 3.68194111525002e-20 1.72451028859247e-30 3.01423338007175e-41 2.81459766816647e-52 1.70269211457889e-63 7.49139847209398e-75 2.58342763875154e-86 7.3498344723417e-98 1.78936054977388e-109 3.83006878233362e-121 7.35759787519056e-133 1.28894911611413e-144 2.08554225666503e-156 3.14871292568226e-168 4.47319307822059e-180 6.0212842917616e-192 7.7282426405564e-204
7 8 0 0 0 0.999999999999988 9.62570898682196e-20 6.8948179821426e-74 2.59420030168231e-132 3.36303334681753e-192 7.79790501316753e-253 6.341366798181e-314 0 0 0 0 0 0 0 0 0 0 0
7 15 0 0.0243839505195827 0.975220416210051 0.000395633184924518 8.54394794130389e-11 1.6506177789403e-18 1.00606787176488e-26 3.11685179869394e-35 6.18694401272622e-44 8.96093427759809e-53 1.02613594903648e-61 9.79647695400796e-71 8.09042641741587e-80 5.93613576170997e-89 3.94755234357992e-98 2.4159264467077e-107 1.37712724934302e-116 7.38161721432419e-126 3.74958521637215e-135 1.81650813438269e-144 8.44539407323706e-154
8 4 0 0.999999999995701 4.29863060009275e-12 1.47206370180646e-88 7.7234181463466e-172 8.30926463318007e-257 0 0 0 0 0 0 0 0 0 0 0 0 0 0 0
8 7 0 0 0 6.5763239643473e-07 0.0406381809087823 0.541368974953339 0.37460278655071 0.0419016047229805 0.00146390299346632 2.36677565551169e-05 2.2306153483842e-07 1.41359775139077e-09 6.6137011546956e-12 2.43590487095198e-14 7.39441877223599e-17 1.91381086874745e-19 4.33332806466122e-22 8.75692661797259e-25 1.60458593863729e-27 2.70016366024584e-30 4.28298132779182e-33
8 9 0 0.92602152033973 0.073977590193359 8.89466524849236e-07 3.56058738516344e-13 3.25918285770173e-20 1.31072202382309e-27 3.11956181734314e-35 5.16034715773245e-43 6.53488467496811e-51 6.7448276176175e-59 5.92260439059718e-67 4.56235458547258e-75 3.15397633690073e-83 1.99076333716488e-91 1.16281109124907e-99 6.35270815956623e-108 3.27420840821665e-116 1.6032854746197e-124 7.50254518148206e-133 3.37322861477337e-141
9 8 0 0.94788286284221 0.0521167731573439 3.64000511396358e-07 9.47546297997562e-14 5.95507382416324e-21 1.69590107018576e-28 2.91550768840245e-36 3.53208229127348e-44 3.30931232080438e-52 2.54685893398731e-60 1.67787503238664e-68 9.74586843151731e-77 5.10118249513213e-85 2.44637721161707e-93 1.08891025191345e-101 4.54497941238698e-110 1.79364979723797e-118 6.73832322104095e-127 2.42333608236698e-135 8.38731492723918e-144
9 10 0 0.0346653867114966 0.964201423232447 0.00113318713594055 2.92010720671383e-09 1.04041800862401e-15 1.43403334845491e-22 1.13109482426081e-29 6.17737478472171e-37 2.60018809479491e-44 9.01287336070893e-52 2.68783263735564e-59 7.10981229972055e-67 1.70534697425084e-74 3.7707312336429e-82 7.7837175736599e-90 1.5149564843742e-97 2.80220401159234e-105 4.95760058150767e-113 8.43346250339389e-121 1.38544556772282e-128
9 14 0 0 0.797175472652356 0.202796408364343 2.81188544410056e-05 1.28855304060335e-10 1.30810145556498e-16 5.71137676785959e-23 1.45442314648343e-29 2.54736447962873e-36 3.38881723888829e-43 3.65194737686678e-50 3.33188475598133e-57 2.6561885424054e-64 1.89400557789141e-71 1.22964428385795e-78 7.36996845331928e-86 4.12298422859842e-93 2.17204473353877e-100 1.08539997425153e-107 5.17235097672727e-115
9 15 0 0.996127152187257 0.00387284781274341 1.64806716941489e-17 3.17479867150738e-35 4.13902306260652e-54 1.35292644755334e-73 1.90113390159629e-93 1.51178860270648e-113 7.97764229245467e-134 3.08915877596283e-154 9.39161122350702e-175 2.35099763263033e-195 5.01757182937433e-216 9.37241245779532e-237 1.56356872492612e-257 2.36711603084482e-278 3.29395392480287e-299 4.22426127194266e-320 0 0
9 16 0 0 4.01547625235828e-09 0.0142226685617008 0.3670723293581 0.481581155800927 0.12442635750378 0.0120540928528579 0.000622042038176775 2.08301074933462e-05 5.09761393069122e-07 9.84011424954524e-09 1.57779013589818e-10 2.17968890251624e-12 2.66479638846186e-14 2.94185141010798e-16 2.97871553219022e-18 2.80038599724723e-20 2.46864845784205e-22 2.05697793249496e-24 1.6744045732932e-26
10 3 0 0 0.0191964768181084 0.793711169904864 0.185602753833365 0.00148788816001955 1.7106579208675e-06 6.256135059628e-10 1.08619706263887e-13 1.11951135534445e-17 7.85134943049899e-22 4.09656746006974e-26 1.69108476589957e-30 5.77236886989691e-35 1.68349457383723e-39 4.30111960746416e-44 9.81560373481586e-49 2.03205649687152e-53 3.86423928038314e-58 6.81942067764775e-63 1.1216453088145e-67
10 9 0 1.75771140105862e-05 0.27487946773948 0.630918239191738 0.0911584490988129 0.00298262841543678 4.32558188346289e-05 3.80224054321819e-07 2.38583338558029e-09 1.17541321528688e-11 4.82792985558758e-14 1.72113997421429e-16 5.47794140886859e-19 1.58890569668406e-21 4.26546868897182e-24 1.07247663859518e-26 2.5493037393297e-29 5.77188270390707e-32 1.2523236956547e-34 2.6169433048789e-37 5.38400601734497e-40
10 11 0 0 0.999999999999964 2.42474595838336e-19 1.11173872287621e-51 3.32357722702748e-86 1.24751792639225e-121 1.49758998934937e-157 8.73238431483141e-194 3.09214993960401e-230 7.5987638779071e-267 1.41254283586096e-303 0 0 0 0 0 0 0 0 0
10 13 0 0.0444509582541387 0.882529452094609 0.0727901468177298 0.000229284368072407 1.58417374353483e-07 4.80667196681575e-11 8.73179410254085e-15 1.11795692761605e-18 1.11058986556582e-22 9.10176659514705e-27 6.41456845439156e-31 4.00352639799434e-35 2.26109265306615e-39 1.17454912058382e-43 5.68300280833273e-48 2.58680392836237e-52 1.11661448791232e-56 4.60077819608419e-61 1.81923718871672e-65 6.91283551717888e-70
11 2 0 0.933189261352048 0.0668107386465302 3.4625326823216e-13 2.32994090062536e-28 6.58418698918849e-45 3.64027301936852e-62 7.43188738629803e-80 7.74768199173511e-98 4.97688089973047e-116 2.21822171943556e-134 7.42959084908278e-153 1.97811351531831e-171 4.36228920381777e-190 8.21867680674389e-209 1.35486582253705e-227 1.99150566907135e-246 2.64985999168558e-265 3.23122776058581e-284 3.64777774143181e-303 3.50786608547285e-322
11 10 0 0 0.760003612319438 0.239973018653536 2.33689823588391e-05 4.46801331322333e-11 1.50040368528992e-17 1.9043175921434e-24 1.29837654514543e-31 5.7515023504256e-39 1.85601347491111e-46 4.69925339300789e-54 9.82230274519689e-62 1.75765634204612e-69 2.76619035296103e-77 3.90797296692509e-85 5.03576757451317e-93 5.99403449128479e-101 6.65803860794958e-109 6.95947996553647e-117 6.89460654480732e-125
11 12 0 0.999975589492693 2.44105072948273e-05 9.62570897385369e-20 7.75671026156231e-37 4.7151263013089e-55 6.89481779425516e-74 4.08272890365052e-93 1.29401750833293e-112 2.59420017718382e-132 3.66433294510686e-152 3.9259741735775e-172 3.36303314127637e-192 2.39466898868776e-212 1.45993006377768e-232 7.79790446809426e-253 3.71623839948424e-273 1.60360161139124e-293 6.34136630905601e-314 0 0
12 11 0 1.00000000000013 3.59283606198503e-168 0 0 0 0 0 0 0 0 0 0 0 0 0 0 0 0 0 0
12 23 0 0.0608139189079157 0.919794199026637 0.0193870436919454 4.83820328695283e-06 1.70212305160929e-10 2.10574106430721e-15 1.36404674776702e-20 5.69283407037404e-26 1.72852947347002e-31 4.12507322521723e-37 8.1517390190431e-43 1.38403769725338e-48 2.07425752104085e-54 2.80061752184309e-60 3.46076389377748e-66 3.96299714398432e-72 4.24767106040895e-78 4.29628007941784e-84 4.12830680970514e-90 3.77781052086102e-96
13 10 0 0.999997315075278 2.68492466623611e-06 2.09302323747435e-24 1.65859820617767e-44 2.68262218303323e-65 1.92026475573687e-86 8.36066866661365e-108 2.60340664156706e-129 6.36799281667357e-151 1.29820187196934e-172 2.29531560505805e-194 3.61973026561501e-216 5.19687572402822e-238 6.89832059663722e-260 8.56749462340834e-282 1.00496748939564e-303 0 0 0 0
13 14 0 0.00115950279476222 0.971894294026772 0.0269449701752147 1.23299878497228e-06 4.46380712082511e-12 4.69338708817807e-18 2.37901410200196e-24 7.45206230191541e-31 1.65926509012115e-37 2.86384129813696e-44 4.05779485762848e-51 4.91231101072791e-58 5.22996551845262e-65 5.00401759897221e-72 4.37470242258468e-79 3.54024880291063e-86 2.6796760737293e-93 1.91315528431191e-100 1.29731068913736e-107 8.39593844612935e-115
13 22 0 1 7.66766192146628e-53 5.14820952004272e-131 3.45660274718922e-209 2.32082678557675e-287 0 0 0 0 0 0 0 0 0 0 0 0 0 0 0
14 9 0 0 0.994479972562969 0.00552002730819863 1.28829582067225e-10 6.33553129621386e-20 6.05827734859526e-30 2.33779816208565e-40 5.06492902585599e-51 7.3578133102967e-62 7.97214325724062e-73 6.90201309917103e-84 5.00530048980974e-95 3.14464214660296e-106 1.75476327038107e-117 8.86334737674375e-129 4.11252756447516e-140 1.7734911796572e-151 7.17553380669142e-163 2.7449622671855e-174 9.99808744954873e-186
14 13 0 0.00216662764715479 0.997773187671774 6.01846810425971e-05 1.06798640052636e-14 2.85048887147563e-26 1.03795619530299e-38 1.1791793911947e-51 6.23472632959104e-65 1.9193242855477e-78 3.94944301289341e-92 5.95068676108072e-106 6.99440373696806e-120 6.71396453256856e-134 5.44632243855528e-148 3.83270112204164e-162 2.38835274969636e-176 1.33966674261272e-190 6.85434573990949e-205 3.23404033122829e-219 1.41986879749443e-233
14 18 0 0.99999881102322 1.18897678766313e-06 1.25388074315653e-20 2.07337261197586e-36 6.06810578272341e-53 6.83598047044809e-70 4.20185610187985e-87 1.69883453875832e-104 5.05263696621642e-122 1.18834129975105e-139 2.32214306919532e-157 3.90562299297321e-175 5.80327260592181e-193 7.77043239397303e-211 9.52142727300711e-229 1.08082036032197e-246 1.14784150002898e-264 1.14971758939921e-282 1.09341411567154e-300 9.927162208759e-319
14 21 0 0.999999939053098 6.09464963477633e-08 4.09768683465358e-26 8.31183056254463e-47 1.51457100092749e-68 7.32259968494679e-91 1.52638558816732e-113 1.77882624054807e-136 1.35386174644731e-159 7.44027953839843e-183 3.16214227306189e-206 1.0915039138619e-229 3.17277509761026e-253 7.98300243103761e-277 1.77620704558656e-300 0 0 0 0 0
15 7 0 0.000607187239022638 0.953683869172602 0.0457043422560719 4.60129641978365e-06 3.58717769992018e-11 7.98639239692991e-17 8.47814422552335e-23 5.51990210811381e-29 2.54059534847258e-35 9.0266667891602e-42 2.62430564850506e-48 6.50161558686114e-55 1.41356017574709e-61 2.75700040119856e-68 4.90580269798421e-75 8.06999670130725e-82 1.24024999993398e-88 1.7961179140102e-95 2.46835095948371e-102 3.23318910778842e-109
15 9 0 0.536582452158124 0.463387532367789 3.00154550509333e-05 1.90314751204434e-11 2.10506600882882e-18 9.36579367027484e-26 2.38166400465998e-33 4.14739928664882e-41 5.49479649226831e-49 5.92075840805205e-57 5.4270913600175e-65 4.36809697796997e-73 3.1596140770668e-81 2.09023108266811e-89 1.28187936351942e-97 7.36589907884619e-106 3.99989841427952e-114 2.0670312048344e-122 1.02240235164232e-130 4.86603345151649e-139
15 16 0.999308958221614 0.000691041778544604 8.9051109725948e-31 2.98753131695811e-61 1.25212077923636e-92 1.98661784376338e-124 1.7915830677884e-156 1.11608258140555e-188 5.35451459036417e-221 2.11522365566648e-253 7.19037232037477e-286 2.16860233929098e-318 0 0 0 0 0 0 0 0 0
15 17 0 0.999999978798112 2.12027768601107e-08 4.88130928064289e-24 3.07013789018846e-41 4.32468418664728e-59 2.6713492912227e-77 9.78120990876663e-96 2.4948243256331e-114 4.8822417325493e-133 7.80248838098234e-152 1.06269923420351e-170 1.2716854041764e-189 1.36746491558558e-208 1.34415038008804e-227 1.22391587819577e-246 1.04329917299183e-265 8.39681420879036e-285 6.4252747051715e-304 0 0
16 9 0 0 1.98747443511039e-11 0.0122323936456524 0.512873199678005 0.437015144616704 0.0371430236738992 0.000730595725131143 5.61979813475138e-06 2.27842852911753e-08 5.8207916911694e-11 1.05007610978603e-13 1.44430334627903e-16 1.59859510084977e-19 1.48103525860641e-22 1.18302065462116e-25 8.33524046727136e-29 5.27383216803908e-32 3.03981049599018e-35 1.61488559678779e-38 8.04043206989312e-42
16 15 0.981465475466819 0.0185345245331806 1.07929967463813e-29 4.81881032880676e-63 6.10432442718272e-98 1.46542523382688e-133 1.33734122198188e-169 6.47864772411153e-206 2.00702742728462e-242 4.45841444803199e-279 7.65848563773876e-316 0 0 0 0 0 0 0 0 0 0
16 18 1.00000000000035 1.74973567086711e-135 0 0 0 0 0 0 0 0 0 0 0 0 0 0 0 0 0 0 0
17 6 0.0270844526217016 0.972782261425628 0.000133285948127401 4.54202237887428e-12 1.14377536679528e-20 8.32458319354686e-30 2.92767279452989e-39 6.38302245213466e-49 9.92105862594836e-59 1.1983180735597e-68 1.19073495874625e-78 1.012728480059e-88 7.58671509369093e-99 5.11439318875898e-109 3.15384838981669e-119 1.80209399000151e-129 9.6396221157437e-140 4.86745014118239e-150 2.3359953907121e-160 1.07162428030641e-170 4.7257961308373e-181
17 15 0 0.809962224832338 0.190035421268913 2.35389841663287e-06 2.38447462256761e-13 2.94778006428513e-21 1.12814460379925e-29 2.04435966303413e-38 2.20625879886124e-47 1.62743495152328e-56 8.97155258484387e-66 3.92917865496681e-75 1.42820173591041e-84 4.45013088304726e-94 1.21823274523959e-103 2.98656885970356e-113 6.65723712088567e-123 1.36588851871206e-132 2.60550021079881e-142 4.65941345770823e-152 7.8736117969007e-162
17 19 0 0.969778746151721 0.0302212538087379 3.98905057566975e-11 3.57470942874325e-22 5.43323695519566e-34 3.3065074827905e-46 1.14978548742428e-58 2.73998375386192e-71 4.97253505596867e-84 7.34631215145761e-97 9.24062977214147e-110 1.02142188067606e-122 1.01536670306056e-135 9.23681937450962e-149 7.79377950196519e-162 6.16463667984118e-175 4.60996296270801e-188 3.28193036091315e-201 2.23711765162195e-214 1.46727084528819e-227
18 14 0 0.998666524777535 0.00133347522241751 4.77394454393582e-14 7.1305445481846e-27 1.06181608286149e-40 4.42284394141614e-55 8.20238668514363e-70 8.69089642627952e-85 6.10866595745769e-100 3.13709997463683e-115 1.25747021569422e-130 4.12422483126601e-146 1.14605410234844e-161 2.77073603775893e-177 5.94928332281633e-193 1.15322580329567e-208 2.04489620646563e-224 3.35290825340508e-240 5.12919120038377e-256 7.37443171694952e-272
18 16 0.315096662223483 0.684903337776355 1.61757400746703e-13 1.87627115139928e-32 4.502824157547e-53 1.75298636165004e-74 2.36577904980618e-96 1.59453106122202e-118 6.58093097485306e-141 1.88551190485021e-163 4.07374401796405e-186 7.02961344317472e-209 1.00989050927751e-231 1.24588585085508e-254 1.35161060184114e-277 1.31360853352208e-300 0 0 0 0 0
18 19 0 0.005794704312494 0.963077651737788 0.0311264314894801 1.21245842125205e-06 1.81646366158872e-12 4.79610115100587e-19 4.33486960631948e-26 1.89350339806079e-33 4.89021682668931e-41 8.487014382543e-49 1.07903452010772e-56 1.06817749945342e-64 8.6093075488912e-73 5.84298321838242e-81 3.42725231692615e-89 1.77345209385658e-97 8.23024702704615e-106 3.47183912094733e-114 1.34609604255047e-122 4.84438599175117e-131
19 17 0 0.0402741179752294 0.852972504186076 0.106029049799954 0.000723072216225935 1.25479090186358e-06 1.03108176329497e-09 5.30873558288461e-13 1.98603788017057e-16 5.89224963995925e-20 1.46607978294384e-23 3.17739231110835e-27 6.16141693111856e-31 1.09030713425258e-34 1.78709377555739e-38 2.7446468604256e-42 3.98588128751075e-46 5.51368727507526e-50 7.3086096009131e-54 9.32925008627803e-58 1.15156934319913e-61
19 18 0 0.0959576538010136 0.902758677902986 0.00128366578134621 2.51465378126277e-09 3.27723925029125e-16 1.02954582151431e-23 1.34794477176966e-31 9.75627426263174e-40 4.60274951796787e-48 1.57115662971714e-56 4.16335505232778e-65 9.00021943248279e-74 1.64601977955725e-82 2.61754128685432e-91 3.69681064349661e-100 4.71510485035074e-109 5.50439292098494e-118 5.94602272743244e-127 5.99736355295327e-136 5.69582134782e-145
19 20 0 0 0.826844114534045 0.173140389663051 1.54957576220437e-05 4.52715163378461e-11 2.93203165084501e-17 8.17666657831756e-24 1.33121153946532e-30 1.49172502491767e-37 1.27039404035601e-44 8.76815067433043e-52 5.12542495692697e-59 2.61872774265348e-66 1.19706523630467e-73 4.98330987647518e-81 1.91553095429741e-88 6.8737361165246e-96 2.32311769843592e-103 7.4485169665177e-111 2.27836350118495e-118
19 21 0 0.911445763564232 0.0885542364349139 5.37510761115595e-26 4.28054580741088e-57 6.02525678445481e-90 1.2874214662448e-123 9.18976623814266e-158 3.19949872575885e-192 6.70988606452804e-227 9.6511970087281e-262 1.03714448151573e-296 0 0 0 0 0 0 0 0 0
20 19 0 0 0.984792381621358 0.0152076114787278 6.901642591219e-09 1.0391110275658e-16 3.65106511006635e-25 5.71777123665285e-34 5.35251069766379e-43 3.50787478225725e-52 1.76964593648162e-61 7.30737424792252e-71 2.57593177831259e-80 7.98841742163241e-90 2.22841471411919e-99 5.68698899621804e-109 1.34534397099499e-118 2.981139394751e-128 6.24003033852877e-138 1.2423391508462e-147 2.36830336977305e-157
20 21 0.204766988432083 0.795233007191089 4.37683944587079e-09 5.76270207185957e-22 3.99485003867392e-36 6.91995194440172e-51 5.33668874639459e-66 2.42044167839352e-81 7.54326533289582e-97 1.77788138200996e-112 3.37597158911585e-128 5.39674565453406e-144 7.49720602518799e-160 9.26829777707519e-176 1.03830482544329e-191 1.06918881229232e-207 1.0235740965148e-223 9.19425056763968e-240 7.80783047466832e-256 6.30803225592524e-272 4.87329915097496e-288
20 23 0 0.828688012076493 0.171311712389347 2.75534585754061e-07 1.19278272458608e-15 3.94509575468457e-25 3.12235766447232e-35 9.94048688652034e-46 1.68398444082027e-56 1.79561310246412e-67 1.34354755433685e-78 7.59950999827562e-90 3.42698806505814e-101 1.28149680643268e-112 4.09439136620419e-124 1.14402224584726e-135 2.84754827141058e-147 6.4086650818984e-159 1.32013308706139e-170 2.51425289176098e-182 4.4672577132461e-194
21 14 0 0.996850598950763 0.00314940102375693 2.54753043952392e-11 4.30200768139301e-21 1.41259383831344e-31 1.8728395769054e-42 1.39482785880129e-53 6.96845302834798e-65 2.59748833687871e-76 7.73869312214246e-88 1.93168485424837e-99 4.17807284652961e-111 8.0277424559199e-123 1.39638125552684e-134 2.23151292690027e-146 3.31474611077207e-158 4.62005230697975e-170 6.08886983704762e-182 7.63649126787705e-194 9.16737610669884e-206
21 19 0 0.384229085866366 0.61577091413363 3.28554861992034e-15 3.38240335302826e-36 5.84844231149118e-59 1.49031229002819e-82 1.24543249602036e-106 5.01301840592194e-131 1.20446328546416e-155 1.97126326946569e-180 2.39751763972303e-205 2.3019445415758e-230 1.8226911574442e-255 1.22962084799587e-280 7.24623293760519e-306 0 0 0 0 0
21 20 0.736733261017779 0.263266738982163 9.1496550600337e-15 1.94335473338264e-32 3.27045597390188e-51 1.67601226387604e-70 4.29645447296108e-90 6.99446800336774e-110 8.26210290637292e-130 7.68683934800875e-150 5.94600027639022e-170 3.97044483134102e-190 2.35171012740766e-210 1.26083955768831e-230 6.21455221781299e-251 2.85045169841744e-271 1.22852271696549e-291 5.01455169379451e-312 0 0 0
21 22 0 1 2.087959146745e-253 0 0 0 0 0 0 0 0 0 0 0 0 0 0 0 0 0 0
22 13 0 0.412103614599962 0.587724897677175 0.000171487169558057 5.53301780266905e-10 3.14818125580688e-16 7.22344014404132e-23 9.48061467261679e-30 8.52333517453223e-37 5.83040580321513e-44 3.24368373724233e-51 1.53506856144353e-58 6.37869265186277e-66 2.38193208557025e-73 8.13434484999748e-81 2.57505295114486e-88 7.63755711256282e-96 2.14065989402761e-103 5.70949120772016e-111 1.45749424231953e-118 3.57725989054699e-126
22 21 0 0.395649875969615 0.604227146928232 0.000122976913770265 1.88384322182165e-10 4.40007749535023e-17 3.84470660571373e-24 1.83556171190442e-31 5.8201233601021e-39 1.37323528096673e-46 2.59127680880529e-54 4.10517537808048e-62 5.65049410976988e-70 6.92911435391361e-78 7.71481226612989e-86 7.91373088057377e-94 7.5658162777839e-102 6.80409913584863e-110 5.79966637207645e-118 4.71475068287674e-126 3.67561935043163e-134
22 23 0.390664959124033 0.60933504081738 5.85254316035358e-11 1.89444124405228e-25 3.83134538191186e-41 2.10392176018875e-57 5.40190678785223e-74 8.42456560052346e-91 9.23714151723955e-108 7.79162366274024e-125 5.36562858827972e-142 3.14366341981846e-159 1.61446440637925e-176 7.43133050095987e-194 3.11859083224581e-211 1.20922023458138e-228 4.37860602982618e-246 1.49348652533037e-263 4.8326443245876e-281 1.49228259172857e-298 4.4185318364126e-316
23 12 0 0.999994536019311 5.46398071130497e-06 3.34007636257575e-26 3.16686737532171e-49 3.20309643699759e-73 1.028575227266e-97 1.64094708788442e-122 1.63366516636537e-147 1.15816721575556e-172 6.35486722711169e-198 2.85417109421649e-223 1.09147782582268e-248 3.65786173730688e-274 1.09785161082209e-299 0 0 0 0 0 0
23 20 0 0.999156259656418 0.000843740738495422 3.20182495878632e-15 2.82162131874421e-29 1.94723469025139e-44 3.29259907129116e-60 2.27952328333531e-76 8.50959210378755e-93 2.01993610938057e-109 3.39169828370627e-126 4.33312292582973e-143 4.43703574502379e-160 3.78441134539151e-177 2.7682987584804e-194 1.77668914515026e-211 1.018651945561e-228 5.29386208024466e-246 2.52359895321588e-263 1.11442735159765e-280 4.59595736997954e-298
23 22 0.122459245074401 0.877508351414107 3.24035097650098e-05 1.72792536364563e-12 1.32936043809376e-20 4.07049042339405e-29 7.26447697321322e-38 9.09093641778369e-47 8.84897818862815e-56 7.14260287619069e-65 4.98732616746938e-74 3.10241728878827e-83 1.75628797641499e-92 9.19299984245048e-102 4.50377703417522e-111 2.0849759445951e-120 9.19049795753171e-130 3.88127314640535e-139 1.57838327452805e-148 6.20710766110425e-158 2.37112974642641e-167
