0 1 0 0 0.719106728532217 0.224744072901715 0.0414255631090271 0.0100037543811341 0.00297043980492657 0.00102617262357088 0.000397637249438952 0.000168619722410193 7.69052700431653e-05 3.72510892005068e-05 1.89812046033811e-05 1.00998960956444e-05 5.57950953945694e-06 3.18516181992585e-06 1.87181953307343e-06 1.12880258315552e-06 6.96690144368339e-07 4.39087107175063e-07 8.73144889869506e-07
0 2 0 0.375494639459411 0.482318962405804 0.104848519659141 0.0255755470065213 0.00749418030213931 0.00254127249013076 0.000965558821221317 0.000401555261980792 0.000179721081900721 8.54865872465316e-05 4.28067054467563e-05 2.23992001203335e-05 1.21763641065554e-05 6.84410115594511e-06 3.96231798348877e-06 2.35517016604151e-06 1.43339075268524e-06 8.91215721424141e-07 5.64971127205758e-07 1.12348792236094e-06
1 0 0 0 1.00000000000036 2.4761732005275e-16 5.59349986821307e-23 1.95943175753627e-27 7.51269032867896e-31 1.20075048860958e-33 5.00266085489477e-36 4.16243346420197e-38 5.85468719597982e-40 1.24502867516528e-41 3.70003376856162e-43 1.45059304213797e-44 7.18243333230236e-46 4.34215831148872e-47 3.12047664625005e-48 2.60880077329585e-49 2.49279573198914e-50 2.68278204309821e-51 3.42079617328546e-52
1 5 0 0.0169728422094976 0.481724039938449 0.304057381760599 0.115932413511888 0.0451480115102023 0.018915508822841 0.00851495842630497 0.00408173313171483 0.00206493987440317 0.00109407571930126 0.000603299671760197 0.000344454743986915 0.000202773615464433 0.000122645901546133 7.59956044325455e-05 4.81224637940614e-05 3.10756937907668e-05 2.04280278809961e-05 1.36486474472164e-05 3.16507246953535e-05
2 0 0 0.973400890283248 0.0261087259055786 0.000458031069314748 2.84149817091995e-05 3.24516951525764e-06 5.3623194270734e-07 1.13927860265259e-07 2.90872885730624e-08 8.55084678948657e-09 2.8118107514632e-09 1.01320664718532e-09 3.94038992579764e-10 1.63484137711016e-10 7.17092228742891e-11 3.30142920870417e-11 1.58603535288993e-11 7.91249065273318e-12 4.08278255024237e-12 2.17154446152714e-12 3.5010038397147e-12
2 3 0 0.991224508618971 0.00869005398009622 8.14953962663619e-05 3.56937607356131e-06 3.1880767638543e-07 4.34931233437307e-08 7.89170809432889e-09 1.76125943017327e-09 4.60373616256282e-10 1.3637614634097e-10 4.4729243298028e-11 1.59669871469657e-11 6.12317920994193e-12 2.49717014137385e-12 1.0743167261696e-12 4.8438727779863e-13 2.27665791153035e-13 1.11046823707962e-13 5.59993314824352e-14 8.0128319569929e-14
2 11 0 0.603618021632671 0.3446722827747 0.0417817472515152 0.00740217663393641 0.00174551171467678 0.000502627607059288 0.000167598218488796 6.2541675374392e-05 2.55200345597679e-05 1.12007396535718e-05 5.22375075235906e-06 2.56489244805078e-06 1.31635262482522e-06 7.02094993856023e-07 3.87362570108744e-07 2.20228727744098e-07 1.28611093170503e-07 7.69418153909607e-08 4.70468994558679e-08 1.04435439367189e-07
3 2 0 0.722207373839704 0.256040521826367 0.0187909135825015 0.00238180747428123 0.00043493372953046 0.000101611534563838 2.83566803648219e-05 9.05638081857662e-06 3.21681495814256e-06 1.24550261122074e-06 5.17994753635625e-07 2.28845624445653e-07 1.06476191825171e-07 5.1818723352504e-08 2.62330271162019e-08 1.37521921939243e-08 7.437438457868e-09 4.13645820625236e-09 2.35950055183639e-09 4.44542411030633e-09
3 4 0.776579544715859 0.220269936550291 0.00294063833014527 0.000182515355971956 2.2136094512451e-05 3.94542178380885e-06 9.07002720363517e-07 2.50284371622949e-07 7.93118472541346e-08 2.80248278936015e-08 1.08163468562096e-08 4.49150182456449e-09 1.98389824944083e-09 9.23887597695813e-10 4.50446119502494e-10 2.28628289708513e-10 1.20243906920669e-10 6.52778495388731e-11 3.64610331269786e-11 2.08956312918773e-11 3.99048220399263e-11
3 10 0 0 0.617176740799168 0.297327572169654 0.0625010360667839 0.0156505389042742 0.00466562506836704 0.00159537480969636 0.000607575648217734 0.000252263364611345 0.000112421379503031 5.31515294148659e-05 2.6422317985207e-05 1.37142850339029e-05 7.39086691017834e-06 4.11687839788509e-06 2.36140074440183e-06 1.39042771596698e-06 8.38232143913818e-07 5.16234121551372e-07 9.49617257273161e-07
4 3 0.998794381539566 0.00120561728898491 1.1934257819466e-09 4.21257426350859e-13 1.28765057345288e-15 1.26369072279474e-17 2.60647240836657e-19 9.03646548041035e-21 4.60835133134569e-22 3.17042445542442e-23 2.77231432282041e-24 2.95180388256621e-25 3.70638941605781e-26 5.35505236855814e-27 8.73260491383e-28 1.58262216450366e-28 3.14772012381807e-29 6.79960400538379e-30 1.58147481891594e-30 3.9313206970785e-31 1.448293319745e-31
4 5 0 0.602278241985144 0.346878458506376 0.0412862783754588 0.00717104014221557 0.00166115517997361 0.000470773815207969 0.000154733034245477 5.69871471432121e-05 2.29738410033278e-05 9.9706280514497e-06 4.60154707370967e-06 2.23724683096584e-06 1.13758117831193e-06 6.01429252643155e-07 3.290591999177e-07 1.85595437559923e-07 1.07562546215242e-07 6.38811026792707e-08 3.87876952330587e-08 8.46548635645559e-08
4 8 0 0.85989712086897 0.139561673211892 0.000524694923401114 1.52999707189525e-05 1.06517876294982e-06 1.21566282935319e-07 1.91922046053959e-08 3.82035037286644e-09 9.0593817660761e-10 2.46492890624077e-10 7.49575326752902e-11 2.49925370018873e-11 9.00564863343873e-12 3.4679268225279e-12 1.41458251523462e-12 6.06859501418107e-13 2.72212928783629e-13 1.27051731619732e-13 6.14513685185516e-14 8.01960303147156e-14
5 1 0 0.779219416684703 0.219121352339552 0.001590130552761 6.28570283982364e-05 5.36262233988895e-06 7.14074383571185e-07 1.27733334409759e-07 2.82503689058952e-08 7.33921300309915e-09 2.16456301168519e-09 7.07588390950834e-10 2.51919877094e-10 9.63948880820684e-11 3.92358278466667e-11 1.68500442586966e-11 7.5847779921011e-12 3.5592406878244e-12 1.73336501246212e-12 8.72764389769977e-13 1.24409861806088e-12
5 4 0 0.781344687798095 0.200002191175673 0.0156925873007223 0.00228731886588026 0.000480256490719337 0.000127885415834507 4.02979947497627e-05 1.44083879062991e-05 5.68656942090801e-06 2.43039034493425e-06 1.10933154496108e-06 5.35153417863189e-07 2.70665242610172e-07 1.42615119469735e-07 7.78858491255607e-08 4.390332533431e-08 2.54553149444624e-08 1.51370150684048e-08 9.2090144632387e-09 2.02548099314467e-08
5 7 0.316563021719403 0.61722957512875 0.0556164711512666 0.00814950850633518 0.00172947012066859 0.000467365207106861 0.000149715093788858 5.44459577920312e-05 2.18538468551737e-05 9.49537584519239e-06 4.40379991958297e-06 2.15735602782488e-06 1.10737569113455e-06 5.91824698921752e-07 3.27647304268319e-07 1.87125671337827e-07 1.09870866767231e-07 6.61310699900139e-08 4.07047731454008e-08 2.55681016471781e-08 6.04880635830822e-08
6 7 0 0.707677769105257 0.237385085514463 0.0415304215848601 0.0093928380261389 0.00261720204102847 0.000851946176460641 0.000312363062261847 0.000125804233070054 5.4676003125619e-05 2.53102570475328e-05 1.23569100199796e-05 6.31415265697244e-06 3.35646214924099e-06 1.84709347295758e-06 1.04809168056502e-06 6.11182421401497e-07 3.6525170102987e-07 2.23169712722255e-07 1.39129447074773e-07 3.22553025193144e-07
6 17 0.61468282895463 0.378640524943543 0.00628024561981621 0.000351546550293196 3.73966547828002e-05 5.85198476425136e-06 1.18872260986053e-06 2.91948434055621e-07 8.29091766308909e-08 2.64194193900557e-08 9.24745043487982e-09 3.50012494542998e-09 1.41555172468953e-09 6.06048780706733e-10 2.72653663140284e-10 1.28123660264322e-10 6.25772232365941e-11 3.16361915229935e-11 1.64977929480733e-11 8.84826158520171e-12 1.44436439268337e-11
7 5 0.409104164792226 0.565329021592832 0.0232427349040079 0.00197638936082549 0.000276503471047671 5.30919773194541e-05 1.27018916808985e-05 3.57579834973041e-06 1.14171184445888e-06 4.03159042451871e-07 1.54626388983263e-07 6.35533736891685e-08 2.77056375811998e-08 1.27075755889679e-08 6.09275101410637e-09 3.03762440391682e-09 1.56796593430778e-09 8.34915050419594e-10 4.57210598836639e-10 2.56814265214754e-10 4.65681860138307e-10
7 6 0 0.97384339292048 0.024748988561478 0.00124819732178668 0.000131991523309841 2.12412628680205e-05 4.49725734044609e-06 1.15751090447556e-06 3.45143341753162e-07 1.15501491920139e-07 4.24302099937404e-08 1.68369175286472e-08 7.12983922979152e-09 3.19190640378743e-09 1.49951113159245e-09 7.34819128198173e-10 3.73779654920709e-10 1.96557827004755e-10 1.06493301170926e-10 5.92725611112248e-11 1.05649563545051e-10
7 8 0 0 0 0.682493981102529 0.286800135580616 0.0258580802935699 0.0037832865168191 0.000772567116587859 0.000197993894579011 5.98257267868867e-05 2.04916396402929e-05 7.74948561134138e-06 3.17618589533956e-06 1.39173048909256e-06 6.45263947372019e-07 3.14028646120448e-07 1.59398972995922e-07 8.39558728737547e-08 4.56910695649611e-08 2.5603547033903e-08 4.67848203519418e-08
7 15 0 0.0407705778789075 0.572421575529803 0.252638534060774 0.0825180857587974 0.0296011353534484 0.0118012323123944 0.00514467407290485 0.00241381546199927 0.00120355615768758 0.000631513241830903 0.000346044624782577 0.000196831166422464 0.000115655638026406 6.99266411374496e-05 4.33624567157296e-05 2.75046832477624e-05 1.78045707738815e-05 1.17394097627542e-05 7.87096141953889e-06 1.85593215507998e-05
8 4 0 0.670661329439803 0.322732982088782 0.00612229912669845 0.000417718098240542 5.286337540969e-05 9.63152586673186e-06 2.24009039495573e-06 6.21678649086652e-07 1.97395598346596e-07 6.97188867351968e-08 2.68516561905067e-08 1.11135953850508e-08 4.88864371420578e-09 2.26583016317453e-09 1.09899211516656e-09 5.5472944978409e-10 2.90073624076198e-10 1.5654102318561e-10 8.69067980628016e-11 1.54702400604088e-10
8 7 0 0 0 0.706641851520644 0.269236644980476 0.0207528702765682 0.00269826224762039 0.000501122471481965 0.000118554257039926 3.34150358625972e-05 1.07595108657206e-05 3.84833366619984e-06 1.49897568998814e-06 6.26707050869529e-07 2.78176896828347e-07 1.29977029838254e-07 6.34991159439769e-08 3.22592425176837e-08 1.69660724066815e-08 9.20305296393484e-09 1.56016230876516e-08
8 9 0 0.841912385855383 0.137046689595753 0.0168394115831703 0.00310611498239007 0.000751962400227028 0.000220140781813758 7.41743638565721e-05 2.78601306474707e-05 1.14128319279881e-05 5.01975077551331e-06 2.34312812536825e-06 1.15045538612751e-06 5.90031164017049e-07 3.14333513820336e-07 1.7316042570459e-07 9.82708903413146e-08 5.72746693165661e-08 3.41912872261072e-08 2.08595790246e-08 4.60190146828627e-08
9 8 0 0.996862046878751 0.00304001161213396 8.955900493902e-05 7.17720353944707e-06 9.6605301182563e-07 1.79985355678432e-07 4.20279568892931e-08 1.16007812620528e-08 3.64507708598662e-09 1.27046184437076e-09 4.82144145379736e-10 1.9648773538375e-10 8.50790520019207e-11 3.88163819634948e-11 1.85357906737085e-11 9.21400302787814e-12 4.74652245174896e-12 2.52441669270272e-12 1.38173754385533e-12 2.37798226806336e-12
9 10 0 0.0494332007738529 0.580587476821943 0.241185405109157 0.0785119210514098 0.0284490538509811 0.0115043059786689 0.00509384916301358 0.00242811637458928 0.001229808581717 0.000655244159187061 0.0003644270804133 0.000210293892801535 0.000125299727779715 7.67853619742311e-05 4.82405726489969e-05 3.09876023716757e-05 2.03060477483418e-05 1.35485318122086e-05 9.18913482671828e-06 2.25393182290043e-05
9 14 0 0 0.536850818890369 0.335326227050221 0.0875548721294358 0.0256757125497892 0.00867698317368347 0.00329478586886683 0.00137354073560912 0.000617683505684394 0.00029571445677301 0.000149214246729093 7.874272143675e-05 4.31931369464572e-05 2.45069467293994e-05 1.43249776256115e-05 8.59787399440732e-06 5.28418247945278e-06 3.31770097247828e-06 2.12374016487962e-06 4.35567367300759e-06
9 15 0 0.999999999944988 8.49087541537311e-11 1.42133475054918e-15 2.09523275484154e-18 1.78733237282367e-20 4.00335420535085e-22 1.66438143488482e-23 1.0673637312736e-24 9.44765080385372e-26 1.07366012965825e-26 1.4902829124898e-27 2.43728286254159e-28 4.57212982848486e-29 9.63736430897598e-30 2.24593922657726e-30 5.71231218607852e-31 1.56899557081369e-31 4.61369045102019e-32 1.44189809428452e-32 7.91741636288077e-33
9 16 0 0 0.0148007394850868 0.456089052089341 0.310128696565769 0.124985707544234 0.0507704997310706 0.0220122279811618 0.010200409400624 0.00501460674278965 0.00259434674973602 0.00140260247040861 0.000787792501317804 0.00045747065876867 0.000273563269962793 0.000167902234810092 0.000105475863965263 6.76593461022895e-05 4.4229408290885e-05 2.94141281050743e-05 6.7603620615601e-05
10 3 0 0 0.328999695950655 0.402068865255506 0.160583594967125 0.0613584420797312 0.0250688147075496 0.0110278432914184 0.0051821303162041 0.00257733626464644 0.00134570484079636 0.000732696529733119 0.000413720383355172 0.000241180485393431 0.000144615575128608 8.89160860679884e-05 5.5912219952273e-05 3.58785161323382e-05 2.3449973358215e-05 1.55855553084128e-05 3.56170019392144e-05
10 9 0 0.645973587392735 0.34469225129229 0.00851894764288489 0.000688722444639163 9.90146851054866e-05 2.00109433916734e-05 5.08274411721186e-06 1.5234928916964e-06 5.1811149776183e-07 1.94715283504691e-07 7.93749094882855e-08 3.46198921163746e-08 1.59887415452506e-08 7.75595759779001e-09 3.92640801195001e-09 2.06363590439369e-09 1.12121830166261e-09 6.27508450038453e-10 3.60676846968432e-10 6.962147872303e-10
10 11 0 0 0.510620703732565 0.356296323712179 0.0927470431772727 0.0263344651822081 0.00856313940933017 0.00312623299354357 0.00125418472720235 0.000543550368319981 0.000251180024117674 0.000122528359160457 6.26023004757986e-05 3.32923407960499e-05 1.8336652063409e-05 1.04168158758724e-05 6.08291680040171e-06 3.64092799527256e-06 2.22836500293596e-06 1.39167367409758e-06 2.65632141766146e-06
10 13 0 0.410759255860529 0.472877606625091 0.0890103355793538 0.0194713273144626 0.00522821187226599 0.00164729430701515 0.000587236407839196 0.000230798272347382 9.81690212674302e-05 4.45772018383289e-05 2.13879327068571e-05 1.07565915208032e-05 5.63493060565449e-06 3.05916675219944e-06 1.71401013513132e-06 9.87695400947036e-07 5.83682847727067e-07 3.52866993755925e-07 2.17778423344006e-07 4.92882604158556e-07
11 2 0 0.960514979764346 0.0385574684635177 0.000857489413020626 6.06819203158814e-05 7.60410183047818e-06 1.35060321440011e-06 3.04503944120054e-07 8.17753191527574e-08 2.51234747931018e-08 8.59135919678346e-09 3.20686439101769e-09 1.28780270263789e-09 5.50262552810379e-10 2.48021638225371e-10 1.17114992787632e-10 5.7611089052486e-11 2.93877039005819e-11 1.5485243485898e-11 8.40138961482309e-12 1.4168087174662e-11
11 10 0 0 0.333059530956248 0.384473962652682 0.160374638535498 0.0653287097907158 0.0284850571979331 0.0133353057399798 0.00664517976308836 0.00349254810586716 0.00192089127289183 0.00109851321829804 0.000649819865956596 0.000395936951937851 0.000247623065915946 0.000158500588577795 0.000103583465651259 6.89725477230736e-05 4.67116272610009e-05 3.2127666557839e-05 8.23868659641309e-05
11 12 0 0.998353427820181 0.00161857248958487 2.64695134516519e-05 1.37668228052621e-06 1.30954725717084e-07 1.82035342574825e-08 3.29417763881857e-09 7.24890292604964e-10 1.85621565967082e-10 5.36664080868295e-11 1.71421402238166e-11 5.95232188826409e-12 2.2190812298137e-12 8.79607197565032e-13 3.67823292173778e-13 1.61235326929168e-13 7.37000494051056e-14 3.49744966618847e-14 1.71670531626246e-14 2.30563221969747e-14
12 11 0 0.869943718561398 0.113496003430917 0.0132784647258618 0.00242286557104313 0.000587331365188645 0.000173058320208947 5.88323196838948e-05 2.23228088287366e-05 9.24325125338856e-06 4.11048021009978e-06 1.94005275303839e-06 9.63101208030945e-07 4.99354620778282e-07 2.6889710146867e-07 1.49700864074565e-07 8.58408654397228e-08 5.05401008626434e-08 3.04721813201264e-08 1.87723761524214e-08 4.24333349475475e-08
12 23 0 0.796185982768782 0.188369411188845 0.0131954657440993 0.00177138425349992 0.000348393483896172 8.78275847436442e-05 2.63930981091818e-05 9.04838766063079e-06 3.4385348942281e-06 1.41977759531861e-06 6.27797452729829e-07 2.94068742324355e-07 1.44698878049625e-07 7.43007892722512e-08 3.9602381452293e-08 2.18151779092312e-08 1.23748339361974e-08 7.20691166971865e-09 4.29807796228711e-09 9.0146290824733e-09
13 10 0 0.722207373839704 0.256040521826367 0.0187909135825015 0.00238180747428123 0.00043493372953046 0.000101611534563838 2.83566803648219e-05 9.05638081857662e-06 3.21681495814256e-06 1.24550261122074e-06 5.17994753635625e-07 2.28845624445653e-07 1.06476191825171e-07 5.1818723352504e-08 2.62330271162019e-08 1.37521921939243e-08 7.437438457868e-09 4.13645820625236e-09 2.35950055183639e-09 4.44542411030633e-09
13 14 0 0.024826859392453 0.486247314911851 0.28604127648167 0.113336259679758 0.0468586858262429 0.0209179095474151 0.0100225390187946 0.00510140805284694 0.00273283471742697 0.00152909682914583 0.000888156372975429 0.000532876825503709 0.000328925633725249 0.000208191589400708 0.000134749408590995 8.89782459247617e-05 5.98248830276925e-05 4.08876204209146e-05 2.83651474076353e-05 7.48597029170551e-05
13 22 0 0.914504312968821 0.0828172000394251 0.00245521382252544 0.000191995226903104 2.52220303419663e-05 4.59006060428262e-06 1.04759456673142e-06 2.82772003804444e-07 8.69255244920151e-08 2.96537676024298e-08 1.10192686353043e-08 4.3989014549139e-09 1.86653133161759e-09 8.34829999405661e-10 3.90954586021234e-10 1.90657012416621e-10 9.63876361855720e-11 5.03263420513781e-11 2.70514574390087e-11 4.4557367449536e-11
14 9 0 0 0.994398513655594 0.00542102965282416 0.000165234994718353 1.30884111051179e-05 1.72173134362414e-06 3.12417338892462e-07 7.09903316967829e-08 1.90714086181925e-08 5.83571260014778e-09 1.98231951238243e-09 7.33791883506987e-10 2.91928414046243e-10 1.23497899319767e-10 5.50914006217317e-11 2.57412756817213e-11 1.25290419113177e-11 6.32380356858237e-12 3.29733557721888e-12 5.10225428268892e-12
14 13 0 0.0225417143330564 0.491872638956396 0.290593863208136 0.11189145540969 0.0447867171957269 0.0193737448782296 0.00901143487296118 0.00446105802830888 0.00232832344215921 0.00127121959544706 0.000721489689449917 0.000423502709797783 0.000256030807456428 0.000158873057345153 0.000100900145425583 6.542980173064e-05 4.32332655685144e-05 2.90577976916608e-05 1.98361302571649e-05 4.94766751660462e-05
14 18 0 0.859047898439481 0.12269916083117 0.0146275202991887 0.00267865091457607 0.000648580833998451 0.00019050630181274 6.45013035097522e-05 2.43637420856316e-05 1.00409349767933e-05 4.44390161259863e-06 2.08741183135432e-06 1.03135467844968e-06 5.32250729614752e-07 2.85298901381921e-07 1.58119009649628e-07 9.02693281747304e-08 5.29187436579629e-08 3.17720265031965e-08 1.94925420280096e-08 4.36097976767789e-08
14 21 0 0.787967809860079 0.179550373966296 0.0254854085936711 0.00508012720241291 0.00129384306629565 0.000392883916666896 0.000136130251533589 5.22797069755981e-05 2.18089100826956e-05 9.73897919162301e-06 4.60494180394074e-06 2.28619901375466e-06 1.18388270633037e-06 6.36065345513913e-07 3.53030379319292e-07 2.01689631884652e-07 1.18253228073084e-07 7.09736500357293e-08 4.35104006244289e-08 9.7000635412684e-08
15 7 0 0.145921851457239 0.722703601745389 0.108489791290559 0.017603571705379 0.00378389204314423 0.00100326839087526 0.000310974220682992 0.000108706495268433 4.18099785626261e-05 1.73833810996736e-05 7.71178353839603e-06 3.61437353196581e-06 1.77586625500172e-06 9.09105171076898e-07 4.82481631211266e-07 2.64381787174351e-07 1.49068227495421e-07 8.62369993906956e-08 5.10617148081666e-08 1.0493294423235e-07
15 9 0 0.917746247880384 0.0788051918692676 0.00307894104266786 0.000305670872697796 4.90950726511751e-05 1.06319749433988e-05 2.83024350709311e-06 8.77400273748768e-07 3.05985763520016e-07 1.17236475915395e-07 4.85201442593147e-08 2.14193830431844e-08 9.98912940417803e-09 4.8842573492309e-09 2.48880692705156e-09 1.31512533868889e-09 7.17730080761618e-10 4.03178873587888e-10 2.32450317197994e-10 4.51161842378932e-10
15 16 0.985453920574953 0.0145383452676166 7.62585810987937e-06 1.02773760422234e-07 4.43176560303301e-09 3.57857590606884e-10 4.31241713899708e-11 6.88137591659907e-12 1.35365502069012e-12 3.13336916692427e-13 8.26481340759281e-14 2.42715020597656e-14 7.79951862122714e-15 2.70615201941815e-15 1.00320625174229e-15 3.94025485650514e-16 1.62844139430308e-16 7.04154013544564e-17 3.17063858673071e-17 1.48068620326249e-17 1.78428507300877e-17
15 17 0 0.741637891858767 0.209199723080255 0.0366395427962699 0.0085884686978454 0.00249809471841868 0.000849609498464839 0.000325134142082351 0.000136456299135875 6.16916917024759e-05 2.96555082153396e-05 1.50101263281726e-05 7.93945356742694e-06 4.36258174989189e-06 2.47839030980195e-06 1.45002578153129e-06 8.70882376541332e-07 5.35483103164461e-07 3.36309286826018e-07 2.15321418738452e-07 5.33134920860198e-07
16 9 0 0 0.148635290850381 0.687981056748699 0.127236918413254 0.0259151039078031 0.00677089052397585 0.00212669508648172 0.000765821804504963 0.000306341773524501 0.000133210239591093 6.20032305077339e-05 3.05409591880842e-05 1.57825018954398e-05 8.49881944419191e-06 4.74346874203842e-06 2.73210875394306e-06 1.61812098935587e-06 9.82520420292125e-07 6.10099015128034e-07 1.15882282814006e-06
16 15 0.428381285794026 0.544295473658681 0.0245228033955921 0.00233584897541293 0.000360542348707878 7.54182713464303e-05 1.94673518081944e-05 5.86850525512217e-06 1.99437100570932e-06 7.45886735532142e-07 3.01739173548156e-07 1.30350462547445e-07 5.95461166694171e-08 2.8543904981849e-08 1.42698863288163e-08 7.4028922074958e-09 3.96882847096879e-09 2.1913107254651e-09 1.24239400961409e-09 7.21518251016905e-10 1.41584196027972e-09
16 18 0.912020110541592 0.0877672820690294 0.000207197332980507 5.05381295715919e-06 3.15480442265335e-07 3.33088967683313e-08 4.95167492999114e-09 9.38723669413164e-10 2.13678694411513e-10 5.61311928039688e-11 1.65526915991647e-11 5.37064682531536e-12 1.88848093893066e-12 7.11298940046143e-13 2.84338022210648e-13 1.19737988524715e-13 5.27960936833893e-14 2.42523552609849e-14 1.15571311615074e-14 5.69286932961823e-15 1.26887234053186e-09
17 6 0.985453920574953 0.0145383452676166 7.62585810987937e-06 1.02773760422234e-07 4.43176560303301e-09 3.57857590606884e-10 4.31241713899708e-11 6.88137591659907e-12 1.35365502069012e-12 3.13336916692427e-13 8.26481340759281e-14 2.42715020597656e-14 7.79951862122714e-15 2.70615201941815e-15 1.00320625174229e-15 3.94025485650514e-16 1.62844139430308e-16 7.04154013544564e-17 3.17063858673071e-17 1.48068620326249e-17 1.78428507300877e-17
17 15 0 0.976473369960384 0.0222180657097594 0.00115442964573417 0.000126611527585128 2.10978585249445e-05 4.61348399538847e-06 1.22342204092494e-06 3.75052987744667e-07 1.28800426229546e-07 4.84776878596173e-08 1.96813577941684e-08 8.51647754072561e-09 3.89171739921701e-09 1.86434373156817e-09 9.3080650534935e-10 4.82005115806720e-10 2.57851324548483e-10 1.42022682726251e-10 8.03124170939556e-11 1.48633365331325e-10
17 19 0 0.413753170420479 0.447572649425482 0.099067765386989 0.0260031145457558 0.00824485530274444 0.0030175356240669 0.00123225710746212 0.000548435118602946 0.000261638791717568 0.000132177378750871 7.00684778103337e-05 3.87023620760652e-05 2.21507023553044e-05 1.3077763134668e-05 7.93582857152451e-06 4.93461831031992e-06 3.1363135111232e-06 2.03310724741104e-06 1.34177976714604e-06 3.01994516560544e-06
18 14 0 0.786126593914861 0.17657991644418 0.0282069768074987 0.00630883270202461 0.00178231719990712 0.000594181097944673 0.000224107833123539 9.30312677970208e-05 4.170370852378e-05 1.99132999855462e-05 1.00252539005467e-05 5.27988627376642e-06 2.89104528961082e-06 1.63773179829118e-06 9.55965534987262e-07 5.73073855124037e-07 3.51836514835332e-07 2.20705089266429e-07 1.41173483298072e-07 3.49052414111149e-07
18 16 1.00000000049372 2.17751162416767e-52 1.38219826560183e-137 1.16624691781667e-183 1.55928742357054e-216 1.85160034165394e-242 5.03245576974467e-264 1.42150593546103e-282 6.7199703302697e-299 1.64200171376252e-313 0 0 0 0 0 0 0 0 0 0 0
18 19 0 0.445866034468583 0.443738298483357 0.0831119020288185 0.0189770892730983 0.00535624760851041 0.00177353141537375 0.000663067722950727 0.000272649583225794 0.000121042595337368 5.72402672762938e-05 2.85429681337411e-05 1.48916912508554e-05 8.07921162548215e-06 4.53558437307561e-06 2.62416210537043e-06 1.55954110292682e-06 9.49384817298562e-07 5.90613434902609e-07 3.74718523864615e-07 7.48678101736289e-07
19 17 0 0.999989347040797 1.06468367064623e-05 5.87160324897399e-09 5.55847027063896e-11 1.70901753473998e-12 1.02295394428648e-13 9.46001830169057e-15 1.19176618174164e-15 1.89410064059155e-16 3.61035428535255e-17 7.9673771590005e-18 1.9841021806933e-18 5.46921649877901e-19 1.64412502899675e-19 5.32708931907573e-20 1.84283206258566e-20 6.75410443341774e-21 2.60589596064559e-21 1.05274670623727e-21 9.41168915120548e-22
19 18 0 0.374590826642204 0.463605360168993 0.113082313746615 0.0313589162577275 0.0103279083028957 0.00389082396986697 0.00162634026137413 0.000738070878762372 0.000358045389658797 0.000183547591741862 9.85733881654822e-05 5.50870271383149e-05 3.186441492923e-05 1.89962298273995e-05 1.16308194097093e-05 7.29241432369103e-06 4.67079048307068e-06 3.04978011077459e-06 2.026452159521e-06 4.65547361383489e-06
19 20 0 0 0.402559087767192 0.385408730173688 0.13295852575751 0.0465918564774277 0.0179374917108645 0.007547918056459 0.00342483302910055 0.00165529440726204 0.000843776379831087 0.000450066746048542 0.00024963165151855 0.00014325228324141 8.47020693839751e-05 5.14281884186753e-05 3.19736037874972e-05 2.03061055956826e-05 1.31468722594411e-05 8.66203882759704e-06 1.93166815838364e-05
19 21 0 0.0580078325834352 0.609379891231909 0.225467186155535 0.0677345505844472 0.02310820513709 0.00890039795787869 0.00378215196045469 0.00173958239385382 0.000853592315590285 0.000442001546917118 0.000239519771858826 0.000134950834111973 7.86465105966908e-05 4.72104314582992e-05 2.9091313315474e-05 1.83493261230764e-05 1.18187252345483e-05 7.75772324668408e-06 5.18032412673229e-06 1.20831728163129e-05
20 19 0 0 0.955960513407441 0.0409972266326365 0.00263839484001369 0.000325690878267341 5.87972053024402e-05 1.36491711611392e-05 3.79460494366445e-06 1.20925855982444e-06 4.29083046085051e-07 1.66105442211602e-07 6.91160675085968e-08 3.0566265872175e-08 1.42425024031664e-08 6.94398569127657e-09 3.52278980985048e-09 1.85111440617012e-09 1.00368489256011e-09 5.59745928322357e-10 1.00703000400756e-09
20 21 0.590997301860091 0.399384637892339 0.00891407119256841 0.000610538707745267 7.57472038323767e-05 1.34441896163067e-05 3.04086588461313e-06 8.20653101504196e-07 2.53535415113888e-07 8.71993767227622e-08 3.27330718265504e-08 1.32165450879879e-08 5.67653296650055e-09 2.57110250474064e-09 1.21963329399177e-09 6.02536103122999e-10 3.08589712613971e-10 1.63214108970144e-10 8.88600706894142e-11 4.96628590892638e-11 8.91974977672909e-11
20 23 0 0.829676603283399 0.14423642907472 0.0202210643130364 0.00417381491764884 0.00111265653472932 0.00035443951381388 0.000128777145962134 5.17869663347609e-05 2.25831849777853e-05 1.05235746110913e-05 5.18354961589055e-06 2.67647755347754e-06 1.43927161559685e-06 8.01869922743379e-07 4.6090310459863e-07 2.72360722241294e-07 1.64984325729082e-07 1.02196306834631e-07 6.45966815414954e-08 1.55280918312627e-07
21 14 0 0.639987741150643 0.283515591858432 0.0565718849273722 0.0137089161964095 0.00399041075754393 0.00133912747265572 0.00050216555185193 0.000205775649510163 9.06621331720789e-05 4.24328976479187e-05 2.09036537634584e-05 1.07611397798359e-05 5.75599690396315e-06 3.18413358705056e-06 1.8147271085636e-06 1.06218158278897e-06 6.36780054186091e-07 3.9011514127098e-07 2.43757726154913e-07 5.38919114327312e-07
21 19 0 0.0530525699235679 0.616804082850406 0.227969743452859 0.0660936059919605 0.0217129874382785 0.00806888189416479 0.00331643797309008 0.00147885824662294 0.000704997887004924 0.00035531413934864 0.00018770636875005 0.000103246759856151 5.88149467150353e-05 3.45492562813284e-05 2.08541077843703e-05 1.28963971834795e-05 8.15069765119974e-06 5.25361909482243e-06 3.4472931106876e-06 7.59989958077701e-06
21 20 0.986019118045835 0.0139697466972138 1.09316256703617e-05 1.92353867191846e-07 1.01466704154075e-08 9.65562753476859e-10 1.33813178423234e-10 2.41322617976758e-11 5.29510090886369e-12 1.3531541411461e-12 3.90768739918935e-13 1.24778252870087e-13 4.3344991389929e-14 1.61766437372652e-14 6.42265956782203e-15 2.69148659220553e-15 1.18284454031826e-15 5.42266367469738e-16 2.5817571632593e-16 1.27175030802417e-16 1.7245667257676e-16
21 22 0 0.283220400065483 0.504429816879426 0.145780962852833 0.0426347134069374 0.0142801488990324 0.00538677604267576 0.00223703318722524 0.00100431187356525 0.000480776508619828 0.000242860439465398 0.000128411271455309 7.06195586524613e-05 4.01898348802173e-05 2.35713286282958e-05 1.41987900200207e-05 8.75963068432171e-06 5.52138717129457e-06 3.54857092190616e-06 2.32135347911889e-06 5.05763590867587e-06
22 13 0 0.58291827743355 0.357893214786922 0.047129705818152 0.00884587693154476 0.00218180917688877 0.000652044069896312 0.000224463591418569 8.61436421458052e-05 3.60442305697699e-05 1.61841609293635e-05 7.70709676323588e-06 3.85795063301937e-06 2.01585060837361e-06 1.09340740546608e-06 6.12873035203089e-07 3.53682111208894e-07 2.09491691942076e-07 1.27027931858441e-07 7.86766549691369e-08 1.80101148112025e-07
22 21 0 0.527672568899275 0.388421727890715 0.063779379420683 0.0140276146576706 0.00392046948130094 0.00130025562515393 0.00048967722954283 0.000203437244859113 9.14048165406219e-05 4.37872732124253e-05 2.2130025025394e-05 1.17049224714928e-05 6.43824192186948e-06 3.66429394529907e-06 2.14912079513612e-06 1.29453737648642e-06 7.98600148667591e-07 5.03354031296863e-07 3.23495060775267e-07 6.70870269892099e-07
22 23 0.342509662628737 0.616781275010917 0.0361776089482874 0.00374897240283338 0.00060324449128913 0.000129249713272268 3.38603568352109e-05 1.03035551855382e-05 3.52231796060557e-06 1.32200320470907e-06 5.35800463465975e-07 2.31615169044884e-07 1.05778192174415e-07 5.06575355315735e-08 2.52875828867132e-08 1.30937272274759e-08 7.00416783721194e-09 3.8576010008121e-09 2.18123051861668e-09 1.26312486327427e-09 2.45913395023743e-09
23 12 0 0.957219210877793 0.0417028357032723 0.000992864770214114 7.33156204088673e-05 9.48376233928131e-06 1.72825967303074e-06 3.98195265341174e-07 1.08973713954669e-07 3.40451447214185e-08 1.18193585547574e-08 4.47290471710191e-09 1.81910387033087e-09 7.86458246521541e-10 3.58385291420142e-10 1.70974694008653e-10 8.49230101871159e-11 4.37176357379542e-11 2.32368803671945e-11 1.27115332249874e-11 2.1847692467144e-11
23 20 0 0.981606810821579 0.0174601954115115 0.000828946681608872 8.6176951678827e-05 1.38225544491622e-05 2.93424255511179e-06 7.59455149211899e-07 2.28086142970033e-07 7.69474314189035e-08 2.85101971867031e-08 1.14133910716347e-08 4.87645432844797e-09 2.20268340359696e-09 1.04401951426979e-09 5.16130162511874e-10 2.64829593229315e-10 1.40461968653052e-10 7.67449302403073e-11 4.30704416338787e-11 7.83410660085892e-11
23 22 0.499677917524039 0.478512431459102 0.0195008729331446 0.00190750099634814 0.000307020975168276 6.71027113375354e-05 1.80782423495135e-05 5.677405656441e-06 2.00597879652689e-06 7.78477593099178e-07 3.26190909969445e-07 1.45713294512386e-07 6.87272845740445e-08 3.39687005752673e-08 1.74875340279859e-08 9.3314899825166e-09 5.1403590162892e-09 2.91335283427008e-09 1.69400715861906e-09 1.00810914113173e-09 2.09846465115201e-09
