0 1 0 0 0.698237552199156 0.292378957256931 0.0092590588591436 0.000123321434537671 1.10236481501876e-06 7.84179686860222e-09 4.81137879711742e-11 2.66159541309826e-13 1.36383154497108e-15 6.58864842875092e-18 3.03766658413412e-20 1.34832836527322e-22 5.79947767965238e-25 2.42927382127772e-27 9.94813906916493e-30 3.9950678463694e-32 1.5772704346715e-34 6.13445172143111e-37 2.40821187373842e-39
0 2 0 0.269338532573377 0.618463689452489 0.104209233801293 0.00758415112259177 0.000387458047594783 1.6306233248622e-05 6.07281203660536e-07 2.07919369330456e-08 6.69466917809837e-10 2.05700752889553e-11 6.09167082844037e-13 1.75108236424236e-14 4.91149070757123e-16 1.34950838067374e-17 3.64357446829337e-19 9.69004928177882e-21 2.54343915570273e-22 6.59946839114987e-24 1.69497842499571e-25 4.4188149559747e-27
1 0 0 0 0.999999997278808 2.48481548285204e-31 6.45340022048492e-65 9.34093021812748e-99 1.06276627714953e-132 1.05938887154519e-166 9.7117407325773e-201 8.40259698600533e-235 6.96832408003111e-269 5.59476663933219e-303 0 0 0 0 0 0 0 0 2.72119193844844e-09
1 5 0 0.00449688257383639 0.376672595587382 0.446701963807835 0.141955435449027 0.0261137167221113 0.003597733711362 0.0004148914951859 4.24223817025387e-05 3.9773334500123e-06 3.4926798242003e-07 2.91412273068163e-08 2.33355322418659e-09 1.80671475024117e-10 1.3599860534527e-11 9.99570064117967e-13 7.19767546283067e-14 5.09151900095371e-15 3.54597688687891e-16 2.43583374602812e-17 1.6824767785716e-18
2 0 0 0.996571495019576 0.00342849696879666 2.0798743639107e-09 4.04976932165763e-16 5.25958697862497e-23 5.53793927623172e-30 5.12709413576206e-37 4.35109948088889e-44 3.46773871982996e-51 2.6355535058005e-58 1.9300090054636e-65 1.37174307155638e-72 9.51323392167042e-80 6.46356211098939e-87 4.31572248977525e-94 2.83881670857655e-101 1.84322285293686e-108 1.18323557317926e-115 7.51955788952385e-123 5.93175297769477e-09
2 3 0 0.999966672458488 3.33276140387591e-05 4.51601524303676e-16 1.18447741531463e-27 1.74990052428994e-39 1.92383650248525e-51 1.7656273428164e-63 1.43446562832906e-75 1.0673915321289e-87 7.43263530148583e-100 4.91394467027563e-112 3.11612323518105e-124 1.90956701929505e-136 1.13718670209619e-148 6.6098273628166e-161 3.76266844766043e-173 2.1034954726308e-185 1.15743934345394e-197 6.28011473547101e-210 3.36649652998957e-222
2 11 0 0.533426369385984 0.448527914325404 0.0177412257393677 0.000300818310817955 3.63513154577845e-06 3.66080294037907e-08 3.28969190114941e-10 2.73446586767034e-12 2.14761211555028e-14 1.61551876942062e-16 1.17476258890424e-18 8.31220078964331e-21 5.75046313460282e-23 3.90386505540097e-25 2.60807471921949e-27 1.71850083887943e-29 1.11883307124122e-31 7.20783107792883e-34 4.60039645193788e-36 2.98705460010792e-38
3 2 0 0.703662093767823 0.294955675586162 0.00138041827849581 1.81094742527701e-06 1.45695974536065e-09 9.04731083741822e-13 4.78514437326572e-16 2.26896501166665e-19 9.93971936011229e-23 4.10062361496605e-26 1.61390730470609e-29 6.11562175152124e-33 2.24624379231999e-36 8.03774534652884e-40 2.81307114193635e-43 9.65929365592388e-47 3.26221298778596e-50 1.08583998132127e-53 3.5680969892409e-57 1.16467049314766e-60
3 4 0.788126056246853 0.211873745490816 1.98333866235625e-07 1.46185820486843e-14 5.41001662454674e-22 1.4441610802782e-29 3.18374199129503e-37 6.18900535221336e-45 1.10057785940795e-52 1.83141821919033e-60 2.89488045993915e-68 4.39215083468853e-76 6.44470997207848e-84 9.19721335689662e-92 1.28207160202403e-99 1.75162756158867e-107 2.35189716343941e-115 3.11023822699509e-123 4.05835644696669e-131 5.23285870091013e-139 6.67637560727999e-147
3 10 0 0 0.54964918828022 0.410546566938369 0.038026053811897 0.00172104060532831 5.56345486806799e-05 1.48038044791123e-06 3.47027471069322e-08 7.44176329934914e-10 1.49390190650958e-11 2.85019208969129e-13 5.22247939476676e-15 9.25983823495976e-17 1.59768069776512e-18 2.69400259469286e-20 4.45432610946936e-22 7.24102634816516e-24 1.15981709510821e-25 1.83366141765137e-27 2.94290777169644e-29
4 3 0.999966953271685 3.30430555762504e-05 2.89438878051186e-28 8.95640018358636e-53 1.19279843456171e-77 1.07116696187377e-102 7.64832549653765e-128 4.69943248989422e-153 2.59692383980167e-178 1.3261681144349e-203 6.37142838924499e-229 2.91588284190291e-254 1.28261892782594e-279 5.45919971523053e-305 0 0 0 0 0 0 3.67273900181431e-09
4 5 0 0.523320313008496 0.46521172468828 0.0113763649587662 9.11276263421027e-05 4.67843164117827e-07 1.89240037484917e-09 6.59761132525701e-12 2.0781326664671e-14 6.08037438861148e-17 1.68214305739059e-19 4.45342145104131e-22 1.13795834016189e-24 2.82411286253362e-27 6.83942041447825e-30 1.62230603900274e-32 3.77992335539388e-35 8.6712863332525e-38 1.96228292414347e-40 4.38733923474518e-43 9.88676621332199e-46
4 8 0 0.882697275783924 0.117302685275429 3.83096643100868e-08 1.69099011816998e-15 4.36415147546613e-23 8.73506100108579e-31 1.50660936438888e-38 2.35637377845937e-46 3.43880864257346e-54 4.76598564481183e-62 6.34659053934056e-70 8.18637413265799e-78 1.02885309872147e-85 1.26540235394991e-93 1.52818633796926e-101 1.81693578934826e-109 2.13123282304503e-117 2.47053030869825e-125 2.83416917784199e-133 3.22181613013677e-141
5 1 0 0.770661219999401 0.229334895763839 3.88339696221562e-06 1.1693587959632e-11 2.18903782232669e-17 3.26738490043599e-23 4.26972043673215e-29 5.1117529878805e-35 5.75161725476633e-41 6.17884979606267e-47 6.40402073967329e-53 6.45027135859136e-59 6.34696596715606e-65 6.12524341691849e-71 5.8151129685141e-77 5.44372725811025e-83 5.03450700445833e-89 4.6068517073427e-95 4.17623068601541e-101 3.74251529470098e-107
5 4 0 0.790652520112739 0.208844650521608 0.000502458283628525 3.71033767892383e-07 1.75095787752016e-10 6.52392562345283e-14 2.10011021946345e-17 6.12050568486262e-21 1.65976683059533e-24 4.2618313522073e-28 1.04846589499413e-31 2.49197387248262e-35 5.75732848249266e-39 1.29895471600188e-42 2.87220648867533e-46 6.24183797780492e-50 1.33619555603694e-53 2.82287745611501e-57 5.89444111458608e-61 1.22094819198547e-64
5 7 0.166942544081795 0.816926007639475 0.0160856936728309 4.56851981426467e-05 6.93316388055689e-08 7.73390725747439e-11 7.18372686787534e-14 5.9095753767902e-17 4.45872443819879e-20 3.153294924308e-23 2.12079624557664e-26 1.37024973809536e-29 8.56743676591407e-33 5.21239095656284e-36 3.09877478288159e-39 1.80612610338803e-42 1.03481011179298e-45 5.84064920592983e-49 3.2532512563256e-52 1.79089412303281e-55 9.83419193370082e-59
6 7 0 0.673892644848515 0.301677199245643 0.0233199116900272 0.00107039858650303 3.85982825479627e-05 1.21113073544758e-06 3.47157294106897e-08 9.33815499422462e-10 2.3963035664082e-11 5.93003283355268e-13 1.4257679504364e-14 3.34851429678454e-16 7.71266803734997e-18 1.74756875395761e-19 3.90462009755931e-21 8.61915147816646e-23 1.8826091214623e-24 4.07393873367398e-26 8.74346191701196e-28 1.91030500692905e-29
6 17 0.552300839120296 0.44760671194929 9.2446490790944e-05 2.46452035783515e-09 3.66505951956313e-14 4.12035007257393e-19 3.92896349016664e-24 3.36098167995536e-29 2.66199118243838e-34 1.99059566431021e-39 1.42367962888264e-44 9.82666034502201e-50 6.58866983210725e-55 4.31227341182017e-60 2.76539485250924e-65 1.74270903692604e-70 1.08175105891903e-75 6.62659206177176e-81 4.01229398922412e-86 2.40436376021283e-91 1.42132847429911e-96
7 5 0.316744822541106 0.678988867172473 0.00426139473698467 4.91216820326942e-06 3.37099347842871e-09 1.79708363841684e-12 8.24822519783855e-16 3.42845736335639e-19 1.32805357018157e-22 4.88015887537111e-26 1.72139514252165e-29 5.87669186765744e-33 1.95337938185814e-36 6.35015969925677e-40 2.02590668191762e-43 6.36007268554697e-47 1.96901253595102e-50 6.02196727665129e-54 1.82203621719626e-57 5.46040648775922e-61 1.6294134313911e-64
7 6 0 0.996913882986825 0.00308592197528057 1.95032197661716e-07 5.6973039006949e-12 1.19536715566052e-16 2.08497349533492e-21 3.23168529853575e-26 4.61471190190657e-31 6.20404829515424e-36 7.96415240653162e-41 9.85677393436645e-46 1.18430913445295e-50 1.388528821756e-55 1.59476784883791e-60 1.7997471743178e-65 2.00052541607339e-70 2.19452475098156e-75 2.37953974954531e-80 2.55373333865988e-85 2.70383925064786e-90
7 8 0 0 0 0.642589661828819 0.354778114848727 0.00262689383682074 5.32297371092823e-06 6.51983486931958e-09 6.11226668096723e-12 4.85422808612051e-15 3.44317548687872e-18 2.25013849683864e-21 1.38187376419598e-24 8.08264351572532e-28 4.54551669618781e-31 2.47503377905319e-34 1.31169152069868e-37 6.79365653082073e-41 3.44979937840646e-44 1.72196890885507e-47 8.52886829146897e-51
7 15 0 0.0227620573138002 0.519980201606492 0.35281319453492 0.0874009831185868 0.0147320116302462 0.00203238032372077 0.000248026368878976 2.78649589401983e-05 2.94945723942697e-06 2.98471587556088e-07 2.91615952386577e-08 2.76996645817426e-09 2.57093241377411e-10 2.34053267589972e-11 2.0961573390573e-12 1.85107688195897e-13 1.61481719352412e-14 1.39372647944567e-15 1.19159587018466e-16 1.03185012501776e-17
8 4 0 0.620271971268642 0.379691970711176 3.60575540792232e-05 4.66099764211881e-10 3.43584668827715e-15 1.93609579034159e-20 9.31575933531729e-26 4.03919056888955e-31 1.62670768633979e-36 6.20013474732741e-42 2.2644095035471e-47 7.99320511628603e-53 2.74419572003201e-58 9.20593030034027e-64 3.0285616001087e-69 9.79811315880402e-75 3.1243590533909e-80 9.83745864122056e-86 3.06308437917662e-91 9.4047221463818e-97
8 7 0 0 0 0.679774519590872 0.318161658328807 0.00205987310318832 3.94430321641455e-06 4.71643728910827e-09 4.39288380833995e-12 3.50411454500377e-15 2.51514573985608e-18 1.67227289717894e-21 1.04916012629818e-24 6.28927148901324e-28 3.63437651982222e-31 2.037765489407e-34 1.11405599261713e-37 5.96128883150978e-41 3.13154355174163e-44 1.61886476000227e-47 8.31447272251143e-51
8 9 0 0.881415296238376 0.117725796767874 0.000856186749613643 2.7144769852333e-06 5.93668096282973e-09 1.05193013585636e-11 1.62758235359806e-14 2.29083147099935e-17 3.00689553133644e-20 3.74066259053948e-23 4.45987204911585e-26 5.13703472588306e-29 5.75036532285782e-32 6.28399303054459e-35 6.72768036999388e-38 7.07623603220185e-41 7.32876388164954e-44 7.48785171869252e-47 7.55877137276889e-50 7.64292575024927e-53
9 8 0 0.999996204617067 3.79466254193059e-06 1.31460283802388e-13 2.27871139089285e-21 2.9527011214013e-29 3.25659504565119e-37 3.24171471324624e-45 3.00562850125432e-53 2.64517416832346e-61 2.23689627154785e-69 1.83294025478965e-77 1.46407114585387e-85 1.14501409368688e-93 8.79745211173353e-102 6.6579215498375e-110 4.97346809009864e-118 3.67322592558615e-126 2.68596338514933e-134 1.94675416870083e-142 1.40035522641296e-150
9 10 0 0.0225537333897115 0.537093222000058 0.34799061956736 0.0787940665283925 0.0119281191300146 0.00146470873288444 0.000158245780529528 1.56824608054954e-05 1.46049856584749e-06 1.29785825328268e-07 1.11185873603003e-08 9.24924825213787e-10 7.5108774867634e-11 5.97762268080355e-12 4.67683262374625e-13 3.60586871679233e-14 2.74501048821982e-15 2.0665168633984e-16 1.54049279149657e-17 1.15971636479665e-18
9 14 0 0 0.45223093603268 0.449458922918031 0.0874247036883881 0.00993848036552974 0.000875566195361728 6.64941372862869e-05 4.5824964098477e-06 2.94907937280611e-07 1.80377199811414e-08 1.06076892699402e-09 6.04634566998074e-11 3.35982069018443e-12 1.82796010110616e-13 9.76968900431941e-15 5.14258432781365e-16 2.67155396312301e-17 1.37199738893534e-18 6.97500845082301e-20 3.57886940246292e-21
9 15 0 1 3.2517373946983e-141 0 0 0 0 0 0 0 0 0 0 0 0 0 0 0 0 0 0
9 16 0 0 0.00421153462088462 0.34380526791841 0.445496002785972 0.163861781038668 0.0357631168862469 0.00591987255770158 0.000826437181094227 0.000102809407391796 1.17688434839276e-05 1.26518750162913e-06 1.29493876019974e-07 1.27413244693384e-08 1.21372758614165e-09 1.12533631138168e-10 1.01972681436523e-11 9.06010631188979e-13 7.91333698117321e-14 6.80898318586333e-15 5.90390320623535e-16
10 3 0 0 0.215661536820302 0.497115207577847 0.22171254825907 0.0540041470534295 0.00978602015225954 0.00148968674826958 0.000202193127348666 2.53037034913828e-05 2.98089586007112e-06 3.3512018441388e-07 3.62976338492713e-08 3.81389265517255e-09 3.90752466042174e-10 3.91910722568354e-11 3.85978356269093e-12 3.7419379032987e-13 3.57810495230486e-14 3.38020655534946e-15 3.23616053200065e-16
10 9 0 0.575287986393498 0.424692943793534 1.90697532780845e-05 6.79936781513748e-11 1.18955058262192e-16 1.4815884977934e-22 1.51146252600917e-28 1.35201674182944e-34 1.10181835552018e-40 8.37646435656623e-47 6.0344071868151e-53 4.164516603125e-59 2.77509384770178e-65 1.79611873435785e-71 1.13423024388983e-77 7.01319811085188e-84 4.25803417937582e-90 2.54435410379578e-96 1.49913714679916e-102 8.69887394691625e-109
10 11 0 0 0.410608028301879 0.497028923723204 0.0847884685485273 0.00712575372585784 0.000426883518019831 2.09970736302809e-05 9.07897378240959e-07 3.58497960459506e-08 1.32332935371394e-09 4.63728580007034e-11 1.55920881023392e-12 5.06907008929962e-14 1.60259247266995e-15 4.94869820036079e-17 1.49768096501986e-18 4.4544397631432e-20 1.30488313254466e-21 3.77174573247689e-23 1.10256640232972e-24
10 13 0 0.286001081621441 0.645775313137052 0.0659243356148483 0.00224995484688549 4.84893924280144e-05 8.13573505569829e-07 1.16642039332697e-08 1.50125347355247e-10 1.78611710113701e-12 2.00162618721864e-14 2.14003486919044e-16 2.20275487052809e-18 2.19746058373924e-20 2.13542231297017e-22 2.02935962321082e-24 1.89188877771799e-26 1.73451869272169e-28 1.56709612605425e-30 1.39758709500132e-32 1.26534664367868e-34
11 2 0 0.992497892300251 0.00750209212131552 1.55784236969731e-08 9.72692090354015e-15 3.94959596295156e-21 1.28283037618304e-27 3.63323610804423e-34 9.3790409944801e-41 2.26441697704952e-47 5.1973002334058e-54 1.14656484329451e-60 2.45013228813952e-67 5.10056532335159e-74 1.03883367578526e-80 2.07687755471806e-87 4.08646202493028e-94 7.92987756924183e-101 1.52023289441248e-107 2.8833092117184e-114 5.40683398990745e-121
11 10 0 0 0.217445865589592 0.470148502392222 0.228845521489073 0.0656571281717032 0.0145600044945008 0.00277415104032016 0.000478295140147857 7.68300949922997e-05 1.17076516153501e-05 1.71273323739641e-06 2.42544882831537e-07 3.34488975768258e-08 4.51236074196934e-09 5.97514913131556e-10 7.78725032117893e-11 1.00101699755263e-11 1.27138107842109e-12 1.59774521392859e-13 2.07769961919036e-14
11 12 0 0.999999715111828 2.84888172170576e-07 1.25105694775839e-16 2.10416248916515e-26 2.36889701384605e-36 2.13626386381276e-46 1.67309544786039e-56 1.18848221267092e-66 7.85901474941996e-77 4.91988684451138e-87 2.94954137077436e-97 1.70741501864029e-107 9.60175354201006e-118 5.26983668336241e-128 2.83296636418482e-138 1.49597027874533e-148 7.77753174849604e-159 3.9885616243315e-169 2.02080678475197e-179 1.01373398714341e-189
12 11 0 0.896896472257373 0.101794451004665 0.00129948479750692 9.53479780511632e-06 5.46015605933717e-08 2.71600297333869e-10 1.23361338761477e-12 5.25815651932394e-15 2.13850045362886e-17 8.38914816117746e-20 3.19819658951931e-22 1.19124975548779e-24 4.35253332239272e-27 1.56474560555394e-29 5.54802339070349e-32 1.94377199768399e-34 6.73949556981541e-37 2.31540894214595e-39 7.8903666164795e-42 2.26824958815541e-09
12 23 0 0.807355223992883 0.192152512679124 0.000491834852978726 4.2822703060328e-07 2.47867541710098e-10 1.1565425827916e-13 4.72251664391826e-17 1.76107675174097e-20 6.14939236243397e-24 2.04289233912434e-27 6.52663092234843e-31 2.02054358440192e-34 6.09548018838561e-38 1.79945084079719e-41 5.21533278802189e-45 1.48783099826975e-48 4.18653113489698e-52 1.16390607358383e-55 3.2014795070244e-59 8.75589677998292e-63
13 10 0 0.703662093767823 0.294955675586162 0.00138041827849581 1.81094742527701e-06 1.45695974536065e-09 9.04731083741822e-13 4.78514437326572e-16 2.26896501166665e-19 9.93971936011229e-23 4.10062361496605e-26 1.61390730470609e-29 6.11562175152124e-33 2.24624379231999e-36 8.03774534652884e-40 2.81307114193635e-43 9.65929365592388e-47 3.26221298778596e-50 1.08583998132127e-53 3.5680969892409e-57 1.16467049314766e-60
13 14 0 0.0160315773727241 0.400542418204395 0.38100968158689 0.148994886856368 0.0413620247200194 0.00959603806615703 0.00199381087826561 0.000384474737998467 7.02535392906478e-05 1.23254248818954e-05 2.09468126469457e-06 3.4700143764761e-07 5.62896197199183e-08 8.9723504603213e-09 1.40903368563897e-09 2.18466800680832e-10 3.34988536338918e-11 5.08687092302779e-12 7.6584266448327e-13 1.22552688752355e-13
13 22 0 0.951536825992052 0.0484573825382636 5.79048485306963e-06 2.29901471501383e-10 6.09905639986078e-15 1.31069181764764e-19 2.47406541369077e-24 4.27683825853972e-29 6.93770431635978e-34 1.0725201432145e-38 1.59669422467102e-43 2.3060312145322e-48 3.24848546956384e-53 4.48165929352866e-58 6.07445674714049e-63 8.1089909708989e-68 1.06827810981237e-72 1.39112796427656e-77 1.79307766787647e-82 2.2803780587293e-87
14 9 0 0 0.9999931937181 6.80691873141995e-06 1.03337087771483e-13 5.83972716772447e-22 2.17888815934497e-30 6.46039600734698e-39 1.65494745552341e-47 3.83114565755751e-56 8.23379477404164e-65 1.67176761933041e-73 3.24521497788922e-82 6.07449120878775e-91 1.10335894177258e-99 1.95410959503364e-108 3.38710328773898e-117 5.76291976549455e-126 9.64783348384836e-135 1.59235578963972e-143 2.59723146293651e-152
14 13 0 0.00847363185553308 0.39725998095081 0.416351543873448 0.14131076168373 0.0305245563207539 0.0051983492639332 0.000764891739739787 0.00010195323713946 1.26544203747448e-05 1.48835282416546e-06 1.67839645367143e-07 1.82980799792182e-08 1.94030313068556e-09 2.01033604057465e-10 2.04236283264801e-11 2.04017895385341e-12 2.00836218907388e-13 1.951829593866e-14 1.87550311965204e-15 1.82901169000466e-16
14 18 0 0.903183009591652 0.0962623487051596 0.000553215623624394 1.42381225497066e-06 2.5622733540148e-09 3.76558202184543e-12 4.85746501948566e-15 5.72100696749248e-18 6.30073601500081e-21 6.59061803662703e-24 6.61802997471681e-27 6.42890168630409e-30 6.07612207595783e-33 5.61158525078183e-36 5.08143140811636e-39 4.5237449175191e-42 3.967958801356e-45 3.43532700430252e-48 2.93997676355255e-51 2.51814928160736e-54
14 21 0 0.804650043613617 0.192311755408828 0.00301767981386586 2.04264166006763e-05 9.44508223071071e-08 3.51514828498738e-10 1.13710560548881e-12 3.33500606255809e-15 9.09834176181429e-18 2.34782911171832e-20 5.79719133980953e-23 1.38106093216414e-25 3.19391062232237e-28 7.20418083272644e-31 1.59069828387078e-33 3.44823067231247e-36 7.35583086520937e-39 1.54714721147351e-41 3.21359554300635e-44 6.72083860321223e-47
15 7 0 0.0661238892141869 0.847681274946604 0.0847339981199395 0.00144752768082345 1.32213164177e-05 8.82320020574062e-08 4.87757818766517e-10 2.37837578793366e-12 1.06031591061069e-14 4.41981313574162e-17 1.74853804788425e-19 6.63422347815003e-22 2.43249082132314e-24 8.66831812013375e-27 3.01540564126379e-29 1.0274965921165e-31 3.43902936605205e-34 1.1331432530774e-36 3.68237581586203e-39 1.20759555942562e-41
15 9 0 0.956777623393243 0.043215755689651 6.61630297182386e-06 3.89149972056975e-10 1.61272208293641e-14 5.56565921550404e-19 1.71599106782683e-23 4.9012052763377e-28 1.32456767545213e-32 3.43293581708157e-37 8.61024536249874e-42 2.10332523021106e-46 5.02779685738058e-51 1.18023523250564e-55 2.72815641023266e-60 6.22327863743787e-65 1.40337267057809e-69 3.1328938975896e-74 6.93178914576052e-79 4.22496793106575e-09
15 16 0.999192980911919 0.000807019088080999 1.8412889872278e-19 4.09109975224555e-36 5.01812824192328e-53 4.6593237314954e-70 3.67838243528361e-87 2.61101907532882e-104 1.71923064709335e-121 1.07046423662461e-138 6.38303155596708e-156 3.67722428457818e-173 2.05974636241542e-190 1.12711796446206e-207 6.0473685887497e-225 3.19037559389878e-242 1.65875487814029e-259 8.51505427031931e-277 4.32229808191321e-294 2.17225513653963e-311 0
15 17 0 0.724030708457858 0.263726290680534 0.0119498980906092 0.000287837212534652 5.18530095645831e-06 7.90680651392204e-08 1.08208910124417e-09 1.3727546713885e-11 1.64646028131455e-13 1.89122923711361e-15 2.09914678645219e-17 2.26585608206076e-19 2.38992012882121e-21 2.47216437010537e-23 2.51506450055129e-25 2.52221191345641e-27 2.49786900122477e-29 2.44661435144148e-31 2.37307101006621e-33 2.34369049822499e-35
16 9 0 0 0.0547997173967787 0.823129590413669 0.118717410898925 0.00330202011708842 5.06793737058474e-05 5.76282682576852e-07 5.47093010203798e-09 4.60422005041666e-11 3.55498129535819e-13 2.57300374682306e-15 1.77090259225588e-17 1.17074819398966e-19 7.48896674366472e-22 4.66071046392838e-24 2.83391789821647e-26 1.68914922517722e-28 9.89571589515458e-31 5.71033689534894e-33 3.33370383684686e-35
16 15 0.299156113603704 0.698833148121604 0.00201008506653521 6.53101644653592e-07 1.09613533686419e-10 1.3360011577413e-14 1.34776740525007e-18 1.19985904334407e-22 9.77409831226714e-27 7.45086369322091e-31 5.39493669242991e-35 3.74907585619728e-39 2.51935225946328e-43 1.64636390293007e-47 1.0507815514736e-51 6.57236034669769e-56 4.03951392971866e-60 2.44506515918964e-64 1.46012764681312e-68 8.61557467928868e-73 5.01822061379787e-77
16 18 0.945183883372403 0.0548161144328365 6.34036688132253e-10 9.70953146707388e-19 8.71732828696945e-28 6.08244575680457e-37 3.6623762660106e-46 2.00170721401872e-55 1.02162007792734e-64 4.95466880766967e-74 2.3098603360325e-83 1.04348215086134e-92 4.5944290886428e-102 1.98018833544821e-111 8.3820818283659e-121 3.49379568578533e-130 1.43696081506707e-139 5.84151084668585e-149 2.35038620607563e-158 9.37102395208367e-168 1.56072377244243e-09
17 6 0.999965399504742 3.46004998026615e-05 1.2875274993503e-30 5.55773367405515e-58 7.81261775714627e-86 6.50235622559785e-114 3.98966217366153e-142 2.00485020600679e-170 8.74970912605528e-199 3.43833600237633e-227 1.24589175382845e-255 4.23216930488554e-284 1.363890937325e-312 0 0 0 0 0 0 0 0
17 15 0 0.998751474036802 0.0012485106680042 1.54901733630844e-08 7.82996536723982e-14 2.69882679467584e-19 7.51607288284886e-25 1.82690072750157e-30 4.040448699884e-36 8.33701016129633e-42 1.63120799747986e-47 3.06027797752392e-53 5.54911301164788e-59 9.7826696220026e-65 1.68426442368267e-70 2.84183539647449e-76 4.7122392869054e-82 7.69603994516109e-88 1.24026514983973e-93 1.97528034110565e-99 3.10151160996831e-105
17 19 0 0.265727875134798 0.644384818082151 0.0855808901030167 0.00416988629027965 0.000133084262680463 3.37082374301539e-06 7.38178300347772e-08 1.4627695693308e-09 2.69483265035274e-11 4.69655282450363e-13 7.83530409599357e-15 1.26187274161873e-16 1.97401029828247e-18 3.0136766623928e-20 4.50650061550186e-22 6.61957212554719e-24 9.57361765226441e-26 1.3658446658093e-27 1.92524898782176e-29 2.7577724530501e-31
18 14 0 0.783377768843258 0.208428140586745 0.00801187828414645 0.000179039614930123 3.12373603500588e-06 4.72969560025817e-08 6.53258600611061e-10 8.45988548618647e-12 1.04459134588454e-13 1.24335070278957e-15 1.4374545209835e-17 1.62297969134942e-19 1.79683786531362e-21 1.95670004773829e-23 2.10091136875168e-25 2.22840329047449e-27 2.33860783114505e-29 2.43137661094783e-31 2.50690632778337e-33 2.63559049965963e-35
18 16 0.999999997679817 1.71571347982552e-09 1.77789170515001e-42 3.52227700548468e-76 4.61482858068698e-110 4.9852355573265e-144 4.81384718147182e-178 4.31913623492077e-212 3.67941691460644e-246 3.01583026513101e-280 2.39928784667567e-314 0 0 0 0 0 0 0 0 0 0
18 19 0 0.320110414442044 0.617894463802284 0.0598287615816237 0.00211622001140989 4.92142797871069e-05 9.11060845496787e-07 1.46144265035982e-08 2.12480975872821e-10 2.87571712880477e-12 3.6854775651142e-14 4.52498327247811e-16 5.36670712862204e-18 6.18601378350273e-20 6.96191926389435e-22 7.67742839657534e-24 8.31956251738863e-26 8.87917094695429e-28 9.35060128076747e-30 9.73128693319202e-32 1.02945656811651e-33
19 17 0 0.999999999999998 8.71016478327279e-44 1.21371494132024e-126 1.92336280080604e-211 6.62649134392483e-297 0 0 0 0 0 0 0 0 0 0 0 0 0 0 0
19 18 0 0.265472446124128 0.592570508350934 0.127268401936097 0.0135405222053451 0.00107143235244744 7.2055235057381e-05 4.37254571922759e-06 2.47199669401815e-07 1.32703441978098e-08 6.84808248375715e-10 3.42565950105368e-11 1.67108350001699e-12 7.98438441696153e-14 3.74907040843775e-15 1.73448449465328e-16 7.92270879950067e-18 3.5789186968278e-19 1.6010028299608e-20 7.10036529311451e-22 3.18546520775096e-23
19 20 0 0 0.320568395929135 0.460210808352503 0.169845833686005 0.0401725167781217 0.0076741101728523 0.00129339551262887 0.000200769040861781 2.94029096135622e-05 4.1235235683933e-06 5.59234525972481e-07 7.38462426014443e-08 9.54141624256889e-09 1.21072445299604e-09 1.51303894348925e-10 1.86631903363297e-11 2.27623632296907e-12 2.74893360054018e-13 3.29106034443851e-14 4.06673692006765e-15
19 21 0 0.0371820100268867 0.578354574212457 0.308540917322844 0.064911405537614 0.00965983364276771 0.00120183075224937 0.000134036130054827 1.3886336802965e-05 1.3643144828081e-06 1.28785443222491e-07 1.17828065692167e-08 1.05132860995124e-09 9.18951289447458e-11 7.89557149816713e-12 6.6857189647903e-13 5.59089488923128e-14 4.62488510753602e-15 3.78958165308472e-16 3.07917433075545e-17 2.53361515718166e-18
20 19 0 0 0.992500956314951 0.00749808462079946 9.59013798116105e-07 5.04500326205372e-11 1.80982995369886e-15 5.24163059700291e-20 1.3239049486073e-24 3.04049247983712e-29 6.51109664798271e-34 1.32154336948971e-38 2.57094676070205e-43 4.8325220889832e-48 8.82885543811168e-53 1.57488683007829e-57 2.75257331906951e-62 4.72702797956656e-67 7.99425879681143e-72 1.33386666859596e-76 2.19006229008827e-81
20 21 0.51247478464832 0.487383443028431 0.000141767356899723 4.99195857621568e-09 9.58855659115331e-14 1.3770637268019e-18 1.66647475478727e-23 1.80135685577644e-28 1.79725324112046e-33 1.68907688845184e-38 1.51552063986439e-43 1.31043432102311e-48 1.09940382656003e-53 8.99480492361191e-59 7.20460026531786e-64 5.66679707713993e-69 4.38767062030142e-74 3.35087391129213e-79 2.52822940343551e-84 1.88711071167662e-89 1.38896275848104e-94
20 23 0 0.846890759638721 0.149859330132672 0.00321058124356716 3.89589327070099e-05 3.65696542161508e-07 2.96515040342166e-09 2.18704292741332e-11 1.50971215400979e-13 9.92349053989493e-16 6.28167278775018e-18 3.85931735718973e-20 2.3142061796668e-22 1.36005567220806e-24 7.85874649200795e-27 4.47577345463336e-29 2.51742951415577e-31 1.40059713697386e-33 7.7179783452107e-36 4.21696142749509e-38 1.36861832977786e-09
21 14 0 0.580885554889159 0.38966819706059 0.0284550157809561 0.000967762375665564 2.30169186131245e-05 4.45342151656935e-07 7.53452136958253e-09 1.16009803215596e-10 1.66580555304051e-12 2.26675347525279e-14 2.95559318235776e-16 3.72227262749995e-18 4.55481224757441e-20 5.44000366131024e-22 6.36401710084617e-24 7.31291333223116e-26 8.27306207614147e-28 9.23147278528643e-30 1.01760458321868e-31 1.13989096373312e-33
21 19 0 0.0339363548424075 0.58736895014683 0.309235671640366 0.0603405345165044 0.00811921036375873 0.000901405405855766 8.89928222170845e-05 8.11794255639111e-06 6.99564227178938e-07 5.77536610435374e-08 4.61087818183403e-09 3.58354518023051e-10 2.72436722490512e-11 2.03339281672588e-12 1.49416385419634e-13 1.08331850287211e-14 7.76362333586522e-16 5.50743476310929e-17 3.8719293840506e-18 2.74960006626089e-19
21 20 0.999785922160644 0.000214078171439195 4.04342633004989e-23 4.85315054415821e-43 2.89563347992921e-63 1.2456372552766e-83 4.42917732659431e-104 1.39011723509666e-124 3.99477543376199e-145 1.07508029173407e-165 2.75014790538395e-186 6.75651061309947e-207 1.60613182325222e-227 3.71493158384681e-248 8.39622766710348e-269 1.86051080463839e-289 4.05277165111566e-310 0 0 0 0
21 22 0 0.209298820056461 0.571311999114576 0.183521278011123 0.0312878029156034 0.00407207660862431 0.000456557616521153 4.6571074717884e-05 4.45022969304467e-06 4.05408011062016e-07 3.56082727420692e-08 3.03884248444931e-09 2.53369119870596e-10 2.07229487504655e-11 1.66778982438963e-12 1.32392694967365e-13 1.03859151298009e-14 8.06396422216014e-16 6.20467932930359e-17 4.73595361670947e-18 3.6579430245328e-19
22 13 0 0.509378731667451 0.464451268405668 0.0255000285326199 0.000657268234578381 1.24982607618662e-05 2.01673132911534e-07 2.93624618081614e-09 3.98417446935323e-11 5.13575787645839e-13 6.36681439120213e-15 7.65443019342874e-17 8.97736982675093e-19 1.03163011325955e-20 1.16538954206977e-22 1.29748426994178e-24 1.42658091389732e-26 1.55153557883645e-28 1.6713832099407e-30 1.78532540271515e-32 1.94436667626993e-34
22 21 0 0.436419239440144 0.515590242703997 0.0459124442482112 0.00201028278083076 6.58966564399803e-05 1.84600841250889e-06 4.68542300972137e-08 1.1113324859795e-09 2.50894181396136e-11 5.45513802952959e-13 1.15151637953861e-14 2.37333242388883e-16 4.79616042768625e-18 9.53359238358124e-20 1.86861025477877e-21 3.61849691247397e-23 6.93374260740749e-25 1.31642150641369e-26 2.47897100506012e-28 4.75591919537941e-30
22 23 0.221381316257568 0.77144205682771 0.0071677224405451 8.8986008715135e-06 5.87284373498733e-09 2.84741122454597e-12 1.14977886098745e-15 4.11308479602174e-19 1.3498977976693e-22 4.15385777104491e-26 1.21586459491087e-29 3.41958787784818e-33 9.30870787289905e-37 2.46607728125338e-40 6.38483084891175e-44 1.62087190198543e-47 4.04527705840234e-51 9.94664312050515e-55 2.41377873519749e-58 5.78958241351713e-62 1.37842617265952e-65
23 12 0 0.987741796137301 0.0122580559173822 1.39108981814708e-07 5.80076198271452e-13 1.68647565656879e-18 4.06459959654e-24 8.72998937943891e-30 1.73427865128725e-35 3.25643293019151e-41 5.85933087669619e-47 1.01966227617654e-52 1.72744931750539e-58 2.86268465473269e-64 4.65724331128969e-70 7.4590513033941e-76 1.17867420361465e-81 1.84088747749696e-87 2.84583521516515e-93 4.35971447754911e-99 8.83575512755641e-09
23 20 0 0.998424488561372 0.00157544426306105 6.57052181540373e-08 1.40043114854595e-12 2.23998196523394e-17 3.05271960623507e-22 3.75584900231134e-27 4.30408286711986e-32 4.68138360429226e-37 4.89204031668321e-42 4.95294671903866e-47 4.88761756321112e-52 4.72190564086419e-57 4.48115841963396e-62 4.18849672823771e-67 3.86391607488994e-72 3.52395839752984e-77 3.18175584730126e-82 2.84729826353412e-87 1.46894785224561e-09
23 22 0.394311200852188 0.603935600495159 0.0017522599180175 9.3839433584968e-07 3.03270799525354e-10 7.67315575029428e-14 1.67968390428527e-17 3.34106080235716e-21 6.2083772213245e-25 1.09641788482217e-28 1.86136658852755e-32 3.06196521551082e-36 4.90892761807869e-40 7.70310843553988e-44 1.18707485835211e-47 1.80116062338941e-51 2.69644476213371e-55 3.98958639278491e-59 5.84203539154749e-63 8.47622181946254e-67 1.22061636939869e-70
