0 1 0 0 0.999999999999998 1.29830198192487e-95 0 0 0 0 0 0 0 0 0 0 0 0 0 0 0 0 0
0 2 0 0.0155584942859912 0.951882284994681 0.032559218178018 2.54130993181191e-09 3.62191845788989e-23 6.87196627895796e-44 1.59631301964616e-71 4.38931896415201e-106 1.40470775178178e-147 5.18199446415734e-196 2.1903573271735e-251 1.05656979705312e-313 0 0 0 0 0 0 0 0
1 0 0 0 0.145266420828187 0.785135041655036 0.0695686941294652 2.98433584025945e-05 2.89092697879113e-11 5.20933875461489e-20 1.63633561461256e-31 8.70703508964167e-46 7.73155176639712e-63 1.13564894153681e-82 2.74395738823088e-105 1.08650446753803e-130 7.03157927772623e-159 7.42330595832772e-190 1.276523849415e-223 3.57154828990333e-260 1.62440059089363e-299 0 0
1 5 0 0.0820375049663724 0.917962494972077 6.1827044590626e-11 1.918281218725e-46 2.10946267997607e-108 6.65849360291521e-197 5.67186596253934e-312 0 0 0 0 0 0 0 0 0 0 0 0 0
2 0 0 1.00000000000009 5.91729829198975e-25 1.54418743799523e-235 0 0 0 0 0 0 0 0 0 0 0 0 0 0 0 0 0
2 3 0 0.07764857443911 0.921894501278028 0.000456924282861236 4.05163683804996e-16 9.38707261482076e-38 4.5115000573672e-69 4.20545977318995e-110 7.38949839602538e-161 2.41168947568845e-221 1.44942317661572e-291 0 0 0 0 0 0 0 0 0 0
2 11 0 0.199031836630025 0.800167020843031 0.000801142526527543 4.16766639886198e-13 3.36431570033101e-29 3.48198629776655e-52 4.35057569990817e-82 6.39133375575374e-119 1.08875817396255e-162 2.13308286282706e-213 4.78129544967447e-271 0 0 0 0 0 0 0 0 0
3 2 0 1 9.35810280355608e-40 0 0 0 0 0 0 0 0 0 0 0 0 0 0 0 0 0 0
3 4 0.25774878671216 0.742251213289899 3.41359591768203e-17 9.86350707788008e-68 2.5666289039068e-153 5.01594702936136e-274 0 0 0 0 0 0 0 0 0 0 0 0 0 0 0
3 10 0 0 0.0495605110167458 0.884760900444768 0.0656770579105776 1.53062790643381e-06 2.54715113109807e-15 2.32065300554272e-28 1.07106904489873e-45 2.42466475312308e-67 2.64845940876146e-93 1.38275171346263e-123 3.43030554093506e-158 4.02754788369304e-197 2.23184108212285e-240 5.82536993870918e-288 0 0 0 0 0
4 3 1.00000000000009 1.33087408276707e-149 0 0 0 0 0 0 0 0 0 0 0 0 0 0 0 0 0 0 0
4 5 0 0.2090920091577 0.789648946642467 0.00125904419616628 3.66655998213681e-12 6.25838813718463e-27 5.18954073367052e-48 1.96927940542658e-75 3.3310349965693e-109 2.47702271218439e-149 8.03169606987902e-196 1.12963775446043e-248 6.86729110310888e-308 0 0 0 0 0 0 0 0
4 8 0 0.00743387583193473 0.810433577984857 0.182121404761798 1.11414213931092e-05 1.80885599091014e-14 5.31323266883322e-28 2.55960026801612e-46 1.94635551697054e-69 2.29285392616041e-97 4.14060010443457e-130 1.13883625148815e-167 4.75015398746363e-210 2.99577262400357e-257 2.85055850370832e-309 0 0 0 0 0 0
5 1 0 0.000118369557804369 0.194946833900351 0.779532352597858 0.025401502596419 9.41347550128687e-07 1.75292627080821e-14 1.36777581433526e-25 4.20848327827832e-40 4.9701531612017e-58 2.22106608063755e-79 3.72434727200979e-104 2.33079911888114e-132 5.42434966323031e-164 4.6823249099659e-199 1.49632806948671e-237 1.76776470780761e-279 0 0 0 0
5 4 0 0.219406845203114 0.780592912428404 2.42368482342465e-07 1.12815629385834e-27 1.64040780780162e-62 6.17060001330123e-112 5.66500433019816e-176 1.23730576259886e-254 0 0 0 0 0 0 0 0 0 0 0 0
5 7 0.219660371613699 0.780339628385936 6.35988520269359e-14 4.19750650738576e-55 3.19904766973388e-125 2.33652619871234e-224 0 0 0 0 0 0 0 0 0 0 0 0 0 0 0
6 7 0 0.999999999880025 1.19974966938817e-10 2.85902171237885e-60 3.9840671496691e-153 2.41188468688275e-289 0 0 0 0 0 0 0 0 0 0 0 0 0 0 0
6 17 0.646039127340969 0.353960872659031 1.53853474267375e-31 4.12315117040093e-116 1.57397140039387e-255 0 0 0 0 0 0 0 0 0 0 0 0 0 0 0 0
7 5 0.999999713348346 2.86651650459899e-07 1.1147562238565e-268 0 0 0 0 0 0 0 0 0 0 0 0 0 0 0 0 0 0
7 6 0 0.997787408998363 0.00221259100160392 7.6304896555542e-23 7.45490197792446e-63 1.33933390652908e-123 4.02355646013899e-205 1.94903299607708e-307 0 0 0 0 0 0 0 0 0 0 0 0 0
7 8 0 0 0 1 2.95188558024796e-52 0 0 0 0 0 0 0 0 0 0 0 0 0 0 0 0
7 15 0 0.0444624560659793 0.955529003107851 8.54082616977659e-06 3.52344491925859e-25 4.93513848445796e-60 1.84770063351128e-110 1.7281300419046e-176 3.92410311031594e-258 0 0 0 0 0 0 0 0 0 0 0 0
8 4 0 1 4.34108143355602e-26 0 0 0 0 0 0 0 0 0 0 0 0 0 0 0 0 0 0
8 7 0 0 0 0.000487155896593329 0.0564530276416165 0.496092904783924 0.414638028858128 0.032144795009574 0.000184021861367536 6.59474269274425e-08 1.369778565405e-12 1.5912177714407e-18 1.01488199947183e-25 3.51638261689393e-34 6.57497976949742e-44 6.6054349476466e-55 3.55457826229843e-67 1.02233474286553e-80 1.56891469239658e-95 1.28309165068058e-111 5.58553600984227e-129
8 9 0 0.936913541445635 0.063086458549923 4.44189751386391e-12 4.25881961199509e-34 3.35931892654637e-68 1.95960785559292e-114 8.12454796121775e-173 2.34880808059765e-243 0 0 0 0 0 0 0 0 0 0 0 0
9 8 0 0.960585839543405 0.0394141604563194 2.75464565689575e-13 4.5243977904009e-37 1.0839506406394e-73 3.41765379381699e-123 1.36430180099016e-185 6.76752918808673e-261 0 0 0 0 0 0 0 0 0 0 0 0
9 10 0 0.0572160762512928 0.942731416539619 5.2507209087939e-05 5.13139610744288e-21 8.77276078467262e-50 2.07212257997101e-91 6.32065011422625e-146 2.41981915072512e-213 1.14573782169808e-293 0 0 0 0 0 0 0 0 0 0 0
9 14 0 0 0.786641751753027 0.213358216777591 3.14693823779667e-08 5.8800929650256e-24 7.68708982981374e-49 6.23700393447475e-83 3.00750179872932e-126 8.44419762121036e-179 1.36499974604827e-240 1.26165914004316e-311 0 0 0 0 0 0 0 0 0
9 15 0 0.99911096930275 0.00088903069696847 3.71352681257479e-47 4.01772385018493e-145 5.82977123350502e-298 0 0 0 0 0 0 0 0 0 0 0 0 0 0 0
9 16 0 0 0.000370775451644993 0.0315445110980211 0.321110014519124 0.510942092265367 0.131002421631644 0.00500448465148694 2.56838688287772e-05 1.65126036800356e-08 1.27988634629804e-12 1.17134393741367e-17 1.25065613754098e-23 1.54634045774042e-30 2.20326089117872e-38 3.60543411232452e-47 6.75974421065254e-57 1.44945944743173e-67 3.54971044520352e-79 9.91813643145265e-92 3.1589329605628e-105
10 3 0 0 0.034308202157179 0.772356035826306 0.193144777375563 0.000190984420489912 2.20462469417074e-10 2.22100347622917e-19 1.79195346974042e-31 1.11776730274791e-46 5.29595860102271e-65 1.88681760205905e-86 5.02322497696805e-111 9.95160645718109e-139 1.46284894104306e-169 1.59215929416564e-203 1.28106161788944e-240 7.61070612184631e-281 0 0 0
10 9 0 0.00334069986350277 0.253659327021555 0.657744557164761 0.0849099432738027 0.00034544214444794 3.05318793319192e-08 5.1053111922599e-14 1.5304427952887e-21 8.02016324111727e-31 7.24758664292755e-42 1.12021377807473e-54 2.94592611649085e-69 1.31341482679103e-85 9.9023114695919e-104 1.26012422390979e-123 2.70282189382546e-145 9.76050899224411e-169 5.92928104515254e-194 6.05485185203612e-221 1.03882162599859e-249
10 11 0 0 1 1.27870627932256e-55 6.60883851376931e-279 0 0 0 0 0 0 0 0 0 0 0 0 0 0 0 0
10 13 0 0.0655312751715287 0.872965026543447 0.0615015155632582 2.18272175529952e-06 1.05253117908727e-14 5.37696092836976e-27 2.7005828731835e-43 1.29223502072872e-63 5.7971257546946e-88 2.41568187391566e-116 9.29578628835001e-149 3.29043766930066e-185 1.06843992785408e-225 3.17619050968447e-270 8.63083276720074e-319 0 0 0 0 0
11 2 0 0.942825873073772 0.0571741269262276 1.064408644173e-28 6.2662498697797e-94 4.90763008310262e-198 0 0 0 0 0 0 0 0 0 0 0 0 0 0 0
11 10 0 0 0.744691338477612 0.255308627209585 3.43128030687086e-08 2.00072138043986e-24 2.64230980036203e-50 6.97161778621063e-86 3.51415388258814e-131 3.31390686554906e-186 5.77959452476404e-251 0 0 0 0 0 0 0 0 0 0
11 12 0 0.999999880847067 1.19152933320761e-07 2.9393755551063e-52 4.64312809511226e-140 3.23633777510026e-271 0 0 0 0 0 0 0 0 0 0 0 0 0 0 0
12 11 0 1 0 0 0 0 0 0 0 0 0 0 0 0 0 0 0 0 0 0 0
12 23 0 0.0782488253266777 0.911935405406191 0.00981576867855843 5.8857277294204e-10 4.04497799619451e-23 2.51435469263045e-42 1.31804922834719e-67 5.65668671503985e-99 1.95747410464168e-136 5.41355948590069e-180 1.189838395274e-229 2.07049565538685e-285 0 0 0 0 0 0 0 0
13 10 0 0.999999999976992 2.30081031056434e-11 1.28912566731498e-103 2.65804100134471e-293 0 0 0 0 0 0 0 0 0 0 0 0 0 0 0 0
13 14 0 0.00932819753562094 0.974893263209921 0.0157785392398029 1.46555165161692e-11 3.5805298939639e-29 1.66119572746246e-55 1.34564933660781e-90 1.84016832461639e-134 4.17725618899293e-187 1.55905446440879e-248 9.51125774808984e-319 0 0 0 0 0 0 0 0 0
13 22 0 1.00000000000002 0 0 0 0 0 0 0 0 0 0 0 0 0 0 0 0 0 0 0
14 9 0 0 0.998650042958197 0.00134995704177756 1.65212379015877e-23 5.59842818459452e-64 3.47614013272748e-125 3.604864725518e-207 6.02472737142821e-310 0 0 0 0 0 0 0 0 0 0 0 0
14 13 0 0.00913650840959514 0.99086284239421 6.49196271260421e-07 1.09477930324763e-33 8.56042942544337e-83 2.37754067012517e-154 2.18324338991903e-248 0 0 0 0 0 0 0 0 0 0 0 0 0
14 18 0 0.999999999977745 2.225495013328e-11 1.99219765114662e-66 5.79096601753494e-170 2.22329540628561e-322 0 0 0 0 0 0 0 0 0 0 0 0 0 0 0
14 21 0 0.999999999999888 1.12248984524774e-13 1.40814786838225e-83 8.21797097969369e-216 0 0 0 0 0 0 0 0 0 0 0 0 0 0 0 0
15 7 0 0.00704405882936005 0.959577697112483 0.0333782435874508 4.70705852368647e-10 1.17928600391793e-25 3.70972254391448e-49 1.34188502303995e-80 5.39008670720717e-120 2.36301155600334e-167 1.11957626006369e-222 5.69771072989682e-286 0 0 0 0 0 0 0 0 0
15 9 0 0.499930861962276 0.500069113485192 2.45525320964657e-08 5.2154244142164e-28 1.73888810356616e-60 7.79792166402489e-106 4.46871781748204e-164 3.19749544847763e-235 2.82136187057644e-319 0 0 0 0 0 0 0 0 0 0 0
15 16 0.99998145641802 1.85435818805208e-05 1.76521278980269e-156 0 0 0 0 0 0 0 0 0 0 0 0 0 0 0 0 0 0
15 17 0 0.999999999999999 6.88847235025626e-17 1.26637235227815e-91 1.02884446782184e-228 0 0 0 0 0 0 0 0 0 0 0 0 0 0 0 0
16 9 0 0 4.88671635276859e-05 0.0257613821911529 0.469898622012872 0.477159548798922 0.027074936024954 5.66404067001614e-05 3.40186623654549e-09 5.32761034142451e-15 2.08882444811541e-22 2.00926224608634e-31 4.68800976446108e-42 2.6345873238228e-54 3.54982749381629e-68 1.14311117304887e-83 8.77728974139596e-101 1.6042911372334e-119 6.97095235661562e-140 7.19360774351549e-162 1.76161093315159e-185
16 15 0.990184599292712 0.00981540070729287 8.80158971250373e-111 0 0 0 0 0 0 0 0 0 0 0 0 0 0 0 0 0 0
16 18 1.00000000000004 0 0 0 0 0 0 0 0 0 0 0 0 0 0 0 0 0 0 0 0
17 6 0.0465545474157256 0.953444435433553 1.01715072077733e-06 2.59612207127791e-29 1.08573229894697e-69 5.88834508766391e-128 3.87486060419772e-204 3.00812146082113e-298 0 0 0 0 0 0 0 0 0 0 0 0 0
17 15 0 0.803153156576433 0.196846843028901 3.94666078224034e-10 1.30166171822074e-30 3.62492310806618e-63 7.52579223445629e-108 1.11439128605654e-164 1.15275257378964e-233 8.23562110975665e-315 0 0 0 0 0 0 0 0 0 0 0
17 19 0 0.98192241113741 0.0180775888625927 7.28917594697769e-27 8.88213537176355e-83 1.66402156086483e-170 4.26155710990866e-290 0 0 0 0 0 0 0 0 0 0 0 0 0 0
18 14 0 0.999835236352052 0.000164763647947913 2.69758762728032e-32 6.84311117280445e-89 1.75961410654801e-174 4.17947319304935e-289 0 0 0 0 0 0 0 0 0 0 0 0 0 0
18 16 0.296899387499918 0.703100612500082 9.69945576976711e-31 4.4682818071614e-122 8.05238522459349e-276 0 0 0 0 0 0 0 0 0 0 0 0 0 0 0 0
18 19 0 0.0152782817964867 0.963198320397779 0.0215233975396328 2.66101838457167e-10 1.30166345e-25 1.84449492412069e-48 6.97201547902633e-79 6.79946858039247e-117 1.68257512873846e-162 1.04642587539939e-215 1.62586136725591e-276 0 0 0 0 0 0 0 0 0
19 17 0 0.0625450963378915 0.83736900997953 0.100064664093558 2.12295865315577e-05 2.48898314751377e-12 1.25462224584487e-22 2.51895866295907e-36 1.95063927858674e-53 5.73137214981289e-74 6.32934581361008e-98 2.6115496222836e-125 4.01007751662626e-156 2.28514303983251e-190 4.82280945565515e-228 3.76402486238821e-269 1.08508142405185e-313 0 0 0 0
19 18 0 0.10688587259884 0.892967745815006 0.00014638158615346 1.06489594098386e-17 5.81599333882138e-41 1.91897644026475e-74 3.58612586181842e-118 3.6921361682023e-172 2.06433796787944e-236 6.21548914825278e-311 0 0 0 0 0 0 0 0 0 0
19 20 0 0 0.821476408284365 0.178523584053061 7.66257353200339e-09 1.31013486469313e-25 5.01337220008422e-52 3.81862724769877e-88 5.54800787093374e-134 1.5067570207895e-189 7.56447247865913e-255 0 0 0 0 0 0 0 0 0 0
19 21 0 0.919243170171084 0.0807568298288523 3.86200352920973e-84 1.98423533478307e-306 0 0 0 0 0 0 0 0 0 0 0 0 0 0 0 0
20 19 0 0 0.993480891452865 0.00651910854713322 1.81788429602376e-18 1.73533591903613e-50 3.69747348074311e-99 1.59846912955322e-164 1.35177486739147e-246 0 0 0 0 0 0 0 0 0 0 0 0
20 21 0.199839175663719 0.800160824336281 3.02563456616164e-18 1.44816664284401e-73 9.95370361936683e-168 8.15248746833295e-301 0 0 0 0 0 0 0 0 0 0 0 0 0 0 0
20 23 0 0.825230407131541 0.174769592860645 7.81452856822615e-12 2.02844792968141e-36 1.50991326674268e-75 2.84085919778481e-129 1.29216119126746e-197 1.39156413196533e-280 0 0 0 0 0 0 0 0 0 0 0 0
21 14 0 0.999480941585742 0.000519058414250587 5.33742344185308e-26 2.98994275859906e-70 6.12507979743973e-137 4.19109409335751e-226 0 0 0 0 0 0 0 0 0 0 0 0 0 0
21 19 0 0.360491332198362 0.639508667801638 3.73257177958465e-36 3.7499342076785e-142 8.18172709513104e-320 0 0 0 0 0 0 0 0 0 0 0 0 0 0 0
21 20 0.71611649222937 0.283883507770631 2.05655526327248e-41 1.39787852022824e-152 0 0 0 0 0 0 0 0 0 0 0 0 0 0 0 0 0
21 22 0 1.00000000000004 0 0 0 0 0 0 0 0 0 0 0 0 0 0 0 0 0 0 0
22 13 0 0.37988663344362 0.620112029712113 1.33684426771703e-06 1.5920457291352e-22 3.49897796250328e-49 1.20327504168631e-86 6.13605035375044e-135 4.52944885328629e-194 4.77797951814157e-264 0 0 0 0 0 0 0 0 0 0 0
22 21 0 0.365801497174019 0.634197709433439 7.93392541977793e-07 1.35482171820932e-23 1.00551471594252e-51 2.74370712148397e-91 2.60741885514194e-142 8.42332467174358e-205 9.1315268306459e-279 0 0 0 0 0 0 0 0 0 0 0
22 23 0.362033271180506 0.637966728819494 6.88915165767566e-25 1.32476226701156e-96 6.99393420268907e-217 0 0 0 0 0 0 0 0 0 0 0 0 0 0 0 0
23 12 0 0.999999999013381 9.86618892484966e-10 3.28075520471066e-98 4.21953180860137e-284 0 0 0 0 0 0 0 0 0 0 0 0 0 0 0 0
23 20 0 0.999915687805934 8.4312194065742e-05 2.99579565321736e-35 2.4230578129755e-97 2.90736394273634e-191 4.71574295445615e-317 0 0 0 0 0 0 0 0 0 0 0 0 0 0
23 22 0.132888219633102 0.867111766524452 1.3842448203207e-08 1.1831545885255e-34 7.04190750940218e-80 2.38251076838028e-144 4.31235860240206e-228 0 0 0 0 0 0 0 0 0 0 0 0 0 0
