0 1 0 0 0.76577888933657 0.234171949747584 4.91605701098455e-05 3.45725546297559e-10 5.38399219580532e-16 3.60238905243019e-22 1.40458705239408e-28 3.76408285893251e-35 7.65758046870539e-42 1.26140649056319e-48 1.75854760792584e-55 2.14155559279089e-62 2.33211983832132e-69 2.31183552205662e-76 2.11530094096083e-83 1.80625373745156e-90 1.45223267376439e-97 1.10739949375903e-104 8.04949539008213e-112
0 2 0 0.06088783969258 0.927011088366 0.0120999794336623 1.09249649105001e-06 1.12665046934696e-11 3.66974755305727e-17 5.86380948067283e-23 5.77782185883373e-29 4.01344020122047e-35 2.13976636875933e-41 9.27321834098134e-48 3.40184428645084e-54 1.08822107312744e-60 3.10435524137735e-67 8.03529463402047e-74 1.91313510539433e-80 4.23613832514737e-87 8.80158539593891e-94 1.72872836280263e-100 3.22388495457504e-107
1 0 0 0 0.999999999999757 2.82865274630432e-117 1.06536468944259e-250 0 0 0 0 0 0 0 0 0 0 0 0 0 0 0 0
1 5 0 1.86465120943503e-06 0.246021801305099 0.679423146672106 0.0733455672435035 0.00120067265722631 6.92636876827779e-06 2.10603763600299e-08 4.16533142305821e-11 6.05422444940589e-14 6.98286768592887e-17 6.72773596038056e-20 5.61295452499285e-23 4.16269471749876e-26 2.79865890689191e-29 1.73173331146685e-32 9.97985209344348e-36 5.40759029672892e-39 2.77632691337905e-42 1.35919983812173e-45 6.42302499712808e-49
2 0 0 0.999999625387732 3.74612365259534e-07 1.30262299201511e-28 1.71983436527541e-52 3.31306930245622e-77 2.37988852246556e-102 9.36911526786362e-128 2.45919345151999e-153 4.82088928223835e-179 7.58248450662402e-205 1.00402621707705e-230 1.15783641060549e-256 1.19200184018416e-282 1.11618775102935e-308 0 0 0 0 0 0
2 3 0 0.999999999999998 3.62911536385593e-15 2.7209563027799e-57 5.75808879097944e-103 7.41981068948309e-150 2.28591703656878e-197 2.94650236678016e-245 2.11184676462916e-293 0 0 0 0 0 0 0 0 0 0 0 0
2 11 0 0.467681215383152 0.532224235085227 9.45493353962826e-05 1.96225198904923e-10 7.4433942823925e-17 1.16138483259086e-23 1.04949782256298e-30 6.55170047209133e-38 3.13126468862389e-45 1.22283435829702e-52 4.07717337620329e-60 1.19715245681987e-67 3.16657647827765e-75 7.67556518856876e-83 1.72763604634363e-90 3.64875550847331e-98 7.29161080182816e-106 1.38819685093604e-113 2.53205799400769e-121 4.44529000332435e-129
3 2 0 0.821708248208445 0.178291751735372 5.65350562547292e-11 1.98594218861502e-24 2.6731119504983e-39 6.6982927719254e-55 6.00909743687628e-71 2.69529337195453e-87 7.3363278709877e-104 1.36956572620201e-120 1.90394708507299e-137 2.08870824190185e-154 1.88654117132576e-171 1.4484175115966e-188 9.68885919338274e-206 5.75767547605469e-223 3.08739195196669e-240 1.51294828819434e-257 6.84696203723259e-275 2.88626231607158e-292
3 4 0.872860619663777 0.127139380336153 3.74162784006746e-16 2.46056177104314e-34 1.83313269626753e-53 4.92045586761374e-73 7.28735944858417e-93 7.30926457803366e-113 5.56676329739106e-133 3.45415622483615e-153 1.82920239612011e-173 8.53823105006211e-194 3.59569555887991e-214 1.39014752040758e-234 5.00021927641468e-255 1.69082677406062e-275 5.42008505511734e-296 1.65820930605162e-316 0 0 0
3 10 0 0 0.500517365825154 0.499225078947218 0.000257553887886997 1.33974244107147e-09 8.60587545405851e-16 1.70795509706182e-22 1.59956832410032e-29 8.89352754368242e-37 3.37087662353106e-44 9.52731530804501e-52 2.13534448893457e-59 3.96592106894183e-67 6.30580893015609e-75 8.79867608837958e-83 1.09837164977645e-90 1.24561725102371e-98 1.29923573237949e-106 1.25907388893247e-114 1.14346483195062e-122
4 3 1.00000000028384 9.09477505674197e-162 0 0 0 0 0 0 0 0 0 0 0 0 0 0 0 0 0 0 0
4 5 0 0.461364300306235 0.538596520674861 3.91790017496869e-05 1.71561003080748e-11 1.07777596302948e-18 2.45930590184885e-26 3.01282557548328e-34 2.42281872865861e-42 1.43779227064194e-50 6.78126571564516e-59 2.672146865448e-67 9.11285314160754e-76 2.75993931109947e-84 7.56912675419467e-93 1.90819278172634e-101 4.47485075649511e-110 9.85480240479011e-119 2.05398935149116e-127 4.07764897653649e-136 7.75757627462767e-145
4 8 0 0.993798945448001 0.00620105455199934 3.90274259681458e-36 2.10282744550599e-76 1.8875290663387e-118 2.50795998238232e-161 1.0977061799695e-204 2.32243907676259e-248 2.94134601799509e-292 0 0 0 0 0 0 0 0 0 0 0
5 1 0 0.872860619663777 0.127139380336153 3.74162784006746e-16 2.46056177104314e-34 1.83313269626753e-53 4.92045586761374e-73 7.28735944858417e-93 7.30926457803366e-113 5.56676329739106e-133 3.45415622483615e-153 1.82920239612011e-173 8.53823105006211e-194 3.59569555887991e-214 1.39014752040758e-234 5.00021927641468e-255 1.69082677406062e-275 5.42008505511734e-296 1.65820930605162e-316 0 0
5 4 0 0.947470498860649 0.0525295011393334 1.77938603922947e-14 3.19525368439483e-31 1.77609059154559e-49 1.65333492908712e-68 5.17041815362986e-88 7.74754957110278e-108 6.83346154950834e-128 4.04011749711009e-148 1.74725134144346e-168 5.87825157517738e-189 1.60919852017169e-209 3.70814475671416e-230 7.38332113517294e-251 1.29673313584961e-271 2.04238379309872e-292 2.92390324282336e-313 0 0
5 7 0.0062978932563813 0.993700002011783 2.1047320105715e-06 2.71898364343707e-18 4.19416643444764e-32 7.98315807692439e-47 4.47805836236477e-62 1.1267544167469e-77 1.60857308840194e-93 1.50592193750836e-109 1.01720614433223e-125 5.29768397613599e-142 2.23189576185319e-158 7.88367627873697e-175 2.39977582373438e-191 6.43183763025028e-208 1.54408064116401e-224 3.36676439969209e-241 6.74411789710515e-258 1.25295301408503e-274 2.17584883181981e-291
6 7 0 0.752424643907481 0.247550937539436 2.44185082088718e-05 4.48840415698613e-11 1.41450805919859e-17 1.66220572599496e-24 1.04027261007647e-31 4.20466217067636e-39 1.23261485016738e-46 2.82561139429436e-54 5.33312298766666e-62 8.59911022435269e-70 1.21725479995192e-77 1.54448149072217e-85 1.78515642798928e-93 1.90385150076073e-101 1.8929908989378e-109 1.76971267427802e-117 1.56655812611518e-125 1.32116269408614e-133
6 17 0.497552024269023 0.502447975730977 3.09076776253636e-17 2.12581597994897e-40 2.22194712694219e-65 3.27142221490185e-91 1.53915281056934e-117 3.42957859303357e-144 4.50784390508945e-171 4.00071570441282e-198 2.62077216054639e-225 1.34802237925705e-252 5.6930580997282e-280 2.04104926961888e-307 0 0 0 0 0 0 0
7 5 0.142505396372151 0.857491568083617 3.03554422203503e-06 4.74166594645924e-15 7.94870176501414e-25 4.62631589476727e-35 1.45016207667901e-45 3.02722046881755e-56 4.7398795785484e-67 5.99022679325036e-78 6.41373178825897e-89 6.01718889595026e-100 5.06838045653368e-111 3.90333567988751e-122 2.78706922240962e-133 1.86529433674884e-144 1.18037308502444e-155 7.11265691893617e-167 4.10494370098959e-178 2.28004643183314e-189 1.22459042621462e-200
7 6 0 0.999999822741978 1.77257713470485e-07 2.80594152221869e-22 9.06495031063225e-39 5.79827274137967e-56 1.51911508346251e-73 2.2591274598233e-91 2.27114770034794e-109 1.71366308273754e-127 1.03831910251556e-145 5.29088042518802e-164 2.34338558945434e-182 9.24411388144487e-201 3.30854983291466e-219 1.08997848268881e-237 3.34324657116311e-256 9.63587425952768e-275 2.6294235319457e-293 6.83580913780284e-312 0
7 8 0 0 0 0.692145201507817 0.307854759688214 3.88039549016387e-08 3.61355500177288e-18 2.42639369264667e-29 4.18068168940826e-41 3.13337255859901e-53 1.33841272659672e-65 3.81167043941006e-78 7.99236084276692e-91 1.31902602369655e-103 1.79590631374447e-116 2.08791388644708e-129 2.12717664553507e-142 1.93756208193944e-155 1.60297656805191e-168 1.21989130303742e-181 8.62941972292913e-195
7 15 0 1.33087140619264e-06 0.471628777453545 0.52128580652631 0.00707718342837617 6.90003919421476e-06 1.68099032073295e-09 1.77735116704787e-13 1.07861487559532e-17 4.40774036049056e-22 1.33992289844342e-26 3.23758556388758e-31 6.51217287563504e-36 1.12763923891787e-40 1.72371669009293e-45 2.37133624297009e-50 2.98075968931723e-55 3.46514047543319e-60 3.76217121008387e-65 3.8458117409783e-70 3.71008615763678e-75
8 4 0 0.654243924993594 0.345756075006434 1.24110644699593e-19 4.94227832419581e-45 3.11519195866513e-72 2.82330752978147e-100 8.27765571583074e-129 1.15881364803029e-157 9.62526698591105e-187 5.4217752673189e-216 2.2618281914317e-245 7.42891980688772e-275 2.00784420288412e-304 0 0 0 0 0 0 0
8 7 0 0 0 0.777187994695457 0.222812004882386 4.22307838683871e-10 1.30269448346316e-22 1.74002092355989e-36 4.60178159601146e-51 4.5226583375342e-66 2.27869752227133e-81 7.09355599235276e-97 1.53516140241429e-112 2.5003561831447e-128 3.2410286795161e-144 3.48296614443827e-160 3.2001921849254e-176 2.57449120912337e-192 1.84772335496564e-208 1.20100407585417e-224 7.15569784549645e-241
8 9 0 0.989180335764295 0.010819664203821 3.18838497726523e-11 4.10334427913899e-22 5.27167697040037e-34 1.89137059563013e-46 3.0161607418702e-59 2.74408437308829e-72 1.65421057340971e-85 7.27895218981789e-99 2.4979876248776e-112 7.0096853580081e-126 1.66563615177418e-139 3.44174703380174e-153 6.31357243445459e-167 1.04518311570845e-180 1.58225501816091e-194 2.21426429944438e-208 2.89033317192414e-222 3.54564724512199e-236
9 8 0 0.99999999999997 1.24228257709728e-18 1.71069907386023e-47 5.53707274095883e-78 3.81428537105457e-109 1.1226849131e-140 1.92816986563161e-172 2.28253125760106e-204 2.0573689815166e-236 1.50573641954691e-268 9.34979962280262e-301 0 0 0 0 0 0 0 0 0
9 10 0 1.65314672368999e-05 0.517155709158874 0.473066819206034 0.00973603419623521 2.48847056575587e-05 2.12565892621866e-08 9.37084499539242e-12 2.65837907745209e-15 5.50693974946216e-19 9.01480041330226e-23 1.22910598084064e-26 1.4480094285472e-30 1.5138906301421e-34 1.43298559367166e-38 1.2470536417929e-42 1.00986016386458e-46 7.6834419081958e-51 5.53562889779912e-55 3.80094110299365e-59 2.49569205566087e-63
9 14 0 0 0.297581509589281 0.694533478188435 0.00788173597098615 3.2759727946646e-06 2.78490527376512e-10 9.59102887053918e-15 1.84724646290032e-19 2.37342464563572e-24 2.26347991834425e-29 1.71751158929067e-34 1.087610088876e-39 5.94770727116744e-45 2.88093416421899e-50 1.2600983940687e-55 5.05232589875962e-61 1.87922522732687e-66 6.54716199625599e-72 2.15348901182157e-77 6.70354046491884e-83
9 15 0 1 3.2517373946983e-141 0 0 0 0 0 0 0 0 0 0 0 0 0 0 0 0 0 0
9 16 0 0 3.095136458331e-09 0.140400995999327 0.789394079576821 0.0698412442152049 0.000363302590016538 3.74380442003608e-07 1.43024049032197e-10 2.8122372369294e-14 3.44059342617066e-18 2.94991074128399e-22 1.91879097310569e-26 1.00089629120526e-30 4.359163089271e-35 1.63376129710527e-39 5.39295282845405e-44 1.59672597504282e-48 4.30253927823986e-53 1.06768905582487e-57 2.45423877911541e-62
10 3 0 0 0.0729949692744253 0.700857969575915 0.215513843279641 0.0104416501092232 0.000189629791569782 1.92456053571536e-06 1.33377229844173e-08 7.06612867911782e-11 3.06763688058159e-13 1.14233573096864e-15 3.76603300206291e-18 1.12451904358292e-20 3.09314478434713e-23 7.93972259468513e-26 1.92119727145102e-28 4.41767466083346e-31 9.71619382647775e-34 2.05492881899973e-36 4.2736228120247e-39
10 9 0 0.559868215369237 0.44013178463074 8.64239109962409e-20 3.06801942840072e-46 1.06587676357999e-74 4.25351256754894e-104 4.81912776551695e-134 2.39348751467364e-164 6.64031083285428e-195 1.19450867888937e-225 1.53715308736174e-256 1.51495622945238e-287 1.20124650801611e-318 0 0 0 0 0 0 0
10 11 0 0 0.216684635778541 0.779580432393099 0.00373478793741658 1.43890396837545e-07 5.46846662832213e-13 5.60290880076787e-19 2.47757872287384e-25 6.10886381301139e-32 9.80305222870975e-39 1.13199668043648e-45 1.007707868356e-52 7.26518815004411e-60 4.39984426009558e-67 2.30129296380899e-74 1.06229590388492e-81 4.40266879097497e-89 1.66112621402135e-96 5.77076689108032e-104 1.86256162774441e-111
10 13 0 0.0765295140241108 0.921357822496626 0.00211265628495053 7.1943112722884e-09 1.61574961944848e-15 8.68659014350577e-23 1.9371014279931e-30 2.38001074744098e-38 1.90126960336745e-46 1.09684410874209e-54 4.90466331634751e-63 1.78700300291471e-71 5.50265634945088e-80 1.47205930236024e-88 3.49492289013528e-97 7.48873009482019e-106 1.46789726927472e-114 2.66117831135666e-123 4.50281989061999e-132 7.17062544427179e-141
11 2 0 0.99999994517132 5.48278255076365e-08 4.77540016886947e-36 6.42515415012463e-68 4.21549774170631e-101 5.89120855405872e-135 3.20888136759418e-169 9.26365791970551e-204 1.69329888430742e-238 2.19252560250861e-273 2.1684499716194e-308 0 0 0 0 0 0 0 0 0
11 10 0 0 0.0290624791003154 0.742004791848866 0.224217948791227 0.00469288133318543 2.18571716802456e-05 4.17102633675811e-08 4.4431312618747e-11 3.1432804377264e-14 1.64286720993711e-17 6.80291683789582e-21 2.34214345491172e-24 6.94097682001871e-28 1.81678965999094e-31 4.28352449516297e-35 9.23782353862465e-39 1.84461071942576e-42 3.44417774662044e-46 6.06205041808527e-50 1.0138021523205e-53
11 12 0 1 2.25876276931279e-29 7.3695143605923e-77 3.88255637476607e-127 1.45326047963245e-178 1.27393023584754e-230 4.45452149691132e-283 0 0 0 0 0 0 0 0 0 0 0 0 0
12 11 0 0.991442616957803 0.00855738248051856 5.61675668505416e-10 8.48208030397655e-19 2.57542530426411e-28 3.2127561432072e-38 2.275576910909e-48 1.08907803058034e-58 3.90945012799528e-69 1.12616935593558e-79 2.72651037600356e-90 5.73426783050327e-101 1.07356578566203e-111 1.82275375156285e-122 2.84743675770238e-133 4.13988087845759e-144 5.65389112085932e-155 7.30838533545847e-166 8.99778026604246e-177 1.06145016248454e-187
12 23 0 0.904495118696172 0.095504862293446 1.90103529433616e-08 4.81416424643218e-17 2.52554614210814e-26 5.86515682636451e-36 8.26916741159791e-46 8.32087449914072e-56 6.56492483808047e-66 4.30998879910978e-76 2.45070786034594e-86 1.24146606995112e-96 5.71972792907989e-107 2.43429725978085e-117 9.68616320253281e-128 3.63770715011356e-138 1.2992894624971e-148 4.44097601659407e-159 1.46004937706271e-169 4.64088239909727e-180
13 10 0 0.787676297438179 0.21232367567357 2.68882700387963e-08 7.22357270795002e-18 2.0781059422609e-28 1.88196913042902e-39 8.40038594192239e-51 2.32497596833596e-62 4.55899752450627e-74 6.8908338071149e-86 8.49693133655579e-98 8.89631850661795e-110 8.14372369248565e-122 6.66309961776392e-134 4.95640001082848e-146 3.39722753137305e-158 2.16885404393907e-170 1.30105357508911e-182 7.38695593397351e-195 3.99509662515456e-207
13 14 0 5.88003677519437e-09 0.183206126647983 0.77141951966928 0.0452323831269181 0.000141878619363487 8.60372624614541e-08 1.91540861563828e-11 2.18333376245067e-15 1.5435000231071e-19 7.6299230407479e-24 2.85674000549985e-28 8.56691658761973e-33 2.14291557922197e-37 4.60905471485952e-42 8.72540556221442e-47 1.48076055057913e-51 2.28596548769283e-56 3.24864981750839e-61 4.2917322158756e-66 5.29071884520041e-71
13 22 0 0.998598468220179 0.00140153177981861 5.46349026302028e-17 6.88259302752872e-33 1.16737370569292e-49 7.06470967361121e-67 2.27909249133845e-84 4.80986748899574e-102 7.47722353448649e-120 9.22852347526433e-138 9.51010467100036e-156 8.47838403340735e-174 6.71096555644435e-192 4.80939557037912e-210 3.16799324433149e-228 1.94103252122024e-246 1.11681402470234e-264 6.08140682706581e-283 3.154193143109e-301 1.56618809731675e-319
14 9 0 0 1.00000000000191 6.80529154158281e-12 5.45480648561534e-31 2.20049833485137e-51 2.5736702228792e-72 1.52279306098789e-93 5.84908364258847e-115 1.66666600717854e-136 3.8158165234995e-158 7.39087254769292e-180 1.25452117860954e-201 1.91363682690046e-223 2.67246665334295e-245 3.46552917965658e-267 4.21891610082096e-289 4.86394550729758e-311 0 0 0
14 13 0 7.78783856076324e-07 0.24608017839481 0.692180204861749 0.0610626651692276 0.000673814018174791 2.35469954359892e-06 4.06825330955397e-09 4.38273512181183e-12 3.36749839698763e-15 2.00794807577422e-18 9.83030427944106e-22 4.1105778146565e-25 1.51089906279722e-28 4.98791798434187e-32 1.50365415271479e-35 4.19344870680676e-39 1.09322004812073e-42 2.68674392608669e-46 6.26827798769318e-50 1.39997798686289e-53
14 18 0 0.974876021649275 0.0251238528166372 1.25533735588049e-07 3.94423650348872e-14 3.77192994546757e-21 1.86029248989686e-28 6.01508419589606e-36 1.45129919025394e-43 2.82427780293285e-51 4.6621052522408e-59 6.75734662174091e-67 8.81479506588888e-75 1.05395688261901e-82 1.17122909337713e-90 1.22282850296314e-98 1.20982059009767e-106 1.14212980571026e-114 1.03469140241008e-122 9.03748943903995e-131 7.64282379822826e-139
14 21 0 0.906512390555596 0.0934856722696766 1.93717334858398e-06 1.3436634173276e-12 2.1253737103454e-19 1.47384257747653e-26 6.03901027520346e-34 1.71782460564956e-41 3.73749999090955e-49 6.6230149545944e-57 9.97921619414936e-65 1.31847595277313e-72 1.56269619600506e-80 1.6905482627671e-88 1.69195113931244e-96 1.58344590115251e-104 1.39773345738575e-112 1.17198335757613e-120 9.3894376048719e-129 7.22515162581262e-137
15 7 0 0.00253002879774791 0.983553614665578 0.0139160824998892 2.74036322830713e-07 4.55495606517285e-13 2.28262293749615e-19 5.6429519695097e-26 8.75507065633118e-33 9.76293181112929e-40 8.50949586876165e-47 6.12834502430796e-54 3.79038552925461e-61 2.07051419774793e-68 1.02002522841133e-75 4.60519780731596e-83 1.92952738295352e-90 7.57841435508759e-98 2.81297754010969e-105 9.93395114118971e-113 3.3547805445974e-120
15 9 0 0.999477198273251 0.000522801726742913 9.13398460985291e-19 4.20349954976322e-36 2.43934929744525e-54 4.88707509084842e-73 5.11632525540048e-92 3.45757502216315e-111 1.70474760878507e-130 6.62523182634362e-150 2.13776558226343e-169 5.94065747264332e-189 1.46031584924068e-208 3.24005056661828e-228 6.59035479461081e-248 1.24407184028947e-267 2.20107846791023e-287 3.67925334310022e-307 0 0
15 16 0.999999980127087 1.98732302185909e-08 1.28648419749251e-57 5.22501242206114e-111 1.90919149732786e-165 2.27098867571629e-220 1.40734387156922e-275 0 0 0 0 0 0 0 0 0 0 0 0 0 0
15 17 0 0.849377453796262 0.150621600188623 9.46014890403037e-07 4.89141850278796e-14 3.12583227362312e-22 6.23421227614075e-31 5.9194067453638e-40 3.36014518974848e-49 1.30748195882732e-58 3.81062679338673e-68 8.8388594357568e-78 1.70402442138934e-87 2.81948983251773e-97 4.10277480581855e-107 5.35111165400438e-117 6.35057677269542e-127 6.94167886795466e-137 7.05860989444982e-147 6.73222686895392e-157 6.07000539680102e-167
16 9 0 0 0.00132386770575182 0.967760286025611 0.0309136690341621 2.17722096820499e-06 1.35025694161597e-11 2.5570075440873e-17 2.40331227439256e-23 1.42271313101403e-29 6.06750218180727e-36 2.02594061172624e-42 5.5962506549507e-49 1.32887803309041e-55 2.78907479731326e-62 5.28256047185087e-69 9.17401124590345e-76 1.47921109468213e-82 2.23660439708783e-89 3.19705564119736e-96 4.34261905560139e-103
16 15 0.0787538823390946 0.921246116636937 1.02396839009621e-09 5.15505517512937e-25 4.31153408227376e-42 5.24905502518296e-60 2.0775338646612e-78 3.93590539482949e-97 4.43044559354749e-116 3.38503492464945e-135 1.91656680747122e-154 8.54696127570182e-174 3.13738628605168e-193 9.79667130290682e-213 2.6686303650552e-232 6.46797976019406e-252 1.41695702183136e-271 2.84180650262844e-291 5.27274267521928e-311 0 0
16 18 0.998438224289756 0.00156177571024794 3.61165705240455e-33 1.18738935228648e-67 2.35041612987888e-103 1.25333284010145e-139 3.11736855495782e-176 4.70606354002025e-213 4.99384925159783e-250 4.07692242465809e-287 0 0 0 0 0 0 0 0 0 0 0
17 6 0.999999980127087 1.98732302185909e-08 1.28648419749251e-57 5.22501242206114e-111 1.90919149732786e-165 2.27098867571629e-220 1.40734387156922e-275 0 0 0 0 0 0 0 0 0 0 0 0 0 0
17 15 0 0.999999997306788 2.69483365763942e-09 7.25105028751439e-28 1.79826722607231e-48 6.38313503331666e-70 7.77041266333404e-92 4.79905894423267e-114 1.85433923345854e-136 5.08143599976489e-159 1.07081709683257e-181 1.8340583585107e-204 2.65606613630918e-227 3.3486528354584e-250 3.75784996708005e-273 3.81889406048247e-296 3.55727265005698e-319 0 0 0 0
17 19 0 0.0498932254476638 0.946225700532373 0.00388105245801538 2.15619408297856e-08 7.107734739934e-15 5.28882385849904e-22 1.57358048681061e-29 2.51587965154998e-37 2.56842492771498e-45 1.867775584835e-53 1.04154708962356e-61 4.69169688637697e-70 1.77347689440791e-78 5.78955401615735e-87 1.66890851430467e-95 4.32309460905427e-104 1.02055808158727e-112 2.22094121497907e-121 4.49780634700103e-130 8.55031810309282e-139
18 14 0 0.906512390555596 0.0934856722696766 1.93717334858398e-06 1.3436634173276e-12 2.1253737103454e-19 1.47384257747653e-26 6.03901027520346e-34 1.71782460564956e-41 3.73749999090955e-49 6.6230149545944e-57 9.97921619414936e-65 1.31847595277313e-72 1.56269619600506e-80 1.6905482627671e-88 1.69195113931244e-96 1.58344590115251e-104 1.39773345738575e-112 1.17198335757613e-120 9.3894376048719e-129 7.22515162581262e-137
18 16 1 2.08291918803217e-31 1.78752174173641e-161 1.5087221327917e-295 0 0 0 0 0 0 0 0 0 0 0 0 0 0 0 0 0
18 19 0 0.173611159506684 0.817585721412105 0.008800382032456 2.7368547156549e-06 1.94033014692632e-10 6.26758658463423e-15 1.24454093152733e-19 1.7754146996809e-24 1.99361542508101e-29 1.86751571131943e-34 1.51777574926385e-39 1.10031880699177e-44 7.26153750615215e-50 4.43000883377858e-55 2.52814927638794e-60 1.36236286215596e-65 6.98463178572347e-71 3.42783350559591e-76 1.61853662081101e-81 7.35238401622047e-87
19 17 0 0.999999999999998 8.71016478327279e-44 1.21371494132024e-126 1.92336280080604e-211 6.62649134392483e-297 0 0 0 0 0 0 0 0 0 0 0 0 0 0 0
19 18 0 0.0647784347095817 0.904263855419624 0.0309343903636525 2.33163042901419e-05 3.20267396197027e-09 1.76536809764597e-13 5.52190019942369e-18 1.17468175756494e-22 1.89018628742094e-27 2.46172440936041e-32 2.71637895260409e-37 2.62306133019778e-42 2.26984964328442e-47 1.79199061177132e-52 1.3087053661356e-57 8.93852408372778e-63 5.76000694437295e-68 3.52715316175079e-73 2.06461661613717e-78 1.15591142659041e-83
19 20 0 0 0.0624896374616689 0.875237863459524 0.0621663125831477 0.000106161525420469 2.49683730091244e-08 1.86556125969863e-12 6.64418450212753e-17 1.41091014027613e-21 2.04663831368751e-26 2.2160215296132e-31 1.9036276387335e-36 1.3553578540575e-41 8.26162902783034e-47 4.41915480451462e-52 2.11460594399798e-57 9.19121473820874e-63 3.67391088010486e-68 1.3642253006376e-73 4.72579434620975e-79
19 21 0 0.000183823926889065 0.618991136422893 0.373148664185108 0.00764714103627935 2.91878426928053e-05 4.65422713773705e-08 4.38406618595901e-11 2.90726371864719e-14 1.50080169089219e-17 6.42209419288318e-21 2.37530103979429e-24 7.81913245947115e-28 2.34007814478934e-31 6.46923716683923e-35 1.672416928104e-38 4.08206517993061e-42 9.47975325016306e-46 2.10768721577687e-49 4.50960086961476e-53 9.34630275878132e-57
20 19 0 0 0.999998323624623 1.67637541054029e-06 5.48928506742916e-21 1.63995956782886e-37 6.92253739659614e-55 9.93604360086421e-73 7.1930820675397e-91 3.24411793804922e-109 1.03431970183929e-127 2.52966372711551e-146 5.0184956427749e-165 8.40433165067224e-184 1.22362255023663e-202 1.58390807164257e-221 1.85486795691511e-240 1.99248087239548e-259 1.98522758119422e-278 1.85147969268962e-297 1.63028684023095e-316
20 21 0.413516033448065 0.586483966551932 3.367691285238e-15 6.02675881421292e-36 2.06638155524039e-58 1.11047002775731e-81 2.02846325904703e-105 1.82705379228093e-129 9.98718390931971e-154 3.76479802179781e-178 1.06473704864493e-202 2.39525720316389e-227 4.47127686521218e-252 7.14794362781725e-277 1.00252682823752e-301 0 0 0 0 0 0
20 23 0 0.952438623849826 0.0475607023752859 6.73774225965212e-07 5.49414904713791e-13 1.30319687012182e-19 1.55294479286738e-26 1.19280852010536e-33 6.75587684123682e-41 3.05927981339915e-48 1.16722403498676e-55 3.88946457039377e-63 1.16140807419501e-70 3.1673486209253e-78 8.00393655467343e-86 1.89538332014244e-93 4.2438129197692e-101 9.04924233690936e-109 1.84853720003352e-116 3.63520558343696e-124 6.90942578463255e-132
21 14 0 0.569106252759967 0.42929180025428 0.00160153343411103 4.13520349808203e-07 3.12898077103097e-11 1.18210091704577e-15 2.85896498643111e-20 5.06900489665076e-25 7.15118347499208e-30 8.46676477897937e-35 8.72643141139696e-40 8.03753243104909e-45 6.74546945502983e-50 5.23514996445243e-55 3.80082761978282e-60 2.60515706483198e-65 1.69826489273293e-70 1.05930503930026e-75 6.35419338220127e-81 3.66486334255816e-86
21 19 0 6.98940365539344e-05 0.634528423873091 0.36104714034757 0.00434734730127472 7.19017846675731e-06 4.26167975822208e-09 1.36307470886966e-12 2.89199962036431e-16 4.57966578251442e-20 5.82610118202149e-24 6.25299225004293e-28 5.85887805768466e-32 4.91292320852536e-36 3.75611605886707e-40 2.65591775140084e-44 1.75644724702454e-48 1.09620349203375e-52 6.50341143189691e-57 3.68964208250816e-61 2.00687061890361e-65
21 20 0.999999981087096 1.89123048623136e-08 2.4001244951231e-55 5.97744314562811e-106 1.7770231967556e-157 1.96176745175511e-209 1.21793174676385e-261 5.18784021344724e-314 0 0 0 0 0 0 0 0 0 0 0 0 0
21 22 0 0.00832058736968086 0.929984995930267 0.0616731206159131 2.12955354022045e-05 5.48733412810665e-10 3.49994413828229e-15 9.39433274385062e-21 1.40022122735108e-26 1.36355307557475e-32 9.62069141249624e-39 5.27381000807423e-45 2.35972191960937e-51 8.93559942255557e-58 2.94284817800254e-64 8.60913544020755e-71 2.27474204903723e-77 5.50166314121039e-84 1.23134430524233e-90 2.57334860284757e-97 5.05046968226387e-104
22 13 0 0.38753851732368 0.612443544774693 1.79379007455085e-05 8.81474012349372e-13 3.8257632100599e-21 4.69526474760527e-30 2.65504195548929e-39 8.88955585209749e-49 2.0392042539766e-58 3.51510773607629e-68 4.8453757463902e-78 5.58062472842726e-88 5.54561426099647e-98 4.87124921666867e-108 3.85368424378965e-118 2.78651462467042e-128 1.86352650694855e-138 1.16382125701609e-148 6.84179783307927e-159 3.81474600685922e-169
22 21 0 0.196389199977367 0.803584659776378 2.61402460763517e-05 1.79026020199586e-13 4.6176238883544e-23 2.16348244295788e-33 3.56251034559906e-44 2.89313070500252e-55 1.41106081306748e-66 4.68203578393476e-78 1.14941066277835e-89 2.21495789064083e-101 3.49870609549989e-113 4.68028725666528e-125 5.437595787626e-137 5.59682555902082e-149 5.18564706035403e-161 4.3815995861234e-173 3.41262309843869e-185 2.47304860563805e-197
22 23 0.0412282909507357 0.958769413713825 2.29533542766535e-06 1.18054264393632e-16 2.48955729297829e-28 1.15814830571759e-40 2.22743986008219e-53 2.3988861686143e-66 1.71445058435208e-79 9.02848376971463e-93 3.75397373679171e-106 1.29302945995053e-119 3.8198517002688e-133 9.93262184298244e-147 2.31893502719466e-160 4.93717531301328e-174 9.70568007611282e-188 1.77951681006983e-201 3.06831346538728e-215 5.00965419342083e-229 7.7901424436695e-243
23 12 0 0.999995161626477 4.83837350136745e-06 5.69285135741019e-26 1.38403977293616e-48 3.96300139826732e-72 3.78993267654579e-96 1.85710605520458e-120 5.79806453409355e-145 1.30848719882924e-169 2.3114611391807e-194 3.37189050861544e-219 4.21791848433546e-244 4.65077253331821e-269 4.6149319747652e-294 4.18868854544209e-319 0 0 0 0 0
23 20 0 0.999999997789353 2.21064305926557e-09 4.76032938677203e-27 1.8196099210336e-46 1.30577852212498e-66 3.7305161513937e-87 5.94308074207382e-108 6.32303789777419e-129 5.00458972437913e-150 3.15943485712161e-171 1.66855158181349e-192 7.62658272410244e-214 3.093813447112e-235 1.13533654927392e-256 3.82534308640209e-278 1.19741779631969e-299 3.55727265005698e-321 0 0 0
23 22 0.245979284672498 0.754020414244866 3.01082633480194e-07 6.24215814386174e-17 1.54739062046367e-27 1.40498806693662e-38 7.09216384859317e-50 2.43476576220145e-61 6.36378926822356e-73 1.3575993346466e-84 2.47500363720029e-96 3.98101535834871e-108 5.78166940964243e-120 7.71331731521359e-132 9.57846744081093e-144 1.11869773762545e-155 1.23901961504556e-167 1.31008704878873e-179 1.32974640703906e-191 1.30158542475169e-203 1.23388014336081e-215
