0 1 0 0 0.653273209134607 0.332804587766543 0.0138853274110807 3.68703302165321e-05 5.35751354321538e-09 3.98469256579773e-14 1.47035268925573e-20 2.64786566085344e-28 2.30483042391794e-37 9.63850711071731e-48 1.9285823530096e-59 1.84111930254237e-72 8.36828717037683e-87 1.80810514857424e-102 1.85490444531782e-119 9.02652267477364e-138 2.08205880411402e-157 2.27495708451093e-178 1.17691679789892e-200
0 2 0 0.499401146230336 0.490387514596933 0.0102090411362824 2.29803243202459e-06 4.01688999888955e-12 4.91337961425956e-20 4.03389928404458e-30 2.17806007929589e-42 7.6465532453147e-57 1.73331586668368e-73 2.52530835426579e-92 2.35722032716158e-113 1.40651905467264e-136 5.35569340076154e-162 1.29971937893022e-189 2.00821279088138e-219 1.97400479970847e-251 1.23362703390124e-285 0 0
1 0 0 0 0.998999297897936 0.00100070210203214 3.2386690335121e-14 6.40213740158219e-33 6.1961710313045e-60 2.74904310025704e-95 5.43594152224136e-139 4.72131199526228e-191 1.78581602392592e-251 2.91251698223415e-320 0 0 0 0 0 0 0 0 0
1 5 0 0.0826494474146312 0.410002844029103 0.370617506564575 0.121740335770969 0.0143797305669776 0.000601328822794021 8.76284541774817e-06 4.39105882308287e-08 7.49016853746863e-11 4.31748625926759e-14 8.36598222211588e-18 5.42900871245042e-22 1.17666958287572e-26 8.50033491259479e-32 2.04359413672204e-37 1.63309328019503e-43 4.33386438541219e-50 3.81644526496853e-57 1.11453782752563e-64 1.07940028039452e-72
2 0 0 0.917088241360124 0.0829117526748855 5.96499043917337e-09 8.25162843900104e-24 1.45457170404733e-46 2.96324376174322e-77 6.71891907422725e-116 1.6647690324347e-162 4.46112914067473e-217 1.28469436341426e-279 0 0 0 0 0 0 0 0 0 0
2 3 0 0.438400286095818 0.538264901907192 0.0233116391553276 2.31724498606096e-05 3.91801845172845e-10 1.015171708889e-16 3.86300584322951e-25 2.11432770676071e-35 1.64522055950834e-47 1.80710871519543e-61 2.78884114297885e-77 6.02757913837138e-95 1.82027194301215e-114 7.6675689593989e-136 4.49923224406431e-159 3.67396556011683e-184 4.1715308252541e-211 6.58165480303691e-240 1.44218517733772e-270 4.38694211633717e-303
2 11 0 1 1.62079439489692e-26 3.68138266390469e-180 0 0 0 0 0 0 0 0 0 0 0 0 0 0 0 0 0
3 2 0 0.607624220765491 0.390135572075486 0.00224016469630075 4.24627199803099e-08 1.88931346092994e-15 1.78656772683541e-25 3.45096393765305e-38 1.33540203629895e-53 1.02396733999718e-71 1.54539130117512e-92 4.57028646122477e-116 2.64038154132738e-142 2.9733508470643e-171 6.51576606455259e-203 2.77508990919004e-237 2.29484279053307e-274 3.68173383854855e-314 0 0 0
3 4 0.18040544899842 0.715148466936165 0.103853628350457 0.000592360871649098 9.48429355924213e-08 3.73106669336145e-13 3.42008171014556e-20 7.12423524645056e-29 3.32686757329171e-39 3.45454064587494e-51 7.93455045094919e-65 4.0167863268913e-80 4.47049510216417e-97 1.09179413309024e-115 5.84277794709984e-136 6.8440814971456e-158 1.75328150482984e-181 9.81581026921962e-207 1.2003053583551e-233 3.20438251688445e-262 1.86689818117455e-292
3 10 0 0 0.438216601799918 0.445110930996057 0.110173770408256 0.00641457800767164 8.3881359219591e-05 2.37287230683985e-07 1.41629010627783e-10 1.75603479215247e-14 4.47892554666083e-19 2.33518401013797e-24 2.47806660509949e-30 5.33629697795293e-37 2.3267476474314e-44 2.05081788376242e-52 3.64943420554298e-61 1.30983078224339e-70 9.47443728574547e-81 1.38026533927165e-91 4.04968225352679e-103
4 3 0.634451924792913 0.365548072956912 2.25017500484356e-09 4.88515297343665e-30 1.62988112723928e-63 7.27095165099742e-110 4.13484998994467e-169 2.93231515876838e-241 0 0 0 0 0 0 0 0 0 0 0 0 0
4 5 0 0.281804544841687 0.545183552386478 0.164042384648997 0.00888918217737894 8.02222609846834e-05 1.13660067962277e-07 2.44060968066957e-11 7.78491164246047e-16 3.6453504545641e-21 2.48743053722391e-27 2.46136191797692e-34 3.52007636036083e-42 7.25824046541181e-51 2.15394718482948e-60 9.18693504072389e-71 5.6257038117262e-82 4.94182937639411e-94 6.22312015238002e-107 1.12278551194346e-120 2.90061862953674e-135
4 8 0 0.128232845868885 0.632562972659896 0.229834299237773 0.00933390167446391 3.59687120964906e-05 1.18465691619592e-08 3.16680225067005e-13 6.69473618697716e-19 1.10339163901751e-25 1.40568824461664e-33 1.37663160877229e-42 1.03249972391783e-52 5.91497431972669e-64 2.58321440406428e-76 8.58764173881505e-90 2.17069785649652e-104 4.16818760373795e-120 6.07582048476458e-137 6.71920306837785e-155 5.64095129449927e-174
5 1 0 0.95520864680936 0.0447913531906237 3.31311022350874e-27 4.48470529526951e-87 5.06418413982277e-182 4.20838662725616e-312 0 0 0 0 0 0 0 0 0 0 0 0 0 0
5 4 0 0.444967236398389 0.531536188780586 0.0234707449410766 2.58293490507112e-05 5.30898116971161e-10 1.84017729677767e-16 1.03144730283737e-24 9.15826474963702e-35 1.27333345128566e-46 2.75269140831377e-60 9.20961600502611e-76 4.75336428448606e-93 3.77602642537529e-112 4.60892814837774e-133 8.63234909477789e-156 2.47845020809046e-180 1.08993927720904e-206 7.336882933314e-235 7.55571648202877e-265 1.18988517328424e-296
5 7 0.991832089934759 0.00816791006524138 6.65989260863239e-43 1.6119077174395e-137 5.30027833131637e-287 0 0 0 0 0 0 0 0 0 0 0 0 0 0 0 0
6 7 0 0.999999999999992 7.53245703154809e-15 7.25558483836136e-63 6.47096091409954e-146 4.36304118910502e-264 0 0 0 0 0 0 0 0 0 0 0 0 0 0 0
6 17 0.252596261392604 0.735037882684249 0.0123656113319109 2.44591233071937e-07 2.9730948048405e-15 1.9056524867526e-26 6.10336082112523e-41 9.52998928422046e-59 7.1593213939102e-80 2.56730616547037e-104 4.37220647447149e-132 3.52399765199864e-163 1.34094596334483e-197 2.40457565767693e-235 2.0291727150899e-276 8.00386346262819e-321 0 0 0 0 0
7 5 0.999999999999505 4.94948402774483e-13 4.94945108460458e-237 0 0 0 0 0 0 0 0 0 0 0 0 0 0 0 0 0 0
7 6 0 0.984207704622243 0.0157922866401179 8.73763950957025e-09 4.36567817043201e-20 1.57510842977507e-36 3.83365037050259e-58 6.1138220527468e-85 6.29320019159925e-117 4.14452745656041e-154 1.73662910686861e-196 4.61255185939836e-244 7.74516653290309e-297 0 0 0 0 0 0 0 0
7 8 0 0 0 0.071593945295868 0.155603774374594 0.198248866983392 0.202886826654223 0.166782492126402 0.110126725246717 0.0584069151498994 0.0248794356034274 0.00851117041737598 0.00233814484430678 0.000515752840010956 9.13375655640279e-05 1.2984942319769e-05 1.48168287331085e-06 1.35685854863675e-07 9.97047528338588e-09 5.87809069197955e-10 2.83443613223936e-11
7 15 0 0.127102485480791 0.650170541290037 0.216082300038048 0.00662934318041015 1.53276360955425e-05 2.37459509758729e-09 2.33442507941615e-14 1.41809766278218e-20 5.24673871515576e-28 1.17213921963157e-36 1.57241887282236e-46 1.26189729986109e-57 6.04213172285043e-70 1.72273615744224e-83 2.92058469751152e-98 2.94068648873816e-114 1.75697478466578e-131 6.22454078600182e-150 1.30683054777229e-169 1.62509289927619e-190
8 4 0 0.229702006436013 0.735130242414603 0.0351544528132799 1.32983121111959e-05 2.39934203065711e-11 1.78792906959613e-19 5.21947631487936e-30 5.82476481994319e-43 2.45219858228981e-58 3.86380925247302e-76 2.26692993524289e-96 4.93524964502118e-119 3.97696028075226e-144 1.18405153662656e-171 1.30066546734932e-201 5.26586349536954e-234 7.85078943843957e-269 4.30724596298327e-306 0 0
8 7 0 0 0 0.499401146230336 0.490387514596933 0.0102090411362824 2.29803243202459e-06 4.01688999888955e-12 4.91337961425956e-20 4.03389928404458e-30 2.17806007929589e-42 7.6465532453147e-57 1.73331586668368e-73 2.52530835426579e-92 2.35722032716158e-113 1.40651905467264e-136 5.35569340076154e-162 1.29971937893022e-189 2.00821279088138e-219 1.97400479970847e-251 1.23362435732652e-285
8 9 0 0.998999297897936 0.00100070210203214 3.2386690335121e-14 6.40213740158219e-33 6.1961710313045e-60 2.74904310025704e-95 5.43594152224136e-139 4.72131199526228e-191 1.78581602392592e-251 2.91251698223415e-320 0 0 0 0 0 0 0 0 0 0
9 8 0 1 1.4724134902825e-127 0 0 0 0 0 0 0 0 0 0 0 0 0 0 0 0 0 0
9 10 0 0.0756556318018961 0.403216694679129 0.382295102814271 0.124549411247745 0.0137699425754 0.000507087234365994 6.10593818823803e-06 2.36797446785264e-08 2.92491873195949e-11 1.14167548691087e-14 1.40045492533386e-18 5.37772340044291e-23 6.44624484263071e-28 2.40707457674422e-33 2.79551954845316e-39 1.00854943423689e-45 1.1292167875382e-52 3.92075487698506e-60 4.21894121784887e-68 1.40736768727942e-76
9 14 0 0 0.978754973649879 0.0212449906685796 3.56815413758253e-08 1.29229207749434e-18 8.07922233386382e-34 8.14429017115889e-54 1.28565645597977e-78 3.13056122071972e-108 1.16551695484677e-142 6.59766733251383e-182 5.65726424377046e-226 7.3285290586401e-275 0 0 0 0 0 0 0
9 15 0 0.223587363365422 0.486671820639626 0.250497998232374 0.0376192853643046 0.00160458573344563 1.88866693699679e-05 5.9944966347498e-08 5.04796893233218e-11 1.11570880532876e-14 6.4258248981196e-19 9.59677503456906e-24 3.70383507492032e-29 3.68496165494798e-35 9.43345618628489e-42 6.20521916220214e-49 1.04765576397201e-56 4.5360733859521e-65 5.03314182891101e-74 1.43037127298483e-83 1.04157810033073e-93
9 16 0 0 1 5.45613712164991e-144 0 0 0 0 0 0 0 0 0 0 0 0 0 0 0 0 0
10 3 0 0 0.246079361778345 0.351188686163323 0.267563102122765 0.108756703395915 0.0235380018547335 0.00270441439689882 0.0001643750009557 5.26589350512203e-06 8.86092050137708e-08 7.80752201634323e-10 3.592721659006e-12 8.61486043824521e-15 1.07447677089859e-17 6.96026684543795e-21 2.33889739306426e-24 4.07311201066563e-28 3.67301293027816e-32 1.71400514412254e-36 4.11829641199552e-41
10 9 0 0.436787637944771 0.563134935711587 7.74263436296028e-05 1.21900629553007e-14 1.05686843336587e-30 4.37495559026655e-53 8.22949452351724e-82 6.87588717398944e-117 2.52049230098113e-158 4.02365536241272e-206 2.78385367800487e-260 8.44852254388532e-321 0 0 0 0 0 0 0 0
10 11 0 0 0.234877386299435 0.34595000655337 0.273475528005145 0.115964130956991 0.0263284716000677 0.00319146506049601 0.000205843898768716 7.0392133529419e-06 1.27195553494225e-07 1.21074910488039e-09 6.05517434022268e-12 1.58755937418857e-14 2.17807650002458e-17 1.56138424956798e-20 5.84135348955071e-24 1.1393439123093e-27 1.15766317572431e-31 6.1235880179281e-36 1.67798094181469e-40
10 13 0 0.361259673875325 0.568328002724894 0.0697809593138738 0.000631017605566759 3.46469804421414e-07 1.05359208331531e-11 1.70216366094598e-17 1.43070786765495e-24 6.18292631604416e-33 1.36389364203912e-42 1.5284243451581e-53 8.6727882593345e-66 2.48600007647728e-79 3.59345153950878e-94 2.61584654806319e-110 9.57970069664633e-128 1.76349023903325e-146 1.63074816232123e-166 7.57106739661067e-188 1.76398126853123e-210
11 2 0 0.901900626101987 0.0980993434881591 3.04098535753238e-08 9.1962456818509e-22 1.81147305141714e-42 2.10858212978285e-70 1.39686515589492e-105 5.17060788298837e-148 1.05842798264493e-197 1.19052529726154e-254 7.3235350683048e-319 0 0 0 0 0 0 0 0 0
11 10 0 0 0.505227950451689 0.429404579001738 0.0638316292517278 0.00153038676889568 5.45178833612735e-06 2.73742536278311e-09 1.88093324059668e-13 1.73936471003093e-18 2.14324578745805e-24 3.49680799883232e-31 7.52226734938302e-39 2.12721761537254e-47 7.89083136750378e-57 3.83334968525316e-67 2.43578719604243e-78 2.02247153500501e-90 2.19265330826623e-103 3.1019030892376e-117 5.72220880288281e-132
11 12 0 0.474527950160778 0.451787045930228 0.0719233257751385 0.00175566835688636 6.00705579422433e-06 2.72101664307623e-09 1.58122014967266e-13 1.15836576342488e-18 1.05875991685516e-24 1.19952905063492e-31 1.67722543507509e-39 2.88546605273173e-48 6.09431322795368e-58 1.57761399079266e-68 4.99912895511805e-80 1.93720385192174e-92 9.17277477560508e-106 5.30386931901698e-120 3.74303214735475e-135 3.22193732547183e-151
12 11 0 0.856463912309904 0.143353782553366 0.000182304364454067 7.72275576196945e-10 8.72262652603297e-18 2.44310970938788e-28 1.64474162120736e-41 2.61891818282294e-57 9.77150700633838e-76 8.49300927727657e-97 1.71281447263581e-120 7.99292474145876e-147 8.61334445903124e-176 2.14018190506515e-207 1.22471705338512e-241 1.61260778670029e-278 4.88213438266257e-318 0 0 0
12 23 0 0.252951765835505 0.506708794523738 0.215720618628267 0.0239463277606445 0.000667967692989853 4.51833634817611e-06 7.21982816868329e-09 2.67864861766144e-12 2.28220848757916e-16 4.43333979329377e-21 1.9541120907735e-26 1.94783106605427e-32 4.38009828232011e-39 2.21801784138382e-46 2.52579835556364e-54 6.46130735051207e-63 3.7098953474625e-72 4.77776953405529e-82 1.37932896964263e-92 8.9277848786949e-104
13 10 0 0.970012094479942 0.0299879055175502 2.50835105533001e-12 5.25700858267544e-33 1.83944339648509e-64 9.77407893461679e-107 7.60349360349123e-160 8.50568165221281e-224 1.35447233618567e-298 0 0 0 0 0 0 0 0 0 0 0
13 14 0 0.385777283684061 0.613735533138303 0.00048718317134806 6.28798619316535e-12 6.56583312197458e-25 4.80477004349052e-43 2.34364321361911e-66 7.44605398710214e-95 1.52179575779868e-128 1.98574685046534e-167 1.64633780376813e-211 8.64366102374591e-261 2.86700790390381e-315 0 0 0 0 0 0 0
13 22 0 0.999999993654245 6.34575917687831e-09 5.95751364124586e-60 1.93699042198872e-159 1.52519531849289e-307 0 0 0 0 0 0 0 0 0 0 0 0 0 0 0
14 9 0 0 0.200678568297328 0.313278450273513 0.283474881622751 0.148657641855753 0.0451374365262263 0.00792251569809952 0.000802166379424173 4.67449867061851e-05 1.56404954807834e-06 2.99800490170013e-08 3.28539712816403e-10 2.05460935446334e-12 7.32111266400168e-15 1.48441202968327e-17 1.71070909801868e-20 1.11953081177604e-23 4.15713977080895e-27 8.75321786526103e-31 1.04291989399855e-34
14 13 0 0.176078928984688 0.732337725930705 0.091275421702413 0.000307904587185927 1.87949899995824e-08 1.79787208359768e-14 2.55087973939125e-22 5.23261685704076e-32 1.53057078360962e-43 6.33163619225256e-57 3.68473730543907e-72 3.00581022652029e-89 3.42823697329304e-108 5.45655083123073e-129 1.21028147951761e-151 3.73677840786393e-176 1.60462444564214e-202 9.57659350778849e-231 7.93894389872154e-261 9.13748986299298e-293
14 18 0 0.494326696210377 0.433877840703319 0.0698682145658471 0.00191891849403267 8.32460509970508e-06 5.42081008115836e-09 5.14623088789113e-13 7.00515042996829e-18 1.35369476537824e-23 3.6901666865209e-30 1.41301278811992e-37 7.57750087004358e-46 5.67863943461798e-55 5.93739632384441e-65 8.65047744998358e-76 1.75449522289773e-87 4.94986999910085e-100 1.94129004857131e-113 1.05783170539536e-127 8.00400521457974e-143
14 21 0 1 0 0 0 0 0 0 0 0 0 0 0 0 0 0 0 0 0 0 0
15 7 0 0.229702006436013 0.735130242414603 0.0351544528132799 1.32983121111959e-05 2.39934203065711e-11 1.78792906959613e-19 5.21947631487936e-30 5.82476481994319e-43 2.45219858228981e-58 3.86380925247302e-76 2.26692993524289e-96 4.93524964502118e-119 3.97696028075226e-144 1.18405153662656e-171 1.30066546734932e-201 5.26586349536954e-234 7.85078943843957e-269 4.30724596298327e-306 0 0
15 9 0 0.190610407979826 0.445278237819956 0.291674208210745 0.0669773430735403 0.0053153127767553 0.00014319819451691 1.28812253388632e-06 3.81843170878402e-09 3.69443951003634e-12 1.15875338452389e-15 1.17252949814864e-19 3.81463117116115e-24 3.98003175132162e-29 1.32926468401476e-34 1.41907745385978e-40 4.83711970879982e-47 5.25981392085149e-54 1.82325774564456e-61 2.01357497284626e-69 7.08706350100978e-78
15 16 0.997685420164736 0.00231457983526404 6.53726273972021e-56 8.25154524014613e-180 0 0 0 0 0 0 0 0 0 0 0 0 0 0 0 0 0
15 17 0 0.899178606873501 0.100788820535623 3.25725795760558e-05 1.13004546032574e-11 3.34769938124041e-21 7.87767928554025e-34 1.42761305720912e-49 1.96095150663848e-68 2.0228141998366e-90 1.55793370513158e-115 8.92381354459998e-144 3.7911365236706e-175 1.19216738859978e-209 2.77077508966217e-247 4.75399555761029e-288 0 0 0 0 0
16 9 0 0 0.83345490875535 0.166545091244648 9.46253779492966e-16 2.31040213623566e-50 1.09221195435252e-105 8.77241458988222e-182 1.14401027060903e-278 0 0 0 0 0 0 0 0 0 0 0 0
16 15 0.273267333551732 0.719340877147387 0.00739174672554675 4.25753340787441e-08 7.03079203070496e-17 2.85940092006143e-29 2.71557579425788e-45 5.87752012128959e-65 2.86147465397773e-88 3.10922555824288e-115 7.50224244015697e-146 4.00602042341737e-180 4.72231531697022e-218 1.22668383742989e-259 7.01215913252732e-305 0 0 0 0 0 0
16 18 0.268816340984228 0.723472064662425 0.00771154791989997 4.64334473351085e-08 8.02804328305999e-17 3.4198739625277e-29 3.40258305167937e-45 7.71603630026674e-65 3.93610977941923e-88 4.48148123554185e-115 1.13308481201806e-145 6.34006022225508e-180 7.8315754801118e-218 2.13179037746921e-259 1.27698033578045e-304 0 0 0 0 0 0
17 6 0.242112215759758 0.738448572194757 0.0194378604198533 1.351625494934e-06 1.3657229111444e-13 1.72524257314371e-23 2.58243404412721e-36 4.4689018868472e-52 8.82287489369829e-71 1.97159445953247e-92 4.96143441390583e-117 1.40110009904521e-144 4.42923592117517e-175 1.5645686984169e-208 6.16689876893941e-245 2.70944322907003e-284 0 0 0 0 0
17 15 0 0.5881617945188 0.385109200787017 0.0265692277579699 0.000159703947019436 7.29868208323007e-08 2.37291655409751e-12 5.3150830325161e-18 8.06395306208202e-25 8.20516959591407e-33 5.56432473048533e-42 2.50441421528382e-52 7.45927108616335e-64 1.46709620328244e-76 1.90239333260035e-90 1.62438811768811e-105 9.12451961113752e-122 3.3692085676821e-139 8.172846785443e-158 1.30174023588391e-177 1.36076704134949e-198
17 19 0 0.979191121507075 0.0208088784921382 7.86759015674048e-13 7.23244858342527e-34 1.1041882595129e-65 2.55548099865055e-108 8.65169232313785e-162 4.21018250344816e-226 2.91577518538164e-301 0 0 0 0 0 0 0 0 0 0 0
18 14 0 0.999999999999939 0 0 0 0 0 0 0 0 0 0 0 0 0 0 0 0 0 0 0
18 16 0.923668752554595 0.0763312474453856 5.13523593869736e-24 1.22869304134498e-77 4.5933145151955e-163 2.35845638960146e-280 0 0 0 0 0 0 0 0 0 0 0 0 0 0 0
18 19 0 1 1.99430339463656e-71 0 0 0 0 0 0 0 0 0 0 0 0 0 0 0 0 0 0
19 17 0 0.747095124641588 0.252823485973829 8.13893804118357e-05 4.1709979627432e-12 2.34916001157908e-23 1.31810411280477e-38 7.08955227376779e-58 3.5869213402476e-81 1.68908040913676e-108 7.35462974368632e-140 2.94833679845175e-175 1.0849174812631e-214 3.65661223392249e-258 1.12699551631693e-305 0 0 0 0 0 0
19 18 0 0.998501326562852 0.00149867343714775 2.30764318557142e-21 6.96512141781896e-57 2.82213347311534e-110 1.4046819313202e-181 8.29589853124736e-271 0 0 0 0 0 0 0 0 0 0 0 0 0
19 20 0 0 0.574642969452382 0.391744985947579 0.0333075663842348 0.000304212821767143 2.6537325688713e-07 2.07801391074934e-11 1.41596356125661e-16 8.25660435342995e-23 4.07969709549564e-30 1.6975880752745e-38 5.92388227963851e-48 1.72855143866511e-58 4.20860149996284e-70 8.53653924189362e-83 1.44073295071322e-96 2.0212787432237e-111 2.35546843533396e-127 2.27859335629273e-144 1.82856323905411e-162
19 21 0 0.94572473749752 0.0542752625024445 9.56481553119942e-27 3.17133474652658e-86 8.79423084083776e-181 1.79599406363289e-310 0 0 0 0 0 0 0 0 0 0 0 0 0 0
20 19 0 0 0.829475552752022 0.169991528331593 0.000532905653413319 1.32629703779454e-08 2.13319760534529e-15 2.06701038566076e-24 1.17016073077645e-35 3.80909952271544e-49 7.06392516043606e-65 7.41948235484416e-83 4.39641484487778e-103 1.46562242426455e-125 2.74327565843934e-150 2.87861543327673e-177 1.69144789248362e-206 5.5602761870698e-238 1.02182907260302e-271 1.04916861861661e-307 0
20 21 0.376315704872281 0.623342553808602 0.00034174131790566 1.21079801675668e-12 1.3128103536689e-26 3.75750035737472e-46 2.69789080692501e-71 4.74723064241121e-102 2.02152260226594e-138 2.06755882481312e-180 5.05424074077857e-228 2.94321247679417e-281 0 0 0 0 0 0 0 0 0
20 23 0 0.99672562491538 0.00327437508029651 4.32362757909529e-12 4.46168099124568e-28 2.86357224795592e-51 1.06830030308595e-81 2.25085249086335e-119 2.63879551551672e-164 1.70647105584079e-216 6.05391471941322e-276 0 0 0 0 0 0 0 0 0 0
21 14 0 1.0000000000001 5.54495081189214e-181 0 0 0 0 0 0 0 0 0 0 0 0 0 0 0 0 0 0
21 19 0 0.209932798013617 0.733395933096461 0.0566000197587731 7.12481901309595e-05 9.41018239006266e-10 1.1327398054005e-16 1.17864581487563e-25 1.03426822813142e-36 7.55227317555342e-50 4.55240692073867e-65 2.25362800282514e-82 9.1300652631438e-102 3.01946077181022e-123 8.13670424333058e-147 1.78412450494699e-172 3.17972274203487e-200 4.60223804047181e-230 5.40586972632939e-262 5.15032477761356e-296 0
21 20 0.762114253335294 0.237885746663283 1.4235991007265e-12 4.45260408292865e-40 3.28176995462893e-84 4.9907582491952e-145 1.49554667111031e-222 8.64448380099533e-317 0 0 0 0 0 0 0 0 0 0 0 0 0
21 22 0 0.999884322296251 0.000115677703748614 2.0577203770108e-29 2.34767958933512e-78 1.18402767525677e-151 2.41990130030072e-249 0 0 0 0 0 0 0 0 0 0 0 0 0 0
22 13 0 0.236399327382896 0.527442327957112 0.21650658621946 0.0192973002281916 0.000353193655399283 1.26370149136442e-06 8.55342421900281e-10 1.07361104074104e-13 2.46896013187808e-18 1.03235986486055e-23 7.80928062276474e-30 1.06498580080302e-36 2.61184114441409e-44 1.14979006283518e-52 9.07298578645991e-62 1.28194245695772e-71 3.24039946394472e-82 1.46432804216191e-93 1.18233724527463e-105 1.70511895129693e-118
22 21 0 0.371113479761568 0.564136877961672 0.0642390637198258 0.000510346436268414 2.32115153658719e-07 5.51184655359725e-12 6.55667055752559e-18 3.82667485003218e-25 1.08297004709661e-33 1.4754886882522e-43 9.63217372789173e-55 3.00305190248264e-67 4.4609996882892e-81 3.15192662371627e-96 1.05783584395802e-112 1.6846500407903e-130 1.27201947730576e-149 4.55074641206379e-170 7.70975653417457e-192 6.1827539678926e-215
22 23 0.918862293539524 0.0811377064604745 3.12438277621527e-22 2.84211729505337e-71 2.75598173453724e-149 2.50729714796117e-256 0 0 0 0 0 0 0 0 0 0 0 0 0 0 0
23 12 0 0.994530641550852 0.00546935844914821 2.76360425749044e-17 5.57079537363895e-46 3.05438766525152e-89 4.16259470574798e-147 1.36134277485023e-219 1.05002763604968e-306 0 0 0 0 0 0 0 0 0 0 0 0
23 20 0 0.927361783539069 0.0726324183676261 5.79809315584534e-06 1.49114756038178e-13 9.75619983410198e-25 1.51000760777643e-39 5.360328129436e-58 4.29561824478573e-80 7.69995465364255e-106 3.06945628828839e-135 2.71055332046624e-168 5.2880045349848e-205 2.27456418144176e-245 2.15390768615702e-289 0 0 0 0 0 0
23 22 0.721962970250492 0.27803702969961 4.98979182029363e-11 5.69859343626511e-35 1.88591176311475e-73 1.58240480162832e-126 3.21401921971674e-194 1.54664343185001e-276 0 0 0 0 0 0 0 0 0 0 0 0 0
