0 1 0 0 0.996318710744861 0.00355785301216241 0.00011235768569105 9.42689750706357e-06 1.3139814104494e-06 2.51887860659001e-07 6.02599661002664e-08 1.69886774538339e-08 5.4393445671942e-09 1.92828551816099e-09 7.43209121893405e-10 3.07227407376346e-10 1.34799297748167e-10 6.22638336205272e-11 3.00784005926141e-11 1.5115532684998e-11 7.86728552606691e-12 4.22528279986589e-12 7.00328010115632e-12
0 2 0 0.269301652466746 0.526715542929175 0.145466209083917 0.0392272129760697 0.0121124610034227 0.00423261687278129 0.00163700884561037 0.000687834746324871 0.000309520011761436 0.000147534395447656 7.38567168865512e-05 3.85700819880247e-05 2.08989625495929e-05 1.16976328907036e-05 6.73891176703347e-06 3.98363444639257e-06 2.41019327510336e-06 1.48921040864178e-06 9.37938403388893e-07 1.82338612786381e-06
1 0 0 0 0.426748345346001 0.375490373296177 0.124881472262636 0.0430938370063858 0.016471688425268 0.00690872653647187 0.00313156268740831 0.00151399603528311 0.000772631181339828 0.000412819522464487 0.000229448945855429 0.00013197883082498 7.8233230066366e-05 4.76262931871213e-05 2.96907964696803e-05 1.89088607778923e-05 1.22767694872367e-05 8.11170740137162e-06 1.82722664940904e-05
1 5 0 0.384164458201796 0.576350519747845 0.0346123845606194 0.00394508383005144 0.000695542601738988 0.00016194680966158 4.57590799848116e-05 1.49228402164232e-05 5.43814684304483e-06 2.16595497306689e-06 9.27972261965342e-07 4.22630949883062e-07 2.02760649700244e-07 1.0174329384451e-07 5.30943786568234e-08 2.86809403414355e-08 1.5976180439299e-08 9.14729430633692e-09 5.36874999964154e-09 1.08515714576018e-08
2 0 0 0.97725680091004 0.0222876041164887 0.000422818863507108 2.84708601793773e-05 3.49552535110175e-06 6.15826368133444e-07 1.38586279479489e-07 3.72822852585955e-08 1.14990249749143e-08 3.95318139870677e-09 1.48477872327982e-09 6.00323956859937e-10 2.58363916049083e-10 1.17324041569565e-10 5.58230264318201e-11 2.76725021335379e-11 1.42254495496648e-11 7.55400576390997e-12 4.13008365387484e-12 7.09919960563153e-12
2 3 0 0.411017102820049 0.464100912762387 0.093201833392459 0.0219039277046029 0.0062772570660658 0.00209710264698901 0.000788310300914197 0.000325220774628255 0.000144657527386136 6.84728710479111e-05 3.41534452228333e-05 1.78148331691577e-05 9.65934450362798e-06 5.41789208206309e-06 3.13120891065478e-06 1.85852954096306e-06 1.12981975342447e-06 7.01810300937742e-07 4.44565763645769e-07 8.90684223418945e-07
2 11 0 0.467989478987365 0.434515910590976 0.0748475601018587 0.0160822195965407 0.00432644909709833 0.00137635903950063 0.000497119423907403 0.000198277723629501 8.56497327400675e-05 3.95080541444293e-05 1.92557504795227e-05 9.8359936476352e-06 5.23215411935163e-06 2.88349766601357e-06 1.63953199712333e-06 9.58474702396212e-07 5.74441708861552e-07 3.52089728747671e-07 2.20239559151745e-07 5.15478630008315e-07
3 2 0 0.994005081293662 0.00594355095609245 4.91257160642429e-05 2.03701491729992e-06 1.76039883306954e-07 2.34764819767323e-08 4.1884589255359e-09 9.2257074965219e-10 2.38613217923421e-10 7.0070759782861e-11 2.28145069964117e-11 8.09345615659652e-12 3.08711650728096e-12 1.25311707432557e-12 5.368986161352e-13 2.41199780116592e-13 1.13000847816299e-13 5.49590964651432e-14 2.76436115202168e-14 3.93502457629255e-14
3 4 0.509548742673912 0.474849912823065 0.014314453066252 0.00110335313942062 0.0001469788742574 2.74226117059762e-05 6.44275534333294e-06 1.79237325947238e-06 5.67835146020107e-07 1.99503853154982e-07 7.62815626142226e-08 3.13011609700003e-08 1.36378330518128e-08 6.25683983326765e-09 3.0026230074652e-09 1.49912227034296e-09 7.75230325978325e-10 4.13683686707033e-10 2.2708478859719e-10 1.2788768269648e-10 2.3361855856699e-10
3 10 0 0 0.363626795110586 0.40911851788816 0.144906184132711 0.0498019393997447 0.0185604765162575 0.00752934063317014 0.00329045084196276 0.00153219912969062 0.000753119670371156 0.000387774378859276 0.000207858499124113 0.000115408099869669 6.60969084794945e-05 3.89138934098518e-05 2.34828456427763e-05 1.44895751369959e-05 9.12243966226087e-06 5.84971286989185e-06 1.19799096935898e-05
4 3 1.00000000000064 4.93113179164225e-17 1.89468437483878e-44 2.15871815080529e-59 4.40436524981599e-70 1.58630466637674e-78 1.47740261944928e-85 1.31063035976571e-91 6.13407261590001e-97 1.03518632826181e-101 4.85435985322057e-106 5.24796856620372e-110 1.13856806340385e-113 4.45850259998046e-117 2.90029743899363e-120 2.93326362388014e-123 4.3708088625709e-126 9.1800020136676e-129 2.61912473409795e-131 9.83965892393399e-134 4.85627574709934e-136
4 5 0 0.481654108822018 0.415996136402679 0.076306840445177 0.0178273707362444 0.00519098163758986 0.00177560370063192 0.00068538549040306 0.00029063238745375 0.000132881295950215 6.4630925325704e-05 3.31059574967814e-05 1.77219619553994e-05 9.85436385679081e-06 5.66438462649905e-06 3.35252650054374e-06 2.03644975340598e-06 1.26612240677038e-06 8.03858579103679e-07 5.2015572001234e-07 1.10237563200055e-06
4 8 0 0.0735046068191911 0.677056420481473 0.187003987152752 0.0437524268292901 0.0121902687634751 0.0039583674142116 0.00145025768548754 0.000584797452190061 0.000254858065577305 0.000118433411677991 5.80903824211848e-05 2.98373339238842e-05 1.59490080639985e-05 8.82771016500441e-06 5.03877913230906e-06 2.95592731212439e-06 1.7771349352788e-06 1.09234882994977e-06 6.85053206088938e-07 1.32224668503156e-06
5 1 0 0.0220349326984734 0.491467728124269 0.291683487880862 0.112097539230353 0.0447251858369912 0.0192801640680204 0.00893714188394655 0.00440962064181127 0.00229417765760067 0.00124878390549393 0.000706707446999154 0.000413679888444987 0.00024943116276003 0.000154385494917755 9.78113971803991e-05 6.32783158696716e-05 4.17172883824883e-05 2.79778110702292e-05 1.90586776680748e-05 4.71905888863589e-05
5 4 0 0.511174378168483 0.418940716650614 0.0566658009502463 0.00998627203346061 0.00227966568660733 0.000630013702184338 0.000201077813356762 7.17959021490597e-05 2.80493691920831e-05 1.17995558487183e-05 5.28106058974187e-06 2.49168426469625e-06 1.23038849064823e-06 6.3220107971629e-07 3.36422760287784e-07 1.84689588588716e-07 1.04258838742029e-07 6.03534010188624e-08 3.57428224493471e-08 7.33660223855324e-08
5 7 0.485269880116582 0.493602616710611 0.0190475678370971 0.00174031962227275 0.000264047660309976 5.48146675186828e-05 1.41082696096707e-05 4.25198846530563e-06 1.44699007951288e-06 5.42464831650984e-07 2.20121074533615e-07 9.5426646204988e-08 4.37592830912685e-08 2.10610084861543e-08 1.05729101221142e-08 5.508349471709e-09 2.96586032193412e-09 1.64464264119068e-09 9.36501910590127e-10 5.46228877623206e-10 1.08367488983873e-09
6 7 0 0.964728622861011 0.032880775092164 0.00207050487033712 0.000257167570285752 4.70546258401714e-05 1.10971019279062e-05 3.13632350166281e-06 1.01607091794178e-06 3.6641125173031e-07 1.44095498584525e-07 6.08806778927903e-08 2.73253967371429e-08 1.29159690971899e-08 6.38508163223005e-09 3.28300001503122e-09 1.74768609965071e-09 9.59628291278135e-10 5.41765332510585e-10 3.13630194623133e-10 6.12967374446417e-10
6 17 0.690436551898286 0.303571220778536 0.00555206386502068 0.000379834042108134 4.84475166556965e-05 8.90627538867253e-06 2.09021832100731e-06 5.85221289307355e-07 1.87403666013372e-07 6.67306230489348e-08 2.59018085041712e-08 1.08007932050891e-08 4.78518417262491e-09 2.23317915618893e-09 1.0903418133541e-09 5.53879983826321e-10 2.91414619182913e-10 1.58201020788361e-10 8.83341558721006e-11 5.05935630830122e-11 9.63747510269078e-11
7 5 0.916916386508034 0.0828491209046817 0.000227714920838353 6.2852669086301e-06 4.32756440091216e-07 4.95882786403421e-08 7.91226949651816e-09 1.59692251750723e-09 3.84580409477161e-10 1.06351963826258e-10 3.28816841891531e-11 1.11474650556208e-11 4.08383426107786e-12 1.59856061524652e-12 6.62654855226043e-13 2.88819524861906e-13 1.31582465391245e-13 6.23575202101992e-14 3.06144321559003e-14 1.55169762235286e-14 2.23659289006363e-14
7 6 0 0.868620206357772 0.115282467313482 0.0130241624579008 0.0022952847631575 0.000539166945195527 0.000154414823309852 5.11534905605858e-05 1.89534599762726e-05 7.67738079613256e-06 3.34488438951656e-06 1.54868041143784e-06 7.55032756104871e-07 3.84835164560787e-07 2.03892284093282e-07 1.11769775909449e-07 6.31512111646439e-08 3.66593047425805e-08 2.18052078615385e-08 1.3259006628537e-08 2.90383373998291e-08
7 8 0 0 0 0.993996431219444 0.00595986789235636 4.20169703057836e-05 1.54468604470366e-06 1.21176830118631e-07 1.48924464018303e-08 2.47458005888936e-09 5.11652354455343e-10 1.24983041785856e-10 3.48341467248332e-11 1.080799920111e-11 3.66612522543339e-12 1.34098129321505e-12 5.23293476116365e-13 2.1601366174078e-13 9.36787760435086e-14 4.24394206404507e-14 4.87633249049517e-14
7 15 0 0.269325046082178 0.664753678370258 0.0568664984960097 0.0072433669667408 0.00134628021954225 0.000322648307214386 9.26898050934736e-05 3.0512570992552e-05 1.11730694516768e-05 4.45802198833839e-06 1.90931957990292e-06 8.67953749488665e-07 4.15171994856943e-07 2.07539228940934e-07 1.07825786790108e-07 5.79618182225478e-08 3.21173502404009e-08 1.82876645119499e-08 1.06720268059624e-08 2.12413311959596e-08
8 4 0 0.981885364838256 0.0180948400764442 1.93699834790539e-05 3.98764970750899e-07 2.34552550256407e-08 2.42923548081669e-09 3.61011091058361e-10 6.91141838367282e-11 1.5980606021448e-11 4.27927962376372e-12 1.28917183215307e-12 4.27879906105258e-13 1.54029776557198e-13 5.94196670541845e-14 2.43323325226305e-14 1.04969855994849e-14 4.7411274721464e-15 2.23053822843281e-15 1.08839440789148e-15 1.45490119729449e-15
8 7 0 0 0 0.0569266770396226 0.334294047982372 0.261705997888051 0.148512095148759 0.081583484397388 0.0457551129139185 0.0264878850328002 0.0158372509703581 0.00975815289221533 0.00617832504691308 0.00400845564446751 0.00265821982102531 0.00179783445751482 0.00123770367587099 0.000865896299725738 0.000614704754893108 0.000442251074208048 0.00133590495946311
8 9 0 0.801637329617925 0.169835221349729 0.0226640811867576 0.00431663301256378 0.0010599486646334 0.00031210816740056 0.000105290884928898 3.94888262985136e-05 1.61249518658328e-05 7.06185392002386e-06 3.27976450452774e-06 1.60143664166157e-06 8.16511427571074e-07 4.32342839622016e-07 2.36686806739433e-07 1.33475201619701e-07 7.72981677968603e-08 4.58508054938068e-08 2.77949483045197e-08 6.03226333905043e-08
9 8 0 0.819941062880879 0.154361353699863 0.0203491060105383 0.00391281534870977 0.000975381247599716 0.000292033124596284 0.000100200756841742 3.82120678628661e-05 1.58589311080845e-05 7.05526188833402e-06 3.3267332341216e-06 1.64828418233567e-06 8.52329049703157e-07 4.57491993284144e-07 2.53769530833625e-07 1.44940092779392e-07 8.49774648346379e-08 5.10109371534638e-08 3.12830694356089e-08 6.98505591836877e-08
9 10 0 0.278193564372319 0.650652535997582 0.0603444149101765 0.00845164150597681 0.00170526995978099 0.000438990639229292 0.000134374199146789 4.68364075056492e-05 1.8067857790702e-05 7.5632684442724e-06 3.38670575827676e-06 1.60491069829086e-06 7.98248904115992e-07 4.14007378156226e-07 2.22732870234899e-07 1.23767924959659e-07 7.07847530523989e-08 4.15420751470678e-08 2.49551127119768e-08 5.32265734302556e-08
9 14 0 0 0.731962317265698 0.21603587806617 0.0386147872676708 0.00915198708769629 0.0026813455367516 0.000916709610687539 0.000352216275656444 0.000148292477456543 6.72170146065219e-05 3.23816373840879e-05 1.6420119687155e-05 8.6989991558057e-06 4.78651236194772e-06 2.72250617732219e-06 1.59454798608991e-06 9.58590055993416e-07 5.89912058675649e-07 3.70775609084254e-07 7.25797130174399e-07
9 15 0 0.870855673557866 0.122414468317083 0.00593879827038032 0.000646699919714 0.000109631349580234 2.46104092525086e-05 6.72197197107116e-06 2.12438721888982e-06 7.51961849435999e-07 2.91511204821587e-07 1.21787356520245e-07 5.41753808184826e-08 2.54233217421377e-08 1.24948037852588e-08 6.3937549601969e-09 3.390337486359e-09 1.85557759777101e-09 1.04479680280196e-09 6.03515551544607e-10 1.17503395823687e-09
9 16 0 0 0.00331489260392161 0.254005635782861 0.314599277571863 0.189882937437619 0.10309630139716 0.05607197327462 0.0313118269769305 0.0180425190845354 0.0107209601661253 0.00655436909832249 0.0041120224191727 0.00264069071972994 0.00173192791820241 0.00115776065681511 0.000787441853928889 0.000544074982317854 0.000381375301532646 0.000270884611924472 0.00077312814241759
10 3 0 0 0.333308317349661 0.391653562741034 0.159821944378854 0.0632506938004174 0.0268018711228605 0.0122129422753712 0.0059339343622024 0.00304578334053663 0.00163836470272048 0.000917538720514356 0.000532133414793212 0.000318203240945657 0.00019548639346465 0.000123015279924193 7.90938837667211e-05 5.18495460520026e-05 3.45920414703361e-05 2.34507530785399e-05 5.72226523326558e-05
10 9 0 0.0152749803150397 0.479456518443889 0.308874024156309 0.116777726988857 0.0448158560192185 0.0184804433794036 0.00818885753507774 0.00386596572012848 0.00192740114979748 0.00100704315127735 0.000547952550743932 0.000308892028071253 0.00017963337478014 0.000107385950373578 6.57964112875961e-05 4.12159745142523e-05 2.63398294910591e-05 1.71415695050882e-05 1.13420583929112e-05 2.54833938413412e-05
10 11 0 0 0.995119057994023 0.00472234473490314 0.000144987333854735 1.16681889412843e-05 1.56067898801777e-06 2.87783615704124e-07 6.63961362218206e-08 1.80951845948816e-08 5.61254842548302e-09 1.93111205553388e-09 7.23581902741873e-10 2.91215351797653e-10 1.24562719230631e-10 5.61555380905521e-11 2.65050152590877e-11 1.30265925679079e-11 6.63661746019133e-12 3.49172792596209e-12 5.51698943274635e-12
10 13 0 0.303889076443261 0.50617429491632 0.134224635368118 0.0367369621514999 0.0116637735786635 0.004205667129316 0.00167934491962932 0.000728131215022373 0.000337789069747347 0.000165811589507815 8.53885602022397e-05 4.58230892001377e-05 2.54883129103913e-05 1.46312480492311e-05 8.63676760049696e-06 5.22703982134853e-06 3.23522192107371e-06 2.04346696571405e-06 1.31476875006313e-06 2.72514349353159e-06
11 2 0 0.779219416684703 0.206943920747062 0.0121774315924895 0.00136228299472488 0.00022784755803612 4.97302215739507e-05 1.31268068242857e-05 3.99916434908271e-06 1.36345799080625e-06 5.09113756024451e-07 2.04960627546736e-07 8.79174012164147e-08 3.98159331933445e-08 1.89006075549152e-08 9.34976135098004e-09 4.79688316112417e-09 2.54232984197497e-09 1.38731285939328e-09 7.77250152291909e-10 1.40520641452767e-09
11 10 0 0 0.709813377186248 0.240338783177314 0.0387201635748381 0.00805401983503907 0.0020790453072902 0.000631449475435823 0.000217327849795371 8.25812774037349e-05 3.40069325702883e-05 1.49702695046917e-05 6.97210547000583e-06 3.40778664638464e-06 1.73692468995211e-06 9.18439047672972e-07 5.01700603719184e-07 2.82123078320943e-07 1.62835926158712e-07 9.62255928323373e-08 1.96973505227617e-07
11 12 0 0.918969407823238 0.0728776279488614 0.00675438815671423 0.001068743004879 0.000233701629656598 6.35105996061697e-05 2.01996381221077e-05 7.24232289593874e-06 2.85463613374329e-06 1.21527150208665e-06 5.51567818744548e-07 2.64269490379837e-07 1.32644137808334e-07 6.93228463149801e-08 3.75380576016973e-08 2.09756907733901e-08 1.20544257869223e-08 7.10445033115501e-09 4.28371086918681e-09 9.20776174046499e-09
12 11 0 0.999999999999114 2.44610325928196e-209 0 0 0 0 0 0 0 0 0 0 0 0 0 0 0 0 0 0
12 23 0 0.354287324793827 0.498196881674907 0.109648970649053 0.026257898247558 0.00750996064750602 0.00248361640157118 0.000920809054383807 0.000374033467778995 0.000163680475078038 7.62042360189103e-05 3.73853235880635e-05 1.91833300419728e-05 1.02346730099563e-05 5.65029170186985e-06 3.21520115808545e-06 1.87960849320876e-06 1.12578649028903e-06 6.89225061603198e-07 4.30441546371967e-07 8.26471226241303e-07
13 10 0 0.977496025073843 0.0222165530137049 0.000272919768442006 1.30755343896288e-05 1.2165367809542e-06 1.69308123735015e-07 3.10003149076433e-08 6.93751532370048e-09 1.81114772096523e-09 5.3445777632517e-10 1.74313189670689e-10 6.1800572956965e-11 2.35181064733756e-11 9.51182544012758e-12 4.05649297397739e-12 1.81251863647566e-12 8.44051972375146e-13 4.07850102099208e-13 2.03734761664656e-13 2.8484623593218e-13
13 14 0 0.139385475222577 0.701799446754426 0.125928510053532 0.0241297624185343 0.00595268505824163 0.00177514343612321 0.00060985971622098 0.000233692894605573 9.76750757523747e-05 4.38233249757167e-05 2.08580712232453e-05 1.04370680489908e-05 5.45213493359441e-06 2.95670786448399e-06 1.6570486552943e-06 9.56154526910661e-07 5.66288850433351e-07 3.43343143153535e-07 2.12633502305512e-07 4.86594263051282e-07
13 22 0 0.999999998653276 3.48596098287209e-10 1.81077206186125e-13 2.29887944138203e-15 9.75804495672267e-17 7.96929696781023e-18 9.87048071409734e-19 1.63485922584781e-19 3.35887407885433e-20 8.15256242341422e-21 2.26048634328568e-21 6.98916930888917e-22 2.36672477515109e-22 8.65720761426962e-23 3.38390253602129e-23 1.40123731220873e-23 6.10388753447753e-24 2.78090210131412e-24 1.3187088178346e-24 1.66760912850086e-24
14 9 0 0 0.885850508809064 0.102922041915598 0.0094380043810391 0.0014003171719018 0.000284427656440347 7.17885512426232e-05 2.12575966212029e-05 7.11829834434339e-06 2.62890768526615e-06 1.05186521349975e-06 4.49977099863301e-07 2.03744808294136e-07 9.6877690029453e-08 4.80694202437413e-08 2.47629623311295e-08 1.31885204244123e-08 7.23640414065704e-09 4.07844207994611e-09 7.49652866072426e-09
14 13 0 0.262632296961093 0.649756682889441 0.0721968220114759 0.0116385614965246 0.00262485418378011 0.000741524982181757 0.000245949688183314 9.20311151329698e-05 3.7841588261553e-05 1.67882921686665e-05 7.93016359324485e-06 3.94884731689612e-06 2.05700068389082e-06 1.11414555052023e-06 6.24418995895871e-07 3.60667719102306e-07 2.13994304274513e-07 1.30064543309712e-07 8.07901712257819e-08 1.86698878637959e-07
14 18 0 0.966271298725242 0.0318655268101548 0.00165336188223569 0.00017421741033857 2.76984663361586e-05 5.77653729914415e-06 1.46302790199605e-06 4.29188907810552e-07 1.41328619384592e-07 5.1104239984875e-08 1.99692778999164e-08 8.3308423555239e-09 3.67588569901254e-09 1.70276122502967e-09 8.23113331682558e-10 4.13185329610062e-10 2.14504319203715e-10 1.14773680936236e-10 6.3109909513517e-11 1.09266318315099e-10
14 21 0 0.959035051364241 0.0381559143623965 0.00243537372681384 0.000301007992767453 5.45491785076871e-05 1.27226602767134e-05 3.55471903165421e-06 1.13853674981397e-06 4.06006858442199e-07 1.57940384015738e-07 6.60312017838002e-08 2.93368476579621e-08 1.37308659460974e-08 6.72360238179035e-09 3.42534795508845e-09 1.80726450100981e-09 9.83795359895059e-10 5.50767588013229e-10 3.1625390141717e-10 6.06026267129252e-10
15 7 0 0.136663152105175 0.680539572161735 0.139366275257256 0.0304510265415483 0.00839106027065603 0.00275233710715986 0.00102828554654451 0.000424770787588186 0.00019007222600316 9.07878452115641e-05 4.57887257286119e-05 2.41831238566466e-05 1.32886410970809e-05 7.55833470971701e-06 4.43135259376717e-06 2.66882498706962e-06 1.64639886343868e-06 1.03784884619592e-06 6.67153683395713e-07 1.38974675623071e-06
15 9 0 0.630819123175527 0.325141378209374 0.0360450155484381 0.006042750396456 0.00136828534084945 0.000381459874729636 0.000123801477795223 4.51336716728215e-05 1.80423714197141e-05 7.7745613205557e-06 3.56596261414923e-06 1.72441487834865e-06 8.72640307278117e-07 4.59392611870603e-07 2.50382947449354e-07 1.40729524964728e-07 8.13016683529635e-08 4.81444481993498e-08 2.91543445090941e-08 6.324907224624e-08
15 16 0.942500993437589 0.057414686238514 8.26135368485874e-05 1.61062670456062e-06 8.66379938161885e-08 8.17351063926472e-09 1.10936549785592e-09 1.94793008374111e-10 4.14936840699133e-11 1.0279735460271e-11 2.87634716585337e-12 8.89852167214552e-13 2.99550914928475e-13 1.08378354915984e-13 4.17354355211312e-14 1.69729210863254e-14 7.24298577554853e-15 3.22615032389584e-15 1.49322675748302e-15 7.15490722202297e-16 9.10204267687657e-16
15 17 0 0.983804539470677 0.015552526712311 0.00058402350486083 5.03187879720392e-05 6.90062035662409e-06 1.27959849250762e-06 2.93886386365247e-07 7.9270381987654e-08 2.42494913721121e-08 8.2111598414726e-09 3.02378751204363e-09 1.19503616974357e-09 5.01698505566306e-10 2.21932054332592e-10 1.02773661828112e-10 4.95578607675876e-11 2.47737528781592e-11 1.27910978131568e-11 6.79976026233286e-12 1.09032894664863e-11
16 9 0 0 0.00721354560788748 0.316372514583937 0.311412430818773 0.169224245938149 0.0870239179494382 0.0458762158920918 0.025141918272257 0.0143243784121173 0.00845648708466272 0.00515326385592898 0.00322998744451545 0.00207577722168219 0.00136410334370079 0.000914523171080771 0.000624254123874415 0.000433118212260461 0.000304992712356589 0.000217697819679196 0.000636627590155833
16 15 0.83671382977303 0.162218112406793 0.00102269436075911 4.11046650944398e-05 3.63239815635012e-06 5.0264874774092e-07 9.34114594648489e-08 2.14346303107804e-08 5.76818250215949e-09 1.75935071125188e-09 5.93860399987422e-10 2.18003343042086e-10 8.58966683922154e-11 3.59582156625934e-11 1.58644088938909e-11 7.32869821046966e-12 3.52607110189333e-12 1.75911194283606e-12 9.06605364831025e-13 4.81164757659969e-13 7.6903121095229e-13
16 18 0.99999856953304 1.43023589523619e-06 9.65120542999545e-16 9.860165211024e-21 2.65052538925708e-24 4.00120566891164e-27 1.78540861325483e-29 1.6871979065685e-31 2.77273893931145e-33 6.98090856220487e-35 2.46903296972541e-36 1.15291745063464e-37 6.78764848275982e-39 4.86413237793291e-40 4.1276001885135e-41 4.05743471706341e-42 4.53857537181613e-43 5.69273025938943e-44 7.90919613435709e-45 1.20466420733048e-45 2.26059875326966e-46
17 6 0.283489616818331 0.658708242092208 0.0504541781117515 0.00596183641178032 0.0010468067004085 0.000239508041328226 6.61445113709977e-05 2.10360805316755e-05 7.4697902636078e-06 2.89870854506661e-06 1.21031866522324e-06 5.37440827812239e-07 2.51533039007054e-07 1.23201534866259e-07 6.27944501211437e-08 3.31505558030937e-08 1.80572623290899e-08 1.01158405272674e-08 5.81235947332336e-09 3.41732785454243e-09 6.89161830715318e-09
17 15 0 0.724239904051505 0.227084638536146 0.0373499130102123 0.00806324253647672 0.00216363088546472 0.000682180285084882 0.000243257200643701 9.55771829451721e-05 4.0621038995809e-05 1.84240842873019e-05 8.82728554009299e-06 4.43244006107417e-06 2.31802202213607e-06 1.25621242591014e-06 7.02567949116065e-07 4.04116997292073e-07 2.38380947888254e-07 1.43854279167555e-07 8.86245563848488e-08 1.99683459345314e-07
17 19 0 0.842371864481443 0.147477381962963 0.0087830339912055 0.0010910778581396 0.000204300786929222 4.9723190357878e-05 1.45451411067559e-05 4.88012435551505e-06 1.8217877007751e-06 7.40985209197762e-07 3.23436726076399e-07 1.4980219730802e-07 7.29813233555741e-08 3.71441420487191e-08 1.96409333391084e-08 1.07417578242625e-08 6.05361543274333e-09 3.50451065612138e-09 2.07858214637666e-09 4.30680132895326e-09
18 14 0 0.886716878687685 0.101577282316118 0.00974993153010249 0.00151229989662602 0.000319672884700648 8.3630001518647e-05 2.55832438350766e-05 8.82612769343965e-06 3.35072054045698e-06 1.37550175180612e-06 6.02724266980976e-07 2.79142623024451e-07 1.35592476047545e-07 6.86557018119155e-08 3.60563721319523e-08 1.95599033781852e-08 1.09229809383008e-08 6.26107080556948e-09 3.67466657645528e-09 7.39525039737509e-09
18 16 0.551639699612724 0.436861173506671 0.0106509499832795 0.000736200957810863 9.09616577886274e-05 1.60122522062407e-05 3.58667244928207e-06 9.58093444649229e-07 2.92956459378737e-07 9.97339509749693e-08 3.70656852508045e-08 1.48206878062356e-08 6.305445070005e-09 2.82977864815845e-09 1.33039052748265e-09 6.51571798242789e-10 3.30900841056345e-10 1.7358581713996e-10 9.37564444105685e-11 5.19944491513834e-11 9.1662340179849e-11
18 19 0 0.294009708521322 0.508130484367999 0.138809023023603 0.0386838510309618 0.012441493642867 0.00453149034875469 0.00182446542127515 0.000796623479149579 0.000371825476318085 0.000183507598234915 9.49606513541069e-05 5.11844319789448e-05 2.85852830533884e-05 1.64700384761373e-05 9.7557394083122e-06 5.92325178907084e-06 3.67719265234667e-06 2.32922163596906e-06 1.5026405662448e-06 3.13863860068597e-06
19 17 0 0.306855028352912 0.483108726858523 0.140439765876191 0.0430684593146825 0.0152103113450908 0.0060439359538701 0.00263741975337333 0.00124083715622593 0.0006208697860725 0.000327030364091116 0.000179915625368056 0.000102748911128724 6.0616275205113e-05 3.67946494968755e-05 2.29060281025972e-05 1.45850486982822e-05 9.47694533974967e-06 6.27175349188984e-06 4.22033633328268e-06 1.00796658036861e-05
19 18 0 0.440750478011199 0.447657408028097 0.084124214449051 0.0191472717465238 0.00538036928178948 0.00177323516472 0.000659918197432001 0.000270153703312614 0.000119425934070933 5.62467487129991e-05 2.79387968215451e-05 1.45223805173953e-05 7.85082119730016e-06 4.39231612693313e-06 2.5329251096779e-06 1.50055730085339e-06 9.10690600366049e-07 5.64871766736068e-07 3.57364675393369e-07 7.08010974848072e-07
19 20 0 0 0.744832707601585 0.207160501252448 0.0358794627992134 0.00834235919784307 0.00241089851433358 0.000815533195883422 0.000310637634348035 0.000129834200954167 5.84800864523369e-05 2.80167578706169e-05 1.41366741831833e-05 7.45596131364595e-06 4.08593589796554e-06 2.31539826156068e-06 1.35146085826004e-06 8.0986958130211e-07 4.96911431049233e-07 3.11454233617283e-07 6.05093308569948e-07
19 21 0 0.768688236203457 0.2293609122423 0.00186400773637182 7.86085096544221e-05 7.02798165581948e-06 9.71372235836963e-07 1.79271225515016e-07 4.07348548488966e-08 1.08385584278673e-08 3.26604366914089e-09 1.08873389197256e-09 3.94641917944864e-10 1.53538536472119e-10 6.34713791236657e-11 2.76569751422007e-11 1.26207748236602e-11 5.99950089852866e-12 2.9578350399432e-12 1.50677738214758e-12 2.20477763435436e-12
20 19 0 0 0.868078586582691 0.117966752940569 0.0116346865777363 0.00180050000430778 0.000376566635781507 9.7180541132099e-05 2.92941471943936e-05 9.95586887753387e-06 3.72364034144677e-06 1.50634849895955e-06 6.50681839079568e-07 2.97186102093225e-07 1.4241688706989e-07 7.1169818744353e-08 3.69028383214623e-08 1.97725089330428e-08 1.09095129344692e-08 6.1805396129797e-09 1.14928238695515e-08
20 21 0.492090776299224 0.487985047169657 0.0180163086898861 0.00160262543533254 0.000238420513239579 4.87198171622287e-05 1.23741041946333e-05 3.68658959034678e-06 1.24182134953008e-06 4.61283727556504e-07 1.85616320342758e-07 7.98498758716628e-08 3.63554732665292e-08 1.7381310974719e-08 8.67125378987576e-09 4.49107369490018e-09 2.40469177284913e-09 1.32642761320698e-09 7.51509192140732e-10 4.36227771351744e-10 8.55693236627088e-10
20 23 0 0.724103600867653 0.227976791211117 0.0369508873810895 0.0078559440210319 0.00207850498777338 0.000646979949761848 0.00022800989247749 8.86212933188817e-05 3.72880154165643e-05 1.67543628086712e-05 7.9568810740314e-06 3.9623264637578e-06 2.05593096739759e-06 1.10587984561908e-06 6.14100323427956e-07 3.50833651676519e-07 2.05604590768933e-07 1.23300269123631e-07 7.55054760911193e-08 1.67654889588372e-07
21 14 0 0.893859448537789 0.0951479937104154 0.00913221627954112 0.00143220263531208 0.000306768228769499 8.13402929816098e-05 2.52111121254594e-05 8.80800011322745e-06 3.38436471936409e-06 1.40539438484599e-06 6.22634713722857e-07 2.91416084385612e-07 1.42990288961887e-07 7.31066570797358e-08 3.87535208175577e-08 2.12127285613005e-08 1.19490875938059e-08 6.90683399403722e-09 4.08664862970877e-09 8.38728452978632e-09
21 19 0 0.585537500280523 0.403238104052568 0.0103106707411266 0.000781908897149369 0.000105062776053842 1.99244238459545e-05 4.77122715107986e-06 1.35414831486111e-06 4.37714472769927e-07 1.56870578987278e-07 6.11569829887812e-08 2.55742906608938e-08 1.13494007408935e-08 5.3007032985722e-09 2.58822182127679e-09 1.31413295716942e-09 6.9075402405501e-10 3.74498801713284e-10 2.08770211647404e-10 3.74801465745772e-10
21 20 0.708233449986814 0.28741338734099 0.0040841406223977 0.000236670907720491 2.66233836655306e-05 4.41739770799089e-06 9.5003316269734e-07 2.46410571984056e-07 7.37007364075033e-08 2.4670240568335e-08 9.04897698142742e-09 3.5811620044925e-09 1.51129846639959e-09 6.73931071992261e-10 3.1526225441353e-10 1.53806336301675e-10 7.78810832165587e-11 4.07667422939802e-11 2.19852980522906e-11 1.21805316284009e-11 2.14656993584259e-11
21 22 0 0.999996411912163 3.58425941302803e-06 4.37963399451213e-09 7.4973553474904e-11 3.69471356203028e-12 3.28447161323128e-13 4.27942855933864e-14 7.30620416062973e-15 1.52714660482947e-15 3.73762191665466e-16 1.03846733151591e-16 3.20278152008595e-17 1.07817889779067e-17 3.91068078423701e-18 1.51277633468378e-18 6.19006250181349e-19 2.66137675567678e-19 1.1956497367853e-19 5.58694704621973e-20 6.80681582056439e-20
22 13 0 0.579955959201349 0.362554107838856 0.0462214866643207 0.00836834880588005 0.00199768756923317 0.000579756549275873 0.00019434731669909 7.27966034576885e-05 2.97852743429589e-05 1.30986428206791e-05 6.11769375706424e-06 3.00693720225836e-06 1.54433663337302e-06 8.24088564361813e-07 4.54798747350051e-07 2.58601353075695e-07 1.51020065676248e-07 9.03383335832794e-08 5.52275651846097e-08 1.22491542308388e-07
22 21 0 0.569653206495615 0.374857109193995 0.0453548715684006 0.00769024361805831 0.0017271197092215 0.000474181042276656 0.000151113011990177 5.40316174945792e-05 2.1176746789012e-05 8.94717753755275e-06 4.02485912369288e-06 1.90961890848896e-06 9.48554226102893e-07 4.903808596157e-07 2.62590695195781e-07 1.45072330302209e-07 8.24172134626055e-08 4.80143795306956e-08 2.86164055670389e-08 5.96944796850153e-08
22 23 0.577388950491245 0.41050147944151 0.011090341816638 0.000868575172712596 0.000119478860521777 2.30868787227523e-05 5.61616198432805e-06 1.6158151603072e-06 5.28630964435236e-07 1.91519021713968e-07 7.54054046560587e-08 3.18199022174223e-08 1.42402034624129e-08 6.70312431153324e-09 3.29710144288143e-09 1.68566375655993e-09 8.91850160650652e-10 4.86530518520946e-10 2.72828085411452e-10 1.56852243141906e-10 3.01048098496499e-10
23 12 0 0.953832180039625 0.0449244656541811 0.00114102407699838 8.77234603813031e-05 1.16942604967008e-05 2.18354886612329e-06 5.13540148736638e-07 1.43074517735713e-07 4.54135411492613e-08 1.5993066748533e-08 6.1317697617931e-09 2.52382423928629e-09 1.10332167754575e-09 5.0801536177395e-10 2.44724858076515e-10 1.22672169655587e-10 6.36994282052283e-11 3.41367874080406e-11 1.88207347539137e-11 3.29357587797982e-11
23 20 0 0.890407881524644 0.0994896124208052 0.00857606139777345 0.00120909627527806 0.000235221403610116 5.71852067044878e-05 1.63792424153579e-05 5.32261103071036e-06 1.91261741943852e-06 7.46189848462864e-07 3.11815093966119e-07 1.38126133776047e-07 6.43383351693862e-08 3.13092758840636e-08 1.58345936349782e-08 8.28693111123307e-09 4.4716313335494e-09 2.48027922226846e-09 1.41048833824994e-09 2.6337647725445e-09
23 22 0.398845078816414 0.563818851334089 0.032748985685614 0.00371321036130706 0.000654747915485535 0.000152745141358227 4.32754158417219e-05 1.41555130938964e-05 5.17478556193818e-06 2.06763142418609e-06 8.88655991935312e-07 4.05990282919962e-07 1.95374519937362e-07 9.83311072770986e-08 5.14640696378451e-08 2.78797359776863e-08 1.55731866096405e-08 8.94080726981338e-09 5.26148137560625e-09 3.16639832660921e-09 6.76222913321409e-09
