0 1 0 0 0.961575948225633 0.0384239727261435 7.90480573599329e-08 1.73470832499695e-13 1.43502146458463e-18 3.98925281649098e-23 3.01462540157953e-27 5.174741934268e-31 1.75461829540716e-34 1.05499224939628e-37 1.03394989348473e-40 1.5450351933725e-43 3.33608808363583e-46 9.9622827901363e-49 3.96792588582831e-51 2.04497398197761e-53 1.32924787056203e-55 1.06617003777638e-57 1.06305155443146e-59
0 2 0 0.656642776536209 0.343338665655896 1.85570062117195e-05 8.01566006314412e-10 1.17651659858579e-13 4.9264014438008e-17 4.72155589859511e-20 8.74954384148367e-23 2.76923422985959e-25 1.36504439943886e-27 9.77067777795863e-30 9.61819969118207e-32 1.2473444269216e-33 2.05863062171389e-35 4.20332356717707e-37 1.03719863763901e-38 3.03294787884098e-40 1.03367922026096e-41 4.04814362770326e-43 1.83568458946295e-44
1 0 0 0 0.999999880549557 1.19450107319137e-07 7.23725204148584e-16 3.04213317263451e-22 1.7879519441976e-27 6.16740585968743e-32 7.60690663860999e-36 2.4636682439662e-39 1.7053029286638e-42 2.1830570795549e-45 4.65006741754119e-48 1.52168296430544e-50 7.19124689880758e-53 4.67342768810796e-55 4.01487597341453e-57 4.4143959797931e-59 6.0475014744175e-61 1.00924175100085e-62 2.06259100474316e-64
1 5 0 7.75970007919701e-09 0.67622328942783 0.322053298786164 0.00171996714164302 3.42906776977829e-06 7.79174369509146e-09 2.50326171078177e-11 1.16193645637744e-13 7.59566355392699e-16 6.7507849604073e-18 7.88204864979561e-20 1.17254355475049e-21 2.16433210331161e-23 4.84581226588799e-25 1.29067027194826e-26 4.02179239819758e-28 1.44518595248886e-29 5.9142706583614e-31 2.72658698036642e-32 1.4304744212959e-33
2 0 0 0.999840289750468 0.000159710252742007 9.69758306150218e-17 1.50570430210428e-26 1.42566735569895e-34 2.16511711221926e-41 2.40204322243627e-47 1.19286654646723e-52 1.9159378077025e-57 7.93191268723514e-62 7.17579725638895e-66 1.2529999463455e-69 3.83706492016344e-73 1.91054562817319e-76 1.45545294981636e-79 1.61407297634691e-82 2.50055450867835e-85 5.22793425782126e-88 1.43247088802821e-90 5.13065473290896e-93
2 3 0 0.495985846574759 0.503911078508103 0.000103065384124915 9.53280480372775e-09 2.36110403473135e-12 1.47247069393503e-15 1.94651075511599e-18 4.7232149524513e-21 1.88536686821059e-23 1.13932850119416e-25 9.77812894823203e-28 1.13372748349822e-29 1.70657405675653e-31 3.22942708891769e-33 7.4823763230531e-35 2.07651951835557e-36 6.77648826370824e-38 2.56003236649796e-39 1.10467132848398e-40 5.48947171094701e-42
2 11 0 1.00000000000561 2.86981111730185e-15 7.79862561668461e-29 1.40065124081118e-37 3.38909784230778e-44 1.40637892194866e-49 3.82203104968889e-54 3.9872366403904e-58 1.1482554990859e-61 7.3334203693385e-65 8.90989471107182e-68 1.84136679321156e-70 5.94962415157045e-73 2.81574130430043e-75 1.85377551150416e-77 1.62875234182052e-79 1.84605628843028e-81 2.62427106315196e-83 4.56982635218411e-85 9.78821924099024e-87
3 2 0 0.904068268067282 0.0959317220734474 9.85927015333398e-09 2.54017931535058e-15 5.67550122006758e-21 6.81818853304602e-26 2.95117519051282e-30 3.47535797519302e-34 9.13136379895244e-38 4.63471507590226e-41 4.08009540158238e-44 5.73561622020814e-47 1.20668564000477e-49 3.60744210855246e-52 1.46925518825355e-54 7.8740967725114e-57 5.39404338305045e-59 4.60899813257643e-61 4.81077304215017e-63 6.18393935117699e-65
3 4 0.0054749677812427 0.992445564005015 0.00207924707733294 2.2107735044118e-07 5.90078240520672e-11 4.13787354532033e-14 6.35137478155277e-17 1.82340510192052e-19 8.69715086351997e-22 6.3079755098935e-24 6.50471116976038e-26 9.05303851201389e-28 1.63216550801536e-29 3.68835043439269e-31 1.01704430311647e-32 3.34700118439124e-34 1.29040756022675e-35 5.73781842679366e-37 2.90340869324903e-38 1.65277303447194e-39 1.0705906074401e-40
3 10 0 0 0.533294431004381 0.464240512488561 0.00245982433901906 5.21701043640325e-06 1.50911046944333e-08 6.86464116726742e-11 4.77778453575833e-13 4.8230036632533e-15 6.70880824734757e-17 1.23094955223739e-18 2.87339043345128e-20 8.28248326625007e-22 2.87620330291408e-23 1.17878017114982e-24 5.60380024218902e-26 3.0450393506835e-27 1.86771877361027e-28 1.27920630625258e-29 9.94050924443663e-31
4 3 0.910513534099323 0.0894864659006757 3.21514267783956e-15 1.24690920758413e-25 8.6652459857733e-34 1.50760748200024e-40 2.35689583602477e-46 1.82773161652135e-51 4.82678367157084e-56 3.36689026903679e-60 5.18001594709325e-64 1.53903345680361e-67 7.98204132993565e-71 6.67954969921053e-74 8.47136697134162e-77 1.54779985084299e-79 3.9078155255211e-82 1.31686795440586e-84 5.75238727692319e-87 3.1772788972592e-89 2.22838665332699e-91
4 5 0 0.0484845144727055 0.950011959391502 0.00150347973064279 4.64033101978302e-08 1.84873336797466e-12 1.5935418240178e-16 2.94252010597603e-20 1.06196189037364e-23 6.82059948186606e-27 7.19108361296927e-30 1.1642035169973e-32 2.73987937421123e-35 8.95996127256326e-38 3.92187938047346e-40 2.22683383260872e-42 1.59733669616699e-44 1.41525596165954e-46 1.51915995988744e-48 1.94284291878171e-50 2.99352735306917e-52
4 8 0 0.00010620146524442 0.975038593775244 0.0248445057042104 1.06933271660271e-05 5.72212826648990e-09 5.99717392249496e-12 1.18180600534061e-14 3.98376329176787e-17 2.10762662678784e-19 1.63162361242437e-21 1.74791090424773e-23 2.47802687507937e-25 4.48469998574192e-27 1.00606261370579e-28 2.73039881060067e-30 8.78457403488964e-32 3.29359469009201e-33 1.41820563303284e-34 6.92606616194491e-36 3.87187275196842e-37
5 1 0 0.999932671628993 6.73283573604576e-05 1.90988685144169e-22 1.08694157423298e-33 4.08258496036248e-42 6.12477626112677e-49 1.02308762594606e-54 9.47658881974021e-60 3.18028774492979e-64 2.92102947994313e-68 6.03929769331364e-72 2.43854105442921e-75 1.72827666301211e-78 1.9799529913348e-81 3.43569352730895e-84 8.57004662308005e-87 2.9444770184494e-89 1.3450001822274e-91 7.92947779626524e-94 6.0372090866641e-96
5 4 0 0.510748805015475 0.48924511366618 6.08129980948059e-06 1.99063911895364e-11 2.41285052267482e-16 1.02117689929166e-20 1.20081987236664e-24 3.23105899149986e-28 1.714592666006e-31 1.60274940934598e-34 2.41923787266984e-37 5.50812180043846e-40 1.79166924089741e-42 7.9680781441518e-45 4.67327765469238e-47 3.50781115975899e-49 3.28584643652896e-51 3.75972993567683e-53 5.15938425996922e-55 8.57301326234959e-57
5 7 0.999949404324314 5.0595675703422e-05 4.93780520938952e-19 1.18482249606498e-27 4.8203770158094e-34 3.4343570423311e-39 1.56205147598824e-43 2.6323983355346e-47 1.18209723287996e-50 1.13961154817705e-53 2.0302461737377e-56 5.99597474100924e-59 2.70610549201709e-61 1.75301207237406e-63 1.55146789276119e-65 1.80306711491867e-67 2.6641434224005e-69 4.87273109554693e-71 1.07879635385736e-72 2.83685600801531e-74 8.91033811420062e-76
6 7 0 1.00000000000041 4.79350023771658e-14 3.8759289554898e-24 2.0731684977189e-31 3.49158469992416e-37 5.16518387941328e-42 3.45565317840563e-46 7.05915733810041e-50 3.41781141654856e-53 3.29688308259949e-56 5.59358076864464e-59 1.52137952556764e-61 6.17895328987279e-64 3.54448886023329e-66 2.7468303346413e-68 2.77358871392137e-70 3.5418509046088e-72 5.5792913602272e-74 1.06158701719343e-75 2.45399032265073e-77
6 17 0.0533820701305356 0.946588505797683 2.94239131841339e-05 1.58518853308533e-10 5.01718697605468e-15 6.57703560177663e-19 2.51195484710335e-22 2.18653061671166e-25 3.65715239479704e-28 1.04023997559158e-30 4.59798942531266e-33 2.94931193131838e-35 2.60304115220497e-37 3.03047017686461e-39 4.49777387236738e-41 8.27562554776835e-43 1.84429730176538e-44 4.88211650792086e-46 1.5098422217946e-47 5.37811727839974e-49 2.22402717281512e-50
7 5 0.999999999795192 2.0479731243203e-10 2.58595811105876e-28 2.95555201658749e-38 2.06796735973631e-45 4.41731217665208e-51 8.17842835912319e-56 6.79453637116652e-60 1.71330517030338e-63 1.01859057374468e-66 1.20056979790243e-69 2.4771899252935e-72 8.15680443054474e-75 3.99308778193856e-77 2.74933821510188e-79 2.54698974985137e-81 3.06245085029704e-83 4.63948167333392e-85 8.63929778913239e-87 1.93654963799273e-88 5.2511630017577e-90
7 6 0 0.999992124050048 7.87594969109769e-06 2.62926223318173e-13 2.43567039221524e-19 2.27537557429088e-24 1.06279144857685e-28 1.6186517664012e-32 6.10562588744107e-36 4.73095617736022e-39 6.59159187071281e-42 1.49679042297808e-44 5.14023804794834e-47 2.51846624375528e-49 1.68061659594173e-51 1.47116705791439e-53 1.6379535635513e-55 2.26056024932089e-57 3.78438999867776e-59 7.54458424672904e-61 1.80506696855623e-62
7 8 0 0 0 4.06461607537213e-07 0.0473906952756052 0.453521945597592 0.371072614549212 0.104951766632483 0.0194398387513395 0.00307315524393919 0.000465067318681159 7.102951463259e-05 1.1226078874862e-05 1.85753531221676e-06 3.23346227508479e-07 5.92895174659278e-08 1.14447897304076e-08 2.32204847587069e-09 4.94164293865698e-10 1.10058037250982e-10 3.26003685062642e-11
7 15 0 0.00109948281278922 0.956251232246722 0.0425188785534552 0.000129881109132048 5.21696804552977e-07 3.54184257204347e-09 3.86141301650406e-11 6.26093472956427e-13 1.41315128925344e-14 4.21238198323573e-16 1.59088191938667e-17 7.36578424142756e-19 4.07177351197148e-20 2.63016803311631e-21 1.95036142547795e-22 1.63589766465378e-23 1.53283521284346e-24 1.58755937897624e-25 1.80098342544389e-26 2.36265295848358e-27
8 4 0 0.0545913518652018 0.944789125284552 0.000619411996151292 1.10787392558677e-07 6.6585034490531e-11 1.08295042986367e-13 3.74931029514056e-16 2.32935703784107e-18 2.30391932631176e-20 3.32849691524455e-22 6.5898776341122e-24 1.70324054811854e-25 5.53382204258269e-27 2.19318901578466e-28 1.03484839081402e-29 5.69856354964041e-31 3.60195284264685e-32 2.57711387475537e-33 2.06253173633876e-34 1.88837727866529e-35
8 7 0 0 0 0.654761089260094 0.345206587932546 3.23201936120105e-05 2.60601304869377e-09 6.68503731301918e-13 4.59520057373018e-16 6.87028038455305e-19 1.90583209147047e-21 8.72978253815989e-24 6.05516871989118e-26 5.95552518261474e-28 7.89338627017809e-30 1.35414490220858e-31 2.91107208489178e-33 7.63713130454122e-35 2.39209093334103e-36 8.78251584754992e-38 3.79704107573142e-39
8 9 0 0.99999998690779 1.30923412556612e-08 3.70997952884258e-18 1.40180387967988e-25 1.13058739708856e-31 7.13311777116304e-37 1.98168442732497e-41 1.69376045813717e-45 3.50590446207571e-49 1.48541100481164e-52 1.13913137915011e-55 1.44092517971271e-58 2.79757605378626e-61 7.87463968751451e-64 3.06911746993432e-66 1.59502422535625e-68 1.07128723477329e-70 9.05765976128237e-73 9.42778578017619e-75 1.21643907550008e-76
9 8 0 1.00000000000676 4.7071346696955e-61 7.30163861821329e-95 3.66985823761696e-118 2.86119164197602e-136 3.22766574947268e-151 5.13727814161713e-164 3.01667791728378e-175 2.79607329640864e-185 2.30416967298012e-194 1.12317974395257e-202 2.39803154436229e-210 1.7846498163412e-217 3.87510551834842e-224 2.13112948414187e-230 2.64740397436829e-236 6.76215935313883e-242 3.28423838375981e-247 2.83976027835959e-252 4.11803124378784e-257
9 10 0 2.10047068321389e-06 0.608949352059956 0.37868481347477 0.0121316447318678 0.000227239508331686 4.72250466393556e-06 1.23019702004875e-07 4.05505135339382e-09 1.66172984995621e-10 8.2742129575251e-12 4.8973049430293e-13 3.37910371155074e-14 2.67282685024533e-15 2.38906232337451e-16 2.38360538975059e-17 2.62669455502638e-18 3.16811147353957e-19 4.14933499795694e-20 5.86075016503642e-21 9.77567360237447e-22
9 14 0 0 0.999977157773537 2.28422237118548e-05 2.75414153963171e-12 6.79421168008505e-18 1.40783822689473e-22 1.29274288953827e-26 3.55134051578555e-30 2.26457336218862e-33 2.81946283223968e-36 6.0585828269432e-39 2.05119093900967e-41 1.02076378969178e-43 7.07309489658152e-46 6.53629094705158e-48 7.77889832304541e-50 1.15848969113506e-51 2.10794418496095e-53 4.59262454748393e-55 1.2050513298442e-56
9 15 0 0.0156495318385846 0.951270020294617 0.0330291284056588 5.12516865782782e-05 6.76450237757775e-08 1.29154435966074e-10 3.81435393848795e-13 1.69485010838001e-15 1.08266373791094e-17 9.51073660280979e-20 1.10497792413249e-21 1.64251263442037e-23 3.03762524573302e-25 6.8262203785275e-27 1.82707886753047e-28 5.7260197557334e-30 2.07062977901401e-31 8.53110290712906e-33 3.96073742323078e-34 2.09309789039582e-35
9 16 0 0 1.00000000000015 1.05987340692606e-18 1.37600825300667e-51 9.63223603529853e-70 8.81340051132528e-83 4.21202311242776e-93 1.04222956477638e-101 3.99687213266992e-109 1.16175307996576e-115 1.61311859275858e-121 7.79713817040778e-127 1.04545751541425e-131 3.2844545291885e-136 2.12479404473572e-140 2.55821851017517e-144 5.28732981048112e-148 1.75676280658381e-151 8.88965138547477e-155 6.62555221114057e-158
10 3 0 0 0.0292965969771888 0.855963284550399 0.113437952067817 0.00129341720000702 8.68815760344243e-06 6.052936645388e-08 5.12078714773179e-10 5.46525406659776e-12 7.35169956909125e-14 1.22924747129589e-15 2.51058338381802e-17 6.15415431412305e-19 1.78121669178951e-20 5.99799249634339e-22 2.31911894199002e-23 1.01766890032762e-24 5.01622160952726e-26 2.75210200491753e-27 1.70154411982934e-28
10 9 0 0.534770223432175 0.465229259553846 5.17010524450929e-07 4.49475947263895e-12 3.93322321600243e-16 1.56064975709543e-19 1.77903534523433e-22 4.42621737104271e-25 2.0121725561479e-27 1.47983492552409e-29 1.61360055628996e-31 2.44502832367716e-33 4.89976350306885e-35 1.24921560602943e-36 3.92850928441185e-38 1.48602557380265e-39 6.62265119950455e-41 3.41767343331626e-42 2.01270194634115e-43 1.36664110259102e-44
10 11 0 0 0.0327535727011186 0.80206041381149 0.160791068171789 0.00431916884543238 7.4442037243526e-05 1.30707552462637e-06 2.66824117206788e-08 6.54933302926859e-10 1.93465132456528e-11 6.80757915871159e-13 2.8150918659403e-14 1.34928050784443e-15 7.39917563225742e-17 4.58793383477874e-18 3.18292913425308e-19 2.44763257181792e-20 2.06903460512916e-21 1.90848887178983e-22 1.98341290789109e-23
10 13 0 0.232180873684197 0.767747129889201 7.19959767114145e-05 4.49680684493281e-10 6.71277790914015e-15 2.92762051907856e-19 3.25275612429697e-23 7.89331727665973e-27 3.67944186161279e-30 2.97571644067438e-33 3.8524783549568e-36 7.48803817978227e-39 2.07487676153563e-41 7.85665902008615e-44 3.92558444000517e-46 2.51348343521054e-48 2.01190510344141e-50 1.97121424635573e-52 2.32152109195568e-54 3.32001652490377e-56
11 2 0 0.993543468191649 0.00645652412167496 7.68759549770103e-09 1.62078837298367e-13 2.51190759009807e-17 1.47363250252944e-20 2.23319714977915e-23 6.90484555234982e-26 3.72750674648164e-28 3.1522715074778e-30 3.86001798851435e-32 6.4516555005163e-34 1.40637377639351e-35 3.85738802419887e-37 1.29338505734417e-38 5.17822759127995e-40 2.42766754003407e-41 1.31116989842674e-42 8.04604416662122e-44 5.91176068770557e-45
11 10 0 0 0.693809139431044 0.305287500077677 0.000901694017952691 1.66155435499858e-06 4.88289419606902e-09 2.40875407840839e-11 1.87434943997995e-13 2.14685781923847e-15 3.41182149349969e-17 7.17121288371711e-19 1.91814905500145e-20 6.3286779827809e-22 2.510854944182e-23 1.17293275043997e-24 6.33933719049317e-26 3.9057799845449e-27 2.70893136833823e-28 2.09230087636868e-29 1.83739335422044e-30
11 12 0 0.594899321243593 0.404966904344742 0.000133765732636581 8.67813114558167e-09 8.97415560332228e-13 1.88633499208863e-16 7.74634393653218e-20 5.7167249760026e-23 6.99448427510432e-26 1.32432657593532e-28 3.6649063072307e-31 1.41418536501066e-33 7.31799991299607e-36 4.91586023089174e-38 4.17111872199892e-40 4.36798401981314e-42 5.53446517429559e-44 8.34103534511664e-46 1.47326110598786e-47 3.08495367848209e-49
12 11 0 0.998536829797692 0.00146316999360979 2.09599801167111e-10 1.67077119839635e-16 8.82360192743921e-22 2.02678512298573e-26 1.45245461083019e-30 2.56298021555059e-34 9.39275709137435e-38 6.30477199574811e-41 7.04736798377074e-44 1.21842459088911e-46 3.0732769746058e-49 1.07891163931518e-51 5.07247764456691e-54 3.09336777616006e-56 2.38221424487957e-58 2.26464644289117e-60 2.60643585180781e-62 3.6651242308927e-64
12 23 0 0.0756290442838358 0.897744074679568 0.0265009818348067 0.000125219774614146 6.74017986317104e-07 5.34580919361448e-09 6.23300286997321e-11 1.02157959473467e-12 2.24635844825103e-14 6.36386329955417e-16 2.24581208337907e-17 9.60270616666053e-19 4.86225175894734e-20 2.86046558033456e-21 1.9242396212902e-22 1.46030012800593e-23 1.2359082320977e-24 1.15503332234916e-25 1.18180740427821e-26 1.37992892661858e-27
13 10 0 0.999532386019374 0.000467613970814219 9.81220899382795e-12 1.42538147467638e-17 2.87227662890918e-22 3.18377904340956e-26 1.16959323014348e-29 1.04881643735783e-32 1.8811407052419e-35 5.88177212350529e-38 2.90348452410675e-40 2.10147091801665e-42 2.10692466335241e-44 2.79840650283724e-46 4.7509204783553e-48 1.00138251351766e-49 2.55815504710443e-51 7.76277771661163e-53 2.75093111568725e-54 1.14496156092362e-55
13 14 0 0.408418042925165 0.591578766603951 3.1904061225955e-06 6.42991861339227e-11 1.00728840347526e-14 6.27181759662302e-18 1.03471816340553e-20 3.52608181231223e-23 2.10925921401835e-25 1.97970981823067e-27 2.68921324855438e-29 4.97803502470326e-31 1.19911498452342e-32 3.6250273185743e-34 1.33606880168001e-35 5.8637783528731e-37 3.00544281209842e-38 1.76994476579184e-39 1.18130913807364e-40 9.06132573193644e-42
13 22 0 0.999999999974269 2.57340120306776e-11 1.87946435448921e-24 2.56891963253423e-33 3.81358247625395e-40 9.28150311773866e-46 1.48143898529982e-50 9.22609020409718e-55 1.61966963414138e-58 6.44418866717533e-62 4.98126846376565e-65 6.68043355343495e-68 1.42669519394296e-70 4.53925767234022e-73 2.04079816550587e-75 1.24228848041801e-77 9.8862580252809e-80 9.99029222716568e-82 1.25090743494431e-83 1.94993635049339e-85
14 9 0 0 0.0156959891961333 0.675201375345099 0.288862653202968 0.01942043698809 0.000788156298492202 3.00835760824235e-05 1.24380696875861e-06 5.82570107290895e-08 3.12353850203227e-09 1.91216866798371e-10 1.32665990706916e-11 1.03387672703227e-12 8.9687948763933e-14 8.58708663029232e-15 9.00317230365474e-16 1.02635067291597e-16 1.2640609600139e-17 1.67231502009371e-18 2.56433263411467e-19
14 13 0 0.00597634349301184 0.991268983582753 0.00275421930299668 4.53442549760089e-07 1.78509170372691e-10 1.75948446983883e-13 3.65349946597079e-16 1.37662517356799e-18 8.41050282181034e-21 7.65879371203448e-23 9.75126975836221e-25 1.6520519719197e-26 3.58165529384232e-28 9.62995435172219e-30 3.13000906114596e-31 1.20413991153951e-32 5.38702577233473e-34 2.76108320303858e-35 1.60079788399852e-36 1.06145383857508e-37
14 18 0 0.683608132318617 0.316247770417705 0.000144074375915476 2.28698106477015e-08 6.27908887577069e-12 3.42879668092933e-15 3.49252077724781e-18 6.08008396289714e-21 1.6725974897328e-23 6.81324107173291e-26 3.89758920345306e-28 2.99887692754049e-30 2.99522153150288e-32 3.77074102356319e-34 5.83783891738703e-36 1.08858793008656e-37 2.40189215560231e-39 6.17587695448021e-41 1.82626776474306e-42 6.27138831266448e-44
14 21 0 1.00000000000001 1.23187112250649e-37 4.71402403792189e-55 7.87562743311087e-67 6.73699013005235e-76 2.44249130187182e-83 1.10741200621571e-89 3.13047735293298e-95 3.5630868305044e-100 1.21701478324738e-104 1.01343047234177e-108 1.76619413425464e-112 5.73868541947616e-116 3.17762065505457e-119 2.79226602517056e-122 3.67608202606175e-125 6.91671426983611e-128 1.78847948356967e-130 6.14950965694202e-133 2.80006004174346e-135
15 7 0 0.0112411895044839 0.988751213021746 7.59747344016321e-06 1.34220139744734e-12 1.75769162624395e-18 1.33836700411618e-23 3.97197724726703e-28 3.40902519745776e-32 6.83721850939033e-36 2.74471470640138e-39 1.96488063595985e-42 2.29647186675298e-45 4.08986365434801e-48 1.05051626641366e-50 3.72216098887325e-53 1.75378910042652e-55 1.06586101111174e-57 8.14340677585789e-60 7.65246914686084e-62 8.91048111794232e-64
15 9 0 0.0212822425046602 0.842559179991755 0.132702466015329 0.00337998646778469 7.41120191092254e-05 1.94565776345882e-06 6.4517643007644e-08 2.68046306408293e-09 1.36513115750185e-10 8.32832353353238e-12 5.96031762895982e-13 4.91395726394049e-14 4.59531158123939e-15 4.81048678951708e-16 5.57390978759746e-17 7.07993896655972e-18 9.77633228651845e-19 1.45698906244676e-19 2.32877312617752e-20 4.50508505898235e-21
15 16 0.999997730191156 2.26980884888294e-06 8.46741159660278e-25 4.3335763987146e-36 1.89468401996235e-44 3.54646572033001e-51 7.53916681910041e-57 8.91012207279873e-62 3.79926098864251e-66 4.40322496921867e-70 1.13972445990944e-73 5.71500708835457e-77 4.99052409988857e-80 6.99129005322221e-83 1.4729543949234e-85 4.431188625852e-88 1.82465303816174e-90 9.93062685751335e-93 6.93731127856269e-95 6.06824966558246e-97 6.6796670575548e-99
15 17 0 0.997918100626329 0.00208189139872551 7.97853476506889e-09 1.66487704530328e-13 1.63580592956179e-17 5.13619731798134e-21 3.90690000726327e-24 5.95015681113965e-27 1.58576437427898e-29 6.70302929557374e-32 4.17381443904012e-34 3.61641945121704e-36 4.16877765448088e-38 6.16694337572264e-40 1.13682765538007e-41 2.54872296083177e-43 6.80946627025497e-45 2.13100596353151e-46 7.6974369186113e-48 3.23322995723486e-49
16 9 0 0 0.991006975212384 0.00899302478789458 2.32241073131671e-14 2.9628524254173e-22 2.89593990230402e-28 3.57596749900431e-33 2.37353880318634e-37 5.26306199727225e-41 2.90572228016811e-44 3.28536578226869e-47 6.6332750784717e-50 2.1638581062161e-52 1.05755303670813e-54 7.3039903518012e-57 6.80630338456904e-59 8.24446274283186e-61 1.25909105451514e-62 2.36372229190452e-64 5.46779933410295e-66
16 15 0.130477320182595 0.869372861678217 0.000149802031112935 1.61006181639212e-08 7.46278493411450e-12 1.03785460285235e-14 3.24255261396013e-17 1.87712582930021e-19 1.76618816515236e-21 2.46199466283591e-23 4.75101296074782e-25 1.20588290165693e-26 3.86935307982006e-28 1.52117838723313e-29 7.14452073296713e-31 3.92692906576085e-32 2.48305271624507e-33 1.78046204954583e-34 1.43021732537933e-35 1.27369137795217e-36 1.29529109373482e-37
16 18 0.086697360438229 0.913274934037517 2.77052567689971e-05 2.67366890129763e-10 1.52589821572191e-14 3.44290693153824e-18 2.15846156193462e-21 2.9589570329286e-24 7.52436353327636e-27 3.15770334174377e-29 2.00695321410969e-31 1.81026908116831e-33 2.20343986084061e-35 3.47758540989198e-37 6.89124254185634e-39 1.67000258749729e-40 4.84217037392242e-42 1.6492708036022e-43 6.49690973295227e-45 2.92072447829903e-46 1.51099065303037e-47
17 6 0.0575748215438153 0.94225514938371 0.000170021718530105 7.35256331382553e-09 1.35355232927132e-12 8.03354993982113e-16 1.15334788630106e-18 3.27340683213499e-21 1.59568896870038e-23 1.20787765637426e-25 1.31784803182758e-27 1.95836148487719e-29 3.79299322405289e-31 9.24593061578592e-33 2.75760803554605e-34 9.83256505350592e-36 4.11141816155467e-37 1.9837016100527e-38 1.08930298601935e-39 6.72804862362141e-41 4.73419920537647e-42
17 15 0 0.847930850570255 0.152028467612142 4.06735198567562e-05 8.29413196261346e-09 3.61010470169897e-12 3.32374899355519e-15 5.77780203890457e-18 1.70496922596576e-20 7.83672228458906e-23 5.24273911897878e-25 4.83822670979208e-27 5.90044010866821e-29 9.18458628023384e-31 1.77349648771144e-32 4.14875830621666e-34 1.15264813222956e-35 3.73985238661213e-37 1.39681168815205e-38 5.93136944450764e-40 2.88926983004152e-41
17 19 0 0.999986166388538 1.38336114629865e-05 6.4589781903762e-16 1.30794765700002e-23 9.41340173439382e-30 6.61833250104949e-35 2.27997785942119e-39 2.55046181369229e-43 7.10020437851331e-47 4.09794268400197e-50 4.30047973065479e-53 7.44212882873018e-56 1.97061514118332e-58 7.52894687548556e-61 3.96002179763957e-63 2.75994091603293e-65 2.46972524583279e-67 2.76377755415164e-69 3.78266505340357e-71 6.37192581513119e-73
18 14 0 1 2.89244823033165e-74 1.17532474388132e-104 6.78749083656356e-125 2.34561696417984e-140 5.58883448112483e-153 1.05908708893082e-163 4.70434899568167e-173 2.28370402870486e-181 7.27124698502243e-189 1.05991242260603e-195 5.43595201471341e-202 8.03939199426235e-208 2.93859732114215e-213 2.34964474379165e-218 3.72452245927267e-223 1.07985157947511e-227 5.35634181469744e-232 4.29770710079767e-236 5.32620980527108e-240
18 16 0.99987069641152 0.000129303588479751 9.54959518047663e-26 7.63033465502704e-40 1.63833898952859e-50 3.3843571805093e-59 1.42040682898168e-66 5.13034247879331e-73 9.40137364122164e-79 6.15908453965597e-84 1.12924088373584e-88 4.84710225148835e-93 4.25802562715041e-97 6.89914713879018e-101 1.89902046352191e-104 8.31089446630142e-108 5.47794196766829e-111 5.19903598713648e-114 6.84205423067367e-117 1.20926337746742e-119 2.8484854729482e-122
18 19 0 0.999999999999207 7.04298486523659e-185 0 0 0 0 0 0 0 0 0 0 0 0 0 0 0 0 0 0
19 17 0 0.985283496102782 0.0147165037702162 1.27020314722046e-10 1.43655994686927e-17 2.23575290749367e-23 2.27437813425388e-28 9.2153000397667e-33 1.07596819398984e-36 2.90378669986876e-40 1.54866051875322e-43 1.45431654547121e-46 2.20319045407931e-49 5.02999334001499e-52 1.63955881450363e-54 7.30391655076611e-57 4.29025739964143e-59 3.2252491798384e-61 3.02625892502844e-63 3.46943357154836e-65 4.89687900762407e-67
19 18 0 0.999999988879775 1.11203761484144e-08 7.79245313725627e-23 5.38522095974941e-33 5.29449873244478e-41 1.13580168304582e-47 2.03052619295061e-53 1.7235817233803e-58 4.85003185473384e-63 3.54291438755225e-67 5.64267752085472e-71 1.72176238090126e-74 9.11975986010402e-78 7.76288676570317e-81 9.98559539509311e-84 1.84651371837002e-86 4.71088431054592e-89 1.60224875134755e-91 7.05786402482428e-94 4.02725704519977e-96
19 20 0 0 0.858763612264831 0.141226819145713 9.56819358765844e-06 3.95830476651647e-10 3.86890512833162e-14 9.08895125286655e-18 4.52468012528604e-21 4.22131276996064e-24 6.67374052425589e-27 1.65059496226117e-29 5.99363738195913e-32 3.03675818675121e-34 2.05994574700479e-36 1.80835910469302e-38 1.99730213200708e-40 2.7104395163654e-42 4.42936025536729e-44 8.56791450890128e-46 1.97940280455092e-47
19 21 0 0.999910447071072 8.95529289280775e-05 4.10553116954501e-24 9.30164638849169e-37 2.79578615970576e-46 5.17805682312447e-54 1.43499773896077e-60 2.73560853955586e-66 2.22812900360586e-71 5.66029377570465e-76 3.60033090061403e-80 4.88653002460958e-84 1.25476262192797e-87 5.55454554306891e-91 3.93880515898592e-94 4.21735162074678e-97 6.49661573680208e-100 1.38328593537279e-102 3.9366314732647e-105 1.48887471468023e-107
20 19 0 0 0.995618877049648 0.00438110616623104 1.6783017762381e-08 2.62908005408996e-13 1.84573396451617e-17 4.13657143123942e-21 2.27293759985201e-24 2.5392116784105e-27 5.04190534522885e-30 1.61151857106644e-32 7.69202594595864e-35 5.17319775476835e-37 4.68179375364445e-39 5.49428715174554e-41 8.11144069011344e-43 1.4691458909567e-44 3.19641570890439e-46 8.20612980309481e-48 2.5026262777767e-49
20 21 0.293580303413712 0.706419694864236 1.72798815714208e-09 8.50632996842952e-18 1.31677113076866e-24 2.25680953740112e-30 2.16114063410448e-35 7.51934244913627e-40 7.15058630743317e-44 1.52493825984516e-47 6.32012990460532e-51 4.57331366525225e-54 5.32089066015713e-57 9.32903482830585e-60 2.3399995020853e-62 8.04865043027485e-65 3.66563755023221e-67 2.14667964689603e-69 1.57691852337958e-71 1.42259087101203e-73 1.5886712321057e-75
20 23 0 0.999999991539769 8.460231240783e-09 5.24916435009733e-20 6.44498486061626e-29 2.67478687488865e-36 1.24339369204987e-42 3.36122322839812e-48 3.48458765881028e-53 1.04610571662675e-57 7.45421374165034e-62 1.08920134671022e-65 2.92090376167465e-69 1.31873317603975e-72 9.35971327409648e-76 9.88024317081888e-79 1.48222685813608e-81 3.04276549201604e-84 8.27940528248913e-87 2.90636603682336e-89 1.31690309018793e-91
21 14 0 0.999999999999983 5.6634890378813e-139 2.15998671597152e-206 4.62676063377349e-252 2.96572706385201e-287 3.79276854608156e-316 0 0 0 0 0 0 0 0 0 0 0 0 0 0
21 19 0 0.0127545733177129 0.987014341579966 0.00023108210706621 2.99518595596273e-09 1.51927254887709e-13 2.6880086415841e-17 1.26442556547664e-20 1.28238292567501e-23 2.40937874050848e-26 7.50421690356729e-29 3.56505175575973e-31 2.42356344422921e-33 2.24254120854847e-35 2.71377564160443e-37 4.15789755534278e-39 7.85320669139369e-41 1.78825088612091e-42 4.81803538689164e-44 1.5115916032485e-45 5.56150467044453e-47
21 20 0.991069988686856 0.00893001131311905 4.21972271417632e-19 9.10636023179257e-31 9.61280325769183e-40 4.09668009809629e-47 2.07854392160099e-53 6.30078005973438e-59 7.42483291912966e-64 2.55181995811678e-68 2.08936190510954e-72 3.51381561117307e-76 1.0849972848847e-79 5.63826856236263e-83 4.60193466840468e-86 5.57953117009127e-89 9.59979916274565e-92 2.25649887724079e-94 7.01854550601767e-97 2.81137604638788e-99 1.45193481948796e-101
21 22 0 0.999999975854488 2.41479389661033e-08 6.16732088069608e-20 4.77355371346796e-28 2.21013076186634e-34 1.24703402527904e-39 3.8662112484253e-44 4.15972268613637e-48 1.16090474610218e-51 6.90147599787744e-55 7.59815608302684e-58 1.39707336902382e-60 3.96579750512153e-63 1.63460748302487e-65 9.31686226583856e-68 7.05875214646455e-70 6.88130164662727e-72 8.40117014781094e-74 1.25554333003489e-75 2.30959215067894e-77
22 13 0 0.0481851417253076 0.915773713852848 0.0358653918265403 0.000174863006893766 8.83161952484474e-07 6.35896210470737e-09 6.65029136604691e-11 9.74113540676191e-13 1.91452137094268e-14 4.85684329626069e-16 1.53893036484678e-17 5.92599236116157e-19 2.71069701884574e-20 1.44510733845336e-21 8.8358235236213e-23 6.11231675271099e-24 4.72843799078903e-25 4.04971595044978e-26 3.80667690409744e-27 4.06130802419681e-28
22 21 0 0.304812175761546 0.694853881866267 0.000333910788637853 3.15769133420543e-08 6.45553203504973e-12 3.10574908652461e-15 3.09971749180671e-18 5.65687932163783e-21 1.70449341755809e-23 7.82912991481971e-26 5.1495694859469e-28 4.61569732760326e-30 5.41761394502574e-32 8.06089780910795e-34 1.48022492399237e-35 3.28039680066232e-37 8.60960151611698e-39 2.63339711267743e-40 9.25824396230995e-42 3.77239819307172e-43
22 23 0.999355604065058 0.000644395941490274 4.42500642621746e-19 4.92568668754634e-29 1.54016915539647e-36 1.22739167423666e-42 8.21759747536532e-48 2.51090111758791e-52 2.4080178936777e-56 5.65886916040332e-60 2.74126036786284e-63 2.4134500232432e-66 3.51267792186929e-69 7.85489264144611e-72 2.54689010681485e-74 1.14292746613564e-76 6.83320918877463e-79 5.27373290318153e-81 5.11681015721204e-83 6.10269317962219e-85 9.00568041461991e-87
23 12 0 0.999949702590794 5.02974080074355e-05 1.18771690979194e-12 3.60534934582448e-18 1.56281001878322e-22 3.57337883842394e-26 2.57358886761377e-29 4.31326703135565e-32 1.38568160156592e-34 7.47622308713328e-37 6.16332692759916e-39 7.23814809668091e-41 1.14783671365459e-42 2.3571983661104e-44 6.06273974129502e-46 1.90073682563896e-47 7.10319988765406e-49 3.10578230815025e-50 1.56402652134156e-51 9.13852749672442e-53
23 20 0 0.995756142520025 0.00424357364942374 2.83752102353482e-07 8.38454090947959e-11 8.39766639181517e-14 2.05472374111529e-16 9.85055598809759e-19 7.97689517895307e-21 9.83777524207901e-23 1.71429172050911e-24 3.99075500480948e-26 1.18882119339328e-27 4.38114844725797e-29 1.94407915918068e-30 1.0160737229161e-31 6.14214743308885e-33 4.22953658426763e-34 3.27535880026823e-35 2.82132177009503e-36 2.77765152387061e-37
23 22 0.977523535858963 0.0224764641410693 2.95542575589666e-16 2.59614062908071e-26 4.46313499755973e-34 1.83193412080582e-40 6.34138967028445e-46 1.02579710593914e-50 5.36112762492121e-55 7.06964895996658e-59 1.97591902350888e-62 1.02994870626402e-65 9.08809341564774e-69 1.25911157325966e-71 2.58024552786433e-74 7.4527532506857e-77 2.91641122635046e-79 1.49614689683439e-81 9.7877438642326e-84 7.97573307524297e-86 8.14431242444929e-88
