0 1 0 0 0.759106671364309 0.20432501490132 0.0315833521883606 0.00433903164714087 0.000564685253910366 7.12239250849998e-05 8.80180803415139e-06 1.07217325841961e-06 1.29214829206147e-07 1.5444412474546e-08 1.83389704980368e-09 2.16596784438311e-10 2.54681199745027e-11 2.9833997354661e-12 3.48362891118555e-13 4.0564536529338e-14 4.71202840220224e-15 5.46186983827851e-16 6.56329181158249e-17
0 2 0 0.631825805500937 0.337205609081851 0.0290045067949881 0.00185299123192274 0.000105185097200342 5.60082718780297e-06 2.86481372735097e-07 1.42543933242767e-08 6.95105546380727e-10 3.33798776261748e-11 1.5836824957064e-12 7.44062561112085e-14 3.46778378480254e-15 1.60531161120062e-16 7.3887154738795e-18 3.38397559070524e-19 1.54316791398789e-20 7.01059449663836e-22 3.17424871876956e-23 1.4604592047499e-24
1 0 0 0 0.986615497404052 0.0133101287077883 7.40164559573232e-05 3.55820081179246e-07 1.6048664078295e-09 6.98244931274602e-12 2.96831007521799e-14 1.24160236424765e-16 5.13179327909824e-19 2.1016962258904e-21 8.54499056852711e-24 3.45372340063036e-26 1.38911542090186e-28 5.5641635283392e-31 2.22092710336103e-33 8.83791865815156e-36 3.50764336643617e-38 1.38889272299996e-40 5.61489091524184e-43
1 5 0 0.131630706520804 0.509066642562355 0.238482273589451 0.0833516761122625 0.0263485421044172 0.00791010993311833 0.0023009575199713 0.000655213844308692 0.00018373269938854 5.09272566707977e-05 1.39885301628937e-05 3.81439562162356e-06 1.03389734873179e-06 2.78839247373808e-07 7.48832769444196e-08 2.0036884887432e-08 5.34439579769484e-09 1.42154315855636e-09 3.77185363539966e-10 1.31585192531758e-10
2 0 0 0.90988671583022 0.0896634832408545 0.000448202219356048 1.54791155935054e-06 4.65217231522304e-09 1.2990285251631e-11 3.46547043752344e-14 8.96185553655924e-17 2.26585814682008e-19 5.63157688849136e-22 1.38098724881019e-24 3.35000204010752e-27 8.05431410270138e-30 1.92207096940967e-32 4.55779697138745e-35 1.07490563600914e-37 2.52304577146634e-40 5.89755492450973e-43 1.3734719388391e-45 4.6132812459021e-08
2 3 0 0.575374515741028 0.379333383502862 0.0416909160315576 0.00334741546712006 0.000237003430125165 1.56727868465313e-05 9.92842454027264e-07 6.10637268933911e-08 3.67550850426331e-09 2.17625020276714e-10 1.27196097792348e-11 7.35684821697695e-13 4.21850609428889e-14 2.40147489407801e-15 1.35868446150115e-16 7.64630436261193e-18 4.28327545377634e-19 2.38966106487792e-20 1.32841829948745e-21 3.52276464665735e-08
2 11 0 0.999999184640736 8.15359264415112e-07 2.16209886082455e-17 3.82789971889947e-28 5.88627347665785e-39 8.41798507523642e-50 1.15163438846429e-60 1.52903172736528e-71 1.98675193062234e-82 2.53974812952615e-93 3.20553686026144e-104 4.00462568808662e-115 4.96100736044828e-126 6.10273175496668e-137 7.46256821221633e-148 9.0787725846309e-159 1.09959754342566e-169 1.32662102778542e-180 1.59501036404537e-191 1.91326892514908e-202
3 2 0 0.72547579329919 0.256988782805181 0.0166214273433034 0.000870059700541595 4.19155209765871e-05 1.93087498493941e-06 8.64841692715275e-08 3.79967674697291e-09 1.64607979948375e-10 7.05511507773033e-12 2.9984442476795e-13 1.26569894678111e-14 5.31283094589239e-16 2.21960556190239e-17 9.23602149820023e-19 3.8299661769331e-20 1.58343532010388e-21 6.52920120812763e-23 2.68599791152261e-24 1.12473780796456e-25
3 4 0.300337729193202 0.59787593518507 0.0907371927697905 0.00996286439905404 0.000984769682678932 9.23126532567598e-05 8.38025002483798e-06 7.44567804929539e-07 6.51388216785186e-08 5.63276326308006e-09 4.826801047158e-10 4.1061415974287e-11 3.47227784744492e-12 2.92165749123854e-13 2.4479844212704e-14 2.04367827307564e-15 1.70078466670416e-16 1.41152527319973e-17 1.16861209754098e-18 9.65408678542925e-20 8.12760687906225e-21
3 10 0 0 0.598246677192264 0.292988788700494 0.0823171042635754 0.0203458753057912 0.00473745021475619 0.0010654592914204 0.000234234505294641 5.06741401320237e-05 1.08324769481006e-05 2.29430816731938e-06 4.8236462645869e-07 1.00806725531784e-07 2.09620977321726e-08 4.34059144697568e-09 8.95563799972765e-10 1.84199579573485e-10 3.7782986783754e-11 7.73143444264923e-12 1.83768259553835e-12
4 3 0.733567897182234 0.266039150377444 0.000392632216773926 3.20003322255825e-07 2.20086617870318e-10 1.39441518938859e-13 8.41596900958e-17 4.91884536218769e-20 2.80996697879267e-23 1.57805154963725e-26 8.74548782157929e-30 4.79566265844699e-33 2.60708788101739e-36 1.40713095327744e-39 7.54863695948883e-43 4.02844155101894e-46 2.14014526739412e-49 1.1324869327677e-52 5.97185742522342e-56 3.1393563161581e-59 1.65863880217102e-62
4 5 0 0.431660677464019 0.425942701696386 0.112512261248708 0.0240761277581662 0.00472718688177296 0.000885366890246057 0.000160941288950299 2.8658257822643e-05 5.02653145738628e-06 8.71507863079971e-07 1.49732501648568e-07 2.55362681048984e-08 4.3286537676375e-09 7.30005053717176e-10 1.22576100256845e-10 2.05047173756469e-11 3.41885276616919e-12 5.68405016770758e-13 9.4260346444393e-14 1.7074083035975e-14
4 8 0 0.198654783743533 0.617765280721962 0.153504728950124 0.025707320491899 0.00377219304326856 0.000517540149182944 6.81656757878622e-05 8.73500977021983e-06 1.09745678786983e-06 1.35846486343958e-07 1.66211940021829e-08 2.01476790304313e-09 2.42361907886725e-10 2.89686207810459e-11 3.44379964068935e-12 4.07499751662907e-13 4.8024525720019e-14 5.63978215632627e-15 6.60243755239599e-16 8.01104639724428e-17
5 1 0 0.93680890154048 0.0631894639473983 1.63448335018376e-06 2.86927991341553e-11 4.53338690087555e-16 6.81159036191646e-21 9.93675761347315e-26 1.42162207452081e-30 2.00597805661151e-35 2.80150987858677e-40 3.88140707895658e-45 5.34341113238762e-50 7.31793199045932e-55 9.97880076337948e-60 1.35575112474486e-64 1.8362074403026e-69 2.48019682984043e-74 3.34211385864886e-79 4.4941627178638e-84 6.0064865903309e-89
5 4 0 0.587111756579676 0.367263486347253 0.0417435596952547 0.00358467587161917 0.000275165747001921 1.98741355998586e-05 1.3814518692341e-06 9.35260803228846e-08 6.21108449385556e-09 4.06467539575958e-10 2.62942631720947e-11 1.68514077511542e-12 1.07167158640858e-13 6.77136754018984e-15 4.25499070342643e-16 2.66109160893825e-17 1.65739876585095e-18 1.02853346082278e-19 6.36230910928009e-21 3.99430970295783e-22
5 7 0.971223893489201 0.028776078968332 2.75424509440223e-08 1.57217245829693e-14 7.81918441140186e-21 3.64279851052747e-27 1.63331125490773e-33 7.14091564145727e-40 3.06678538595075e-46 1.29966032260436e-52 5.45126737634195e-59 2.26774183831881e-65 9.37076523645019e-72 3.85063721860384e-78 1.5748625096462e-84 6.41505199301434e-91 2.6039984463095e-97 1.05379291565339e-103 4.25305405478757e-110 1.71241219811498e-116 6.94093529917176e-123
6 7 0 0.999947203538648 5.27957716504292e-05 6.8742462699456e-10 7.47139405810772e-15 7.52136261237828e-20 7.25553931962705e-25 6.81118550909385e-30 6.27438437651536e-35 5.70019257529194e-40 5.1237538416038e-45 4.56703398558651e-50 4.04314571869861e-55 3.55922888044327e-60 3.11841292190505e-65 2.7211723974451e-70 2.36626960053893e-75 2.05141091513412e-80 1.77370206394163e-85 1.52996094568105e-90 1.31117244487241e-95
6 17 0.374462055992405 0.59191682784037 0.0325318329110839 0.00105927273622389 2.92462172939988e-05 7.43859741987244e-07 1.80101002900771e-08 4.21945277108521e-10 9.65555442622744e-12 2.17081995842198e-13 4.81387011053046e-15 1.05579424580529e-16 2.2948023296907e-18 4.95043118437472e-20 1.06114200589439e-21 2.26219825259163e-23 4.79987446022792e-25 1.0142092573619e-26 2.13518262834751e-28 4.48051998141809e-30 2.00095817692869e-09
7 5 0.999930347297495 6.95471835020457e-05 3.0820708509249e-20 6.08457925001011e-36 9.77716715937823e-52 1.4265476305906e-67 1.96761083372026e-83 2.61566180714861e-99 3.38774440954192e-115 4.30346673447879e-131 5.38533577883096e-147 6.65914677778023e-163 8.15442954925855e-179 9.9049570842066e-195 1.19493233829804e-210 1.43315989423953e-226 1.71020736271396e-242 2.03180980376547e-258 2.40450359788112e-274 2.83573422821423e-290 1.05519002757681e-07
7 6 0 0.961472555521002 0.0378405763468608 0.000676215702064877 1.04971589579039e-05 1.53086348899885e-07 2.15471820306241e-09 2.9640678213681e-11 4.01252885042775e-13 5.36781168347256e-15 7.11562036237999e-17 9.36447643242924e-19 1.22517498597057e-20 1.59512250105943e-22 2.06826023276466e-24 2.67234330651295e-26 3.44241078117869e-28 4.42266748588188e-30 5.66884591877755e-32 7.25116965167674e-34 9.51053072696633e-36
7 8 0 0 0 0.108476500771409 0.255251261994873 0.218376212463935 0.15530238774819 0.102116263321221 0.0642719676613298 0.0393377518250082 0.023613547171761 0.0139735465709294 0.00817887680224432 0.00474587072981109 0.00273454396743285 0.00156649055239384 0.000892988521675912 0.000506934556974733 0.00028674391503912 0.00016168635665808 0.000206425069113725
7 15 0 0.185755998964789 0.638014259796824 0.150656994441113 0.022359538098784 0.0028386286390945 0.000332877661241457 3.7199555044599e-05 4.02462925112625e-06 4.25407755996259e-07 4.41842378160872e-08 4.52670538079214e-09 4.58695915812173e-10 4.60630949926768e-11 4.59105435679182e-12 4.54674654186851e-13 4.47826929152883e-14 4.38990578420876e-15 4.28540264680731e-16 4.16802769074361e-17 3.58530427568837e-09
8 4 0 0.36883527994211 0.57522657357699 0.0523766672106736 0.00335791327422929 0.000192547981715246 1.04410381606717e-05 5.47424674327296e-07 2.80618147971713e-08 1.41543878322314e-09 7.05325889812997e-11 3.48157042309428e-12 1.70554662910031e-13 8.30328972456767e-15 4.02144558023702e-16 1.9391179343581e-17 9.31509842899521e-19 4.46014625419829e-20 2.12944233711921e-21 1.01410629125745e-22 4.90928033311755e-24
8 7 0 0 0 0.631825805500937 0.337205609081851 0.0290045067949881 0.00185299123192274 0.000105185097200342 5.60082718780297e-06 2.86481372735097e-07 1.42543933242767e-08 6.95105546380727e-10 3.33798776261748e-11 1.5836824957064e-12 7.44062561112085e-14 3.46778378480254e-15 1.60531161120062e-16 7.3887154738795e-18 3.38397559070524e-19 1.54316791398789e-20 7.14484905196247e-22
8 9 0 0.986615497404052 0.0133101287077883 7.40164559573232e-05 3.55820081179246e-07 1.6048664078295e-09 6.98244931274602e-12 2.96831007521799e-14 1.24160236424765e-16 5.13179327909824e-19 2.1016962258904e-21 8.54499056852711e-24 3.45372340063036e-26 1.38911542090186e-28 5.5641635283392e-31 2.22092710336103e-33 8.83791865815156e-36 3.50764336643617e-38 1.38889272299996e-40 5.4881307611859e-43 2.21457637023067e-45
9 8 0 0.999999999644722 6.10521147561222e-17 1.64204530286541e-35 2.56563945813952e-54 3.20201237439512e-73 3.53138648311302e-92 3.60092090431072e-111 3.47811460661887e-130 3.22869054483556e-149 2.90753279342579e-168 2.5563252533137e-187 2.20436648777284e-206 1.87065128472652e-225 1.56623352216695e-244 1.29640482177991e-263 1.06250709612662e-282 8.63343945949707e-302 6.89221575948539e-321 0 0
9 10 0 0.101226407518721 0.514608735654233 0.259703427056 0.0883960585974509 0.0262316491569012 0.00725345063682474 0.00192092141601273 0.000494093687170746 0.000124444927098597 3.0849445108919e-05 7.55305448744753e-06 1.83089124185275e-06 4.40192131003403e-07 1.05110473812603e-07 2.49531250658417e-08 5.89433647741517e-09 1.3863134883711e-09 3.24815779888609e-10 7.5849713204931e-11 2.17034651376137e-11
9 14 0 0 0.955921700309768 0.0431385295065911 0.000922219575023904 1.72416529429533e-05 3.03697037616927e-07 5.17106118390564e-09 8.6139180646071e-11 1.41305121555489e-12 2.29185463470168e-14 3.68487895007879e-16 5.8836845702261e-18 9.34175726558152e-20 1.4763158546666e-21 2.32391914681133e-23 3.6458875336645e-25 5.70327875496381e-27 8.89909020142751e-29 1.385472922786e-30 2.21066671690575e-32
9 15 0 0.358315374004657 0.430875700455986 0.151690087035198 0.0436698896495725 0.0115716130197978 0.00292939932226784 0.000720414066029139 0.000173653730970952 4.12483236695712e-05 9.68834362252344e-06 2.25548644179981e-06 5.21328457823325e-07 1.19785715484256e-07 2.73862703786198e-08 6.23469797487173e-09 1.41418681892479e-09 3.19751069196918e-10 7.2093956347786e-11 1.62146056914241e-11 4.3995795325164e-12
9 16 0 0 1 1.09003014384533e-35 4.87298409490052e-200 0 0 0 0 0 0 0 0 0 0 0 0 0 0 0 0
10 3 0 0 0.397025437563403 0.323223946108404 0.160436099606034 0.0706019337446838 0.0293540650388663 0.0118054425578273 0.00464514924826039 0.00179966019723722 0.000689231658514303 0.000261610154448683 9.85928486713194e-05 3.69408791365362e-05 1.37741768513831e-05 5.1150177834098e-06 1.89281247299853e-06 6.98314846929034e-07 2.56947217108281e-07 9.43239081350994e-08 5.88014329739498e-08
10 9 0 0.594193383003979 0.399946009201892 0.0058032132660255 5.68942954586599e-05 4.96115504663866e-07 4.08439264729533e-09 3.24923905567281e-11 2.52658323853039e-13 1.93294988407315e-15 1.46087049854871e-17 1.09366638297056e-19 8.12575900600047e-22 5.99995372670718e-24 4.40743448917755e-26 3.22346725141452e-28 2.34872130123929e-30 1.7057982075037e-32 1.23534475101935e-34 8.92397476141521e-37 6.60166974957786e-39
10 11 0 0 0.372754254426395 0.331605128697822 0.169142665685282 0.0750440036474098 0.0311706157937949 0.0124566689416224 0.00485314143366219 0.00185706221666842 0.000701132223504374 0.000261973593815549 9.70763910752155e-05 3.57297702008418e-05 1.30768163238142e-05 4.76330581955908e-06 1.72801286200521e-06 6.24676262335044e-07 2.25125751576562e-07 8.09125485532224e-08 4.83291796351147e-08
10 13 0 0.510344259321855 0.408320657136114 0.0705893017990385 0.00945647464679049 0.00114267139026886 0.000130517823553313 1.43876791374809e-05 1.54767364919787e-06 1.63528274586604e-07 1.70440075581237e-08 1.75740381701361e-09 1.79633500778703e-10 1.82296970762341e-11 1.83886241745982e-12 1.8453817795932e-13 1.84373769424199e-14 1.83500291162764e-15 1.82013061966426e-16 1.79996903743759e-17 1.82424904195857e-18
11 2 0 0.900620657251651 0.0986748365656773 0.00070088845531774 3.60128171587401e-06 1.63755609299733e-08 6.97903604536924e-11 2.85704757122545e-13 1.13793932290046e-15 4.44290385124056e-18 1.70861853048612e-20 6.49329639484187e-23 2.44414899092347e-25 9.12782658344553e-28 3.38641457334569e-30 1.24932786252967e-32 4.58687139632552e-35 1.67700424067455e-37 6.10875249405173e-40 2.2179732157532e-42 8.21035762176603e-45
11 10 0 0 0.65127515202345 0.271241994011023 0.0621874540165847 0.0124437670447733 0.00233770524226504 0.000423366418954533 7.48568018207035e-05 1.30135938591342e-05 2.23407109992675e-06 3.79814001105562e-07 6.40737320797066e-08 1.07410326287286e-08 1.79115417249635e-09 2.97369330092651e-10 4.91828695694694e-11 8.10789170746397e-12 1.33277928537578e-12 2.18530731039415e-13 3.90418567175859e-14
11 12 0 0.609399402957928 0.306749280802162 0.068738988447163 0.0126108518224197 0.00210781348166264 0.000333751521431162 5.10080534812348e-05 7.60332307877734e-06 1.1124963435849e-06 1.60456228821589e-07 2.28796205685789e-08 3.23216604732303e-09 4.53081304638445e-10 6.30987642023449e-11 8.73853156484238e-12 1.20436038615519e-12 1.65287589628328e-13 2.2599969707948e-14 3.07992846955604e-15 4.42279112914328e-16
12 11 0 0.874001209354228 0.118714447451927 0.00692891798148497 0.000339376977896618 1.53552882144987e-05 6.63883979622301e-07 2.78681061393672e-08 1.14583477010949e-09 4.63945476961109e-11 1.85639619696935e-12 7.35850748741802e-14 2.89457708541499e-15 1.13141812396142e-16 4.39882444889204e-18 1.70240905375828e-19 6.56257729772371e-21 2.52107772620762e-22 9.65557896806347e-24 3.68807214439611e-25 1.43439385500765e-26
12 23 0 0.411940911811533 0.410362344017249 0.130484100964766 0.0353561821670426 0.00897286299587638 0.00219668177552251 0.00052564641301002 0.000123813856842844 2.88285735451839e-05 6.65330362260705e-06 1.52482476051026e-06 3.47494537716508e-07 7.88220931225324e-08 1.78091838308506e-08 4.01040540885429e-09 9.00493833264988e-10 2.01689239972524e-10 4.50740149890521e-11 1.00535788071751e-11 2.69807598947464e-12
13 10 0 0.948625027143525 0.0512779288189168 9.68634808048114e-05 1.2662366307306e-07 1.44384318067832e-10 1.53200892198633e-13 1.55473351991032e-16 1.53068643136272e-19 1.47426412305617e-22 1.39646453282461e-25 1.30559892036678e-28 1.20786654232177e-31 1.10781600976266e-34 1.00871401686998e-37 9.12838833477301e-41 8.21712963965563e-44 7.3628679702278e-47 6.57082900701696e-50 5.84308813916493e-53 5.37885522788883e-08
13 14 0 0.549283764994094 0.440315196371052 0.0102339897864865 0.000164646445830284 2.36968692764404e-06 3.22844043492498e-08 4.25644426329609e-10 5.4905114008921e-12 6.97272106211616e-14 8.75202567728193e-16 1.08857926428289e-17 1.34414645964994e-19 1.64984348072114e-21 2.01502083411556e-23 2.45069143146415e-25 2.96982377378375e-27 3.58768471635138e-29 4.32224051817079e-31 5.1946262335292e-33 6.39980396560099e-35
13 22 0 0.999464357118144 0.000535642225626016 6.56229427689068e-10 5.75090349992123e-16 4.47403565059137e-22 3.27229869586768e-28 2.30440543855844e-34 1.58173628987414e-40 1.06579188878501e-46 7.0816396778505e-53 4.65413097416744e-59 3.03192598838395e-65 1.96090293575247e-71 1.26056626754413e-77 8.06204177363865e-84 5.13343323570407e-90 3.25616319560284e-96 2.05847234904404e-102 1.29746015589666e-108 8.13284926863691e-115
14 9 0 0 0.31153531321268 0.335485010144361 0.191006827020606 0.0919376630892728 0.0408589442501954 0.0173279196494889 0.00712549460557937 0.00286676968954798 0.00113472429456444 0.000443508945036182 0.000171608547173676 6.58572756153988e-05 2.51013880742553e-05 9.51221692915894e-06 3.58688210172158e-06 1.34676652419186e-06 5.03780569617232e-07 1.87826501942877e-07 1.20415178432897e-07
14 13 0 0.273479389657277 0.631342038995455 0.0868160521710895 0.00772094525986462 0.000595646133800774 4.27757642576565e-05 2.94175456621421e-06 1.96521388705518e-07 1.28578878459354e-08 8.2817684149576e-10 5.2694806355702e-11 3.32013522557543e-12 2.07517256561078e-13 1.28836820533464e-14 7.95349076384537e-16 4.88604633157301e-17 2.98895831054551e-18 1.82168300047312e-19 1.10663546511196e-20 6.82246853163786e-22
14 18 0 0.642233588656709 0.276076519633745 0.0651296557089424 0.0133910833972016 0.00258306590205326 0.000480132587520987 8.7107080123786e-05 1.55349582762226e-05 2.73549219377014e-06 4.76962875602389e-07 8.25141330924623e-08 1.41839118403531e-08 2.42525323456682e-09 4.12829899121065e-10 7.00034943042879e-11 1.18311615433455e-11 1.99377495794424e-12 3.3513171487459e-13 5.62043525091802e-14 1.03264246370688e-14
14 21 0 1 1.02950394012205e-34 6.636172181255e-73 1.82500598150666e-111 3.53481660155862e-150 5.64765207075751e-189 7.98775570752948e-228 1.03852392015496e-266 1.26949233226616e-305 0 0 0 0 0 0 0 0 0 0 0
15 7 0 0.36883527994211 0.57522657357699 0.0523766672106736 0.00335791327422929 0.000192547981715246 1.04410381606717e-05 5.47424674327296e-07 2.80618147971713e-08 1.41543878322314e-09 7.05325889812997e-11 3.48157042309428e-12 1.70554662910031e-13 8.30328972456767e-15 4.02144558023702e-16 1.9391179343581e-17 9.31509842899521e-19 4.46014625419829e-20 2.12944233711921e-21 1.01410629125745e-22 4.90928033311755e-24
15 9 0 0.301792837524995 0.436642291068088 0.1789997353401 0.0584648086427657 0.017376497520424 0.00490247839592697 0.00133814113713572 0.000356979965777916 9.36464755883554e-05 2.42526242696977e-05 6.21753990026866e-06 1.58091645716252e-06 3.99254049019202e-07 1.00256112006373e-07 2.50530161800158e-08 6.23429857452074e-09 1.54571058926171e-09 3.82009153804189e-10 9.41420156903052e-11 2.92339954125875e-11
15 16 0.983368518989188 0.0166313748306988 6.61110334418594e-10 1.22665012627311e-17 1.86209906331689e-25 2.57086342177092e-33 3.35772828842001e-41 4.22830149129872e-49 5.18884268005246e-57 6.24620727827971e-65 7.40783572481135e-73 8.68176433754931e-81 1.00766482650475e-88 1.16017922316382e-96 1.32671869996205e-104 1.5083550509975e-112 1.70623731902587e-120 1.92159672057276e-128 2.15575195969514e-136 2.41011493510398e-144 1.05519002757681e-07
15 17 0 0.899336386971383 0.0963830421434384 0.00412897080813667 0.000146658657430355 4.78784767202202e-06 1.48944683058081e-07 4.49083378944367e-09 1.32465061533344e-10 3.84433053943313e-12 1.1018049910505e-13 3.12659935432546e-15 8.80093052173787e-17 2.46078054423743e-18 6.84168121601605e-20 1.8930237568852e-21 5.21599671081745e-23 1.43198006200813e-24 3.91871899712126e-26 1.06934004908349e-27 2.97970080288972e-29
16 9 0 0 0.863092482060754 0.136864416534095 4.30923283508484e-05 9.07509096926076e-09 1.7087520451407e-12 3.04894297318675e-16 5.27036662389877e-20 8.92135322121264e-24 1.48784108621232e-27 2.4538782641061e-31 4.01239569838402e-35 6.51574646185136e-39 1.05216037927457e-42 1.69109032936947e-46 2.70728102659297e-50 4.31944865883835e-54 6.87145791292431e-58 1.09032274317018e-61 1.72813022122297e-65
16 15 0.403235658118855 0.569867785344972 0.0261603232831212 0.000719026789628882 1.68348083336685e-05 3.6399885799045e-07 7.5034243020463e-09 1.49825577318774e-10 2.92429430303238e-12 5.610867021296e-14 1.06232524343049e-15 1.99001384498127e-17 3.69542707366137e-19 6.81259822644977e-21 1.24820302645051e-22 2.2749041178844e-24 4.12716124597448e-26 7.45758566750389e-28 1.34278931206428e-29 2.41018661076441e-31 4.42783559757144e-33
16 18 0.394493484993286 0.578241881206024 0.0265360856443129 0.000712043695082256 1.61516377144725e-05 3.37059375426376e-07 6.69077932353113e-09 1.28456570429585e-10 2.40810249004957e-12 4.4341989589984e-14 8.05193119237449e-16 1.44589521718669e-17 2.57278905533838e-19 4.54319803395841e-21 7.971076549108e-23 1.39081470571759e-24 2.41511637420649e-26 4.1762172743437e-28 7.19479376616388e-30 1.23544174519007e-31 8.94251539484969e-09
17 6 0.368586295137287 0.589702905793807 0.0399387124404761 0.00170679948008728 6.30479593052423e-05 2.16563597494595e-06 7.12058634150451e-08 2.27383305893082e-09 7.11080521492493e-11 2.18904242409109e-12 6.6569141547812e-14 2.0046230799891e-15 5.98830431336009e-17 1.77690798776517e-18 5.24277905064722e-20 1.53937417261954e-21 4.50083939817028e-23 1.31110581546592e-24 3.80684304936284e-26 1.1021280449793e-27 3.25647578194703e-29
17 15 0 0.707822725475262 0.243371824035204 0.0417391683100893 0.00611053999733243 0.000831549674110867 0.000108475350764118 1.3765033541413e-05 1.71303588105496e-06 2.10121699604186e-07 2.54870901242271e-08 3.06411955243214e-09 3.65715024409727e-10 4.33875412996287e-11 5.12130721452631e-12 6.01879818236202e-13 7.04703980734797e-14 8.2239054798153e-15 9.56959440847454e-16 1.11069293216861e-16 1.33590326247087e-17
17 19 0 0.956293390191739 0.0435743984644766 0.000131884901793997 3.25694508714526e-07 7.45721461845594e-10 1.64061833788575e-12 3.52125586045739e-15 7.43142905538236e-18 1.54932163654737e-20 3.200264855644e-23 6.56253719900163e-26 1.33786650499695e-28 2.71431001641079e-31 5.48469308057332e-34 1.10447302199649e-36 2.21756393152705e-39 4.441022091001e-42 8.87385094610007e-45 1.76960649856413e-47 3.58598591198288e-50
18 14 0 0.999999997618187 8.26959155703956e-41 1.04555450280205e-83 7.97377616618069e-127 4.93953634756406e-170 2.72983639239626e-213 1.40345287646649e-256 6.86408092554556e-300 0 0 0 0 0 0 0 0 0 0 0 2.38181252498748e-09
18 16 0.914631960711174 0.085366166112643 1.87315419174123e-06 2.1990694897964e-11 2.17756512927862e-16 1.98812512562417e-21 1.73059468289678e-26 1.45979530464923e-31 1.20422111445388e-36 9.77001798899975e-42 7.82502245042775e-47 6.20310648947226e-52 4.87625533597414e-57 3.80653934628028e-62 2.95400548764332e-67 2.28085760698281e-72 1.75341802532932e-77 1.34280239286307e-82 1.02488372535089e-87 7.79895660017485e-93 5.892926531836e-98
18 19 0 1.0000000007084 1.20368852897178e-14 1.98944927745442e-41 6.57775619666182e-69 1.2512451478301e-96 1.79344608265843e-124 2.16335433324565e-152 2.32320757538607e-180 2.29459888407993e-208 2.12767529545179e-236 1.87791652570779e-264 1.59308800598512e-292 1.28951133564565e-320 0 0 0 0 0 0 0
19 17 0 0.812786093498872 0.181209294053763 0.00584895482333265 0.000151943270212461 3.62958054230584e-06 8.28916727909679e-08 1.84063211589889e-09 4.00930863300301e-11 8.61172400620555e-13 1.83013731643225e-14 3.85689916715184e-16 8.0733872274523e-18 1.68055485731652e-19 3.48193145227628e-21 7.18557890193224e-23 1.47780590834712e-24 3.0302631458759e-26 6.19738416278424e-28 1.26453889645214e-29 2.64124857728572e-31
19 18 0 0.984769819686915 0.015223475032544 6.70297392070102e-06 2.30589512064512e-09 7.24857341187913e-13 2.17344244691134e-16 6.32969043462081e-20 1.80724131353802e-23 5.08655254915097e-27 1.41616522957428e-30 3.90936881395899e-34 1.07182176894277e-37 2.92206842068753e-41 7.92883370031772e-45 2.14283265230612e-48 5.77126651443695e-52 1.54972235498756e-55 4.15046135374706e-59 1.1089975991536e-62 2.9680307497077e-66
19 20 0 0 0.704150872087256 0.241125965646516 0.0457176347808828 0.00760395311337622 0.00119049874414658 0.000179971403978131 2.65909572750447e-05 3.86590604646149e-06 5.55335043331408e-07 7.90369505752751e-08 1.11660183028805e-08 1.56802486644425e-09 2.19097050575027e-10 3.048512146677e-11 4.22641709991518e-12 5.84118948517142e-13 8.05093113508497e-14 1.10699992884438e-14 1.60765856089897e-15
19 21 0 0.929780413770544 0.0702185663365957 1.01988448802577e-06 8.3719387743098e-12 5.88712169361306e-17 3.84555420589042e-22 2.40549455652509e-27 1.46236743878885e-32 8.71208830655121e-38 5.11248613562384e-43 2.96525565015853e-48 1.70388334310811e-53 9.71649245739545e-59 5.50588911301334e-64 3.10327668499276e-69 1.74109812844973e-74 9.72977755102072e-80 5.41846467199762e-85 3.00830261094986e-90 1.65844292515172e-95
20 19 0 0 0.861470405174995 0.127544557422516 0.0102103866260001 0.000722892428730182 4.84063801527771e-05 3.13926917187895e-06 1.99394348723591e-07 1.24807735590015e-08 7.72781296777745e-10 4.74499608130158e-11 2.89417588378501e-12 1.75574403333758e-13 1.0603393164029e-14 6.3794307137888e-16 3.82570648387999e-17 2.28783476027852e-18 1.36481969495291e-19 8.12438017323592e-21 4.91307726203141e-22
20 21 0.523067943238583 0.468281830384474 0.0085554459773343 9.38895183733869e-05 8.83116584363379e-07 7.69996206823243e-09 6.41661824050678e-11 5.18859428192981e-13 4.10641896387678e-15 3.19802744410731e-17 2.45958439964098e-19 1.87279357918004e-21 1.41435286834847e-23 1.06086106800082e-25 7.91130982375645e-28 5.87064632047737e-30 4.33768381490292e-32 3.19298855267319e-34 2.34258984611381e-36 1.71362003482399e-38 1.28321955024008e-40
20 23 0 0.980231175407072 0.0196349814120914 0.000133093082789493 7.46229644072342e-07 3.84936953882964e-09 1.89426425447492e-11 9.04294160708748e-14 4.22642771453565e-16 1.9446538288408e-18 8.84074059277097e-21 3.9810276456207e-23 1.77885006356006e-25 7.89765551621241e-28 3.48748146522336e-30 1.53293570790322e-32 6.71131144888604e-35 2.92808063113817e-37 1.2735964937302e-39 5.52464156964784e-42 2.44734280313706e-44
21 14 0 0.999999999690664 8.24382178046527e-17 5.94778628879201e-34 3.45259897557969e-51 1.83165601271118e-68 9.24740206905217e-86 4.52424334840387e-103 2.1658894628208e-120 1.02049687019965e-137 4.75007898285622e-155 2.18986421374989e-172 1.00174152044061e-189 4.55306339239674e-207 2.05829497903258e-224 9.26220898609614e-242 4.15145085605944e-259 1.85432403200971e-276 8.25759207926198e-294 3.66736243472043e-311 0
21 19 0 0.343939892999358 0.584407306228402 0.0659023502647895 0.00533364389028095 0.00038811919249324 2.67740858210147e-05 1.78839862648754e-06 1.16904933132939e-07 7.52441899001581e-09 4.78685378490323e-10 3.01771987808871e-11 1.88860841013769e-12 1.17492437091011e-13 7.27297300152498e-15 4.48310418251077e-16 2.75340940650007e-17 1.68576264945493e-18 1.02926080221169e-19 6.26899222459851e-21 3.87798204930314e-22
21 20 0.822257302187612 0.177608252459025 0.000134377461793337 6.7860974366333e-08 3.05824102976569e-11 1.30464685735793e-14 5.3880670174869e-18 2.17802021300638e-21 8.6710818380454e-25 3.41301460723021e-28 1.33157278748379e-31 5.15853843553871e-35 1.98693725363106e-38 7.61652756595733e-42 2.90782016822346e-45 1.10628902437376e-48 4.1962588096084e-52 1.5874956988765e-55 5.99176054139832e-59 2.25683774911311e-62 8.53305877758961e-66
21 22 0 0.993363089979761 0.00663619055552966 7.1940446940186e-07 6.02358678625763e-11 4.5934073463514e-15 3.33594116681003e-19 2.35097364138832e-23 1.62338331068875e-27 1.10455910536731e-31 7.43202808506604e-36 4.95708220808957e-40 3.28312408309143e-44 2.16189559928598e-48 1.41670330111079e-52 9.24564824732954e-57 6.01257803169662e-61 3.89807587209471e-65 2.52040414610271e-69 1.62575838083203e-73 1.04439545443967e-77
22 13 0 0.354291844104998 0.461782536241516 0.142172626941155 0.0331838589167328 0.00690840739444208 0.00135056926139782 0.000253713367991465 4.63666796043493e-05 8.30430355914206e-06 1.46453834338438e-06 2.55158740618836e-07 4.40189956658058e-08 7.53241732228642e-09 1.28014428140839e-09 2.16298604464427e-10 3.63636653796727e-11 6.08670245574367e-12 1.01490913429433e-12 1.68652834261176e-13 3.05897128184273e-14
22 21 0 0.523314433705058 0.399246285860207 0.0673290362622536 0.00890593985238658 0.00106796698300987 0.000121395300718062 1.33408749480346e-05 1.4323963290921e-06 1.51200736710803e-07 1.57545341180379e-08 1.62484265878594e-09 1.66196375279113e-10 1.68835518195211e-11 1.70535367556682e-12 1.71412946370333e-13 1.71571289541287e-14 1.71101513099267e-15 1.70084462364913e-16 1.68592051662057e-17 1.71310252736246e-18
22 23 0.912665049514521 0.0873293972728749 5.5529808330647e-06 2.31762425062366e-10 8.61943783788603e-15 3.03368501361629e-19 1.03364490777749e-23 3.44729463919791e-28 1.13237818041491e-32 3.67774692432674e-37 1.1840121557391e-41 3.7851698530239e-46 1.20317295121882e-50 3.80629055689992e-55 1.19929926325108e-59 3.76579200956922e-64 1.17893267525906e-68 3.68119226569758e-73 1.14680299729318e-77 3.56534461170694e-82 1.10260203431709e-86
23 12 0 0.975378260200759 0.0245981564795942 2.35656790138782e-05 1.76285842538772e-08 1.20404613965433e-11 7.83995996268642e-15 4.95631268945969e-18 3.0710245184739e-21 1.8753876019731e-24 1.13268980960071e-27 6.7822911874408e-31 4.03290944312183e-34 2.38436908423795e-37 1.40296442254646e-40 8.22150981974317e-44 4.80104649908587e-47 2.79510852061203e-50 1.62293901210102e-53 9.40114250718174e-57 5.48048018005486e-60
23 20 0 0.916907718509388 0.0805890404732229 0.0024423862933349 5.95117059423193e-05 1.31497412014942e-06 2.7479036223057e-08 5.53857473429538e-10 1.08843292706826e-11 2.09928551113956e-13 3.99096999197281e-15 7.50091091113522e-17 1.396713129855e-18 2.58076718612968e-20 4.73768725591757e-22 8.64912001289441e-24 1.57142401025059e-25 2.84312579688967e-27 5.12504470453493e-29 9.20828844552681e-31 1.69321306663778e-32
23 22 0.800106873967656 0.199629985969533 0.000262900564298479 2.39302209266492e-07 1.9615011213959e-10 1.52840837281407e-13 1.15579004615423e-16 8.56856048796383e-20 6.26345050389161e-23 4.53044221024964e-26 3.250226417905e-29 2.31658298113811e-32 1.64233672465989e-35 1.15916454181553e-38 8.15069951154526e-42 5.71275696130722e-45 3.99286689196997e-48 2.78396692046655e-51 1.93690580018173e-54 1.34499991412036e-57 9.41499598932725e-61
