0 1 0 0 0 0 0 0 0.0040080314075958 0.121049359390342 0.511767223035869 0.331018076795066 0.0317532448521898 0.000403447201302964 6.1720997489814e-07 1.07657173332278e-10 2.08021655078154e-15 4.38245815488867e-21 9.97143292849455e-28 2.43561188935318e-35 6.36071030312109e-44 1.77096143665513e-53 5.24582113135548e-64 1.65058937189396e-75 5.51014118111925e-88 1.94972592434485e-101 7.30706425490838e-116 2.89870450591861e-131 1.2165697403457e-147 5.39957089464914e-165 2.53347593165755e-183 1.25625824621145e-202 6.58163425577216e-223 3.64237492419606e-244 2.12886294760846e-266 1.31386131790449e-289 8.56102141001912e-314 0 0 0 0 0 0 0 0 0 0 0 0 0 0 0 0 0 0 0 0 0 0 0 0 0 0
0 2 0 0 0 0 0.0486388589467689 0.53785322862774 0.395363031894953 0.0181087477422536 3.6130235825627e-05 2.5524523289582e-09 5.87501754468729e-15 4.24789910507708e-22 9.47070740233645e-31 6.44198995686511e-41 1.32805725955895e-52 8.26172527646314e-66 1.54617538989392e-80 8.6860868541983e-97 1.46235679425081e-114 7.3688551561326e-134 1.11029110300826e-154 4.99831203013753e-177 6.71867866543428e-201 2.69520684645312e-226 3.22522519544498e-253 1.15087938902757e-281 1.22424270657836e-311 0 0 0 0 0 0 0 0 0 0 0 0 0 0 0 0 0 0 0 0 0 0 0 0 0 0 0 0 0 0 0 0 0 0
1 0 0 0 0 0 0 0 0.0244317992243148 0.438189519551331 0.499940603705054 0.0373101038819473 0.000127957738550848 1.58987373065658e-08 6.49643330687763e-14 8.37559615003602e-21 3.33760533789149e-29 4.06351166808164e-39 1.50080346093499e-50 1.67368020626675e-63 5.61753699685718e-78 5.6615686873965e-94 1.71039759629669e-111 1.54687987875311e-130 4.18379835085002e-151 3.38132030917129e-173 8.1605239375185e-197 5.87803672242675e-222 1.26309295227405e-248 8.09402717808485e-277 1.54626101350283e-306 0 0 0 0 0 0 0 0 0 0 0 0 0 0 0 0 0 0 0 0 0 0 0 0 0 0 0 0 0 0 0 0
1 5 0 0 0 0 0 0.0169999832296987 0.593260059257333 0.38605883812184 0.00368093067311062 1.88717980509272e-07 3.7161420519066e-14 2.54165334869338e-23 5.79993101061751e-35 4.3295361479555e-49 1.04559744150174e-65 8.11400071832742e-85 2.01422276362814e-106 1.59453876660488e-130 4.01649645134442e-157 3.21382607602089e-186 8.15846345782255e-218 6.56408959247751e-252 1.67254499031417e-288 0 0 0 0 0 0 0 0 0 0 0 0 0 0 0 0 0 0 0 0 0 0 0 0 0 0 0 0 0 0 0 0 0 0 0 0 0 0
2 0 0 0 0 0 0.85921435303332 0.140785640698732 6.26794766951656e-09 3.25287482272262e-25 1.16655514715833e-50 2.58640401986808e-85 3.40228510659794e-129 2.60366253884126e-182 1.14655644111506e-244 2.88601307769582e-316 0 0 0 0 0 0 0 0 0 0 0 0 0 0 0 0 0 0 0 0 0 0 0 0 0 0 0 0 0 0 0 0 0 0 0 0 0 0 0 0 0 0 0 0 0 0 0
2 3 0 0 0 0 0.921696514725705 0.078303485204638 6.96570375664001e-11 1.72640355390224e-30 7.26796109082536e-61 4.67284060440134e-102 4.40955395188919e-154 5.99170023031353e-217 1.159890182481e-290 0 0 0 0 0 0 0 0 0 0 0 0 0 0 0 0 0 0 0 0 0 0 0 0 0 0 0 0 0 0 0 0 0 0 0 0 0 0 0 0 0 0 0 0 0 0 0 0
2 11 0 0 0 0 0.0161894839213429 0.195458201592237 0.491372638430189 0.265997437227726 0.0302949197975134 0.0006844152618539 2.90154533586745e-06 2.2235012799354e-09 3.01135030894449e-13 7.11135668835355e-18 2.90386617198646e-23 2.03920454270646e-29 2.45347795068312e-36 5.04412540932568e-44 1.76857121172712e-52 1.05596614126858e-61 1.07243570209391e-71 1.85094775295998e-82 5.42505118887099e-94 2.69863289086395e-106 2.27720635962489e-119 3.25838861902336e-133 7.90307832822414e-148 3.2482976440973e-163 2.26189634159928e-179 2.66779784885973e-196 5.32861910689945e-214 1.80213103829226e-232 1.03182237403552e-251 1.00003364397719e-271 1.64046047992213e-292 4.55422121017813e-314 0 0 0 0 0 0 0 0 0 0 0 0 0 0 0 0 0 0 0 0 0 0 0 0 0
3 2 0 0 0 0 0.099255948829639 0.842701488854773 0.0580378192690473 4.74304638072792e-06 1.59987966665292e-13 1.78261417466099e-24 6.1172693124415e-39 6.27379168102554e-57 1.89335159382459e-78 1.6662416933525e-103 4.2517799121418e-132 3.13374841321029e-164 6.65343506273299e-200 4.06125527307749e-239 7.11644892346194e-282 0 0 0 0 0 0 0 0 0 0 0 0 0 0 0 0 0 0 0 0 0 0 0 0 0 0 0 0 0 0 0 0 0 0 0 0 0 0 0 0 0 0
3 4 0 0 1 7.52172841089662e-161 0 0 0 0 0 0 0 0 0 0 0 0 0 0 0 0 0 0 0 0 0 0 0 0 0 0 0 0 0 0 0 0 0 0 0 0 0 0 0 0 0 0 0 0 0 0 0 0 0 0 0 0 0 0 0 0 0
3 10 0 0 0 0 0 0 0.993788889789375 0.00621111021062421 9.48174055115536e-18 6.05890424182336e-48 1.07671781075326e-93 4.84729198431903e-155 5.33268839098936e-232 0 0 0 0 0 0 0 0 0 0 0 0 0 0 0 0 0 0 0 0 0 0 0 0 0 0 0 0 0 0 0 0 0 0 0 0 0 0 0 0 0 0 0 0 0 0 0 0
4 3 0 0 0.0408290153059994 0.644072152972299 0.311670134642225 0.00342827725492398 4.19824113193633e-07 4.39798073713681e-13 3.6140562216802e-21 2.24669668616807e-31 1.0374740142923e-43 3.52190983870659e-58 8.7325425309709e-75 1.57472295705744e-93 2.05908019908415e-114 1.94809705679106e-137 1.33142332523317e-162 6.56528570899594e-190 2.33347457119317e-219 5.97350990334022e-251 1.10068193305688e-284 1.4673749681485e-320 0 0 0 0 0 0 0 0 0 0 0 0 0 0 0 0 0 0 0 0 0 0 0 0 0 0 0 0 0 0 0 0 0 0 0 0 0 0 0
4 5 0 0 0 0 0.00385232133099337 0.0347540806024791 0.150017623020215 0.311271832219092 0.311271832219092 0.150017623020215 0.0347540806024791 0.00385232133099337 0.000203158011500763 5.06783427251019e-06 5.94808477010501e-08 3.26980570835392e-10 8.3876408225881e-13 1.00101640652084e-15 5.54510903045404e-19 1.42314259635652e-22 1.68976821388241e-26 9.27143199188686e-31 2.34858969084398e-35 2.74463044694391e-40 1.47880700336624e-45 3.67172660960874e-51 4.19929907141062e-57 2.21144453755242e-63 5.36088302699922e-70 5.98059887286223e-77 3.0697535444082e-84 7.24816381485881e-92 7.87125415939312e-100 3.93084604418596e-108 9.02602583792595e-117 9.52849397879679e-126 4.62405873489033e-135 1.03146096192331e-144 1.05748870161355e-154 4.9826325590462e-165 1.07887718721663e-175 1.07346472110237e-186 4.90773592525916e-198 1.03093057436324e-209 9.94973625478115e-222 4.41172497267661e-234 8.98674312106546e-247 8.40963120720709e-260 3.61507423897653e-273 7.13853622094746e-287 6.47500080709419e-301 2.69772159685871e-315 0 0 0 0 0 0 0 0 0
4 8 0 0 0 0 0 0.703020323943768 0.296976772287094 2.90376913828242e-06 7.11138572703569e-18 2.45347800153205e-36 1.05596614137589e-61 5.42505118891569e-94 3.25838861974646e-133 2.26189634814526e-179 1.80213107844976e-232 1.64046067369303e-292 0 0 0 0 0 0 0 0 0 0 0 0 0 0 0 0 0 0 0 0 0 0 0 0 0 0 0 0 0 0 0 0 0 0 0 0 0 0 0 0 0 0 0 0 0
5 1 0 0 0 0 0 0.031255716157776 0.550681278929311 0.40663538844878 0.0114206469146009 6.96947855753383e-06 7.09743983588674e-11 1.0996294075879e-17 2.4937745385292e-26 8.11998612322804e-37 3.75490706959398e-49 2.44938913938775e-63 2.24386616541941e-79 2.87789616161052e-97 5.15613661157442e-117 1.28832075656463e-138 4.48355811379627e-162 2.1711516746918e-187 1.4617840217508e-214 1.3674912601756e-243 1.77658765773172e-274 3.20391117608648e-307 0 0 0 0 0 0 0 0 0 0 0 0 0 0 0 0 0 0 0 0 0 0 0 0 0 0 0 0 0 0 0 0 0 0 0
5 4 0 0 0 0 0.195601009560204 0.781646540261993 0.0227518546587517 5.9551904566344e-07 6.08370260900752e-15 2.02164904402728e-26 2.05655365001649e-41 6.23388820785614e-60 5.55118278561763e-82 1.44003915962601e-107 1.08242446601171e-136 2.34898191450029e-169 1.46792816444551e-205 2.63666118790087e-245 1.35928299224477e-288 0 0 0 0 0 0 0 0 0 0 0 0 0 0 0 0 0 0 0 0 0 0 0 0 0 0 0 0 0 0 0 0 0 0 0 0 0 0 0 0 0 0
5 7 0 0 0.237525043462332 0.762297436796409 0.000177519741257819 1.96497333621861e-15 3.13006359688742e-34 5.97198554512416e-61 1.28748220789558e-95 3.05669758563081e-138 7.88412549187923e-189 2.19155419323738e-247 6.53147342926469e-314 0 0 0 0 0 0 0 0 0 0 0 0 0 0 0 0 0 0 0 0 0 0 0 0 0 0 0 0 0 0 0 0 0 0 0 0 0 0 0 0 0 0 0 0 0 0 0 0
6 7 0 0 0 0.766470283437513 0.233529716245649 3.16837784421114e-10 1.34626290653565e-31 8.6724436148842e-66 7.44041442426128e-113 8.12388040203926e-173 1.10520127627778e-245 0 0 0 0 0 0 0 0 0 0 0 0 0 0 0 0 0 0 0 0 0 0 0 0 0 0 0 0 0 0 0 0 0 0 0 0 0 0 0 0 0 0 0 0 0 0 0 0 0 0
6 17 0 0 0.977249833229814 0.0227501667701927 2.22477938510418e-18 2.2893759289286e-53 1.43989480196501e-107 4.96856561669298e-181 9.03913354995273e-274 0 0 0 0 0 0 0 0 0 0 0 0 0 0 0 0 0 0 0 0 0 0 0 0 0 0 0 0 0 0 0 0 0 0 0 0 0 0 0 0 0 0 0 0 0 0 0 0 0 0 0 0
7 5 0 0 0.0253169866799701 0.754840799465781 0.219609584444482 0.000232629172454056 2.37312592652263e-10 1.70569342324889e-19 7.89410243757339e-32 2.26821400703895e-47 3.97339189586703e-66 4.20013621305439e-88 2.66204365841801e-113 1.00734577435691e-141 2.2692053684224e-173 3.03650831406305e-208 2.40984212137969e-246 1.13288470563001e-287 0 0 0 0 0 0 0 0 0 0 0 0 0 0 0 0 0 0 0 0 0 0 0 0 0 0 0 0 0 0 0 0 0 0 0 0 0 0 0 0 0 0 0
7 6 0 0 0 0.334116763314055 0.665825876555856 5.73601300894857e-05 1.93029068627823e-16 9.14367131701306e-36 5.15742924702265e-63 3.27928199623722e-98 2.29352460443962e-141 1.74151901209935e-192 1.42452644333816e-251 1.24897324940438e-318 0 0 0 0 0 0 0 0 0 0 0 0 0 0 0 0 0 0 0 0 0 0 0 0 0 0 0 0 0 0 0 0 0 0 0 0 0 0 0 0 0 0 0 0 0 0 0
7 8 0 0 0 0 0 0 0 0 0 0 8.74338473677348e-06 6.44436650475648e-05 0.000379975282238751 0.00179251645115156 0.0067663970736871 0.0204402767690189 0.0494189012008613 0.0956337540563239 0.148138474686945 0.18368815662969 0.182330807978567 0.144878606217859 0.0921518713026765 0.0469181721585255 0.0191199934919732 0.00623603910090508 0.0016276530644838 0.000339936614176291 5.68019155495145e-05 7.59273914244218e-06 8.11788088119737e-07 6.94115118341876e-08 4.74569185956949e-09 2.59406479597087e-10 1.13346898827171e-11 3.95841367807455e-13 1.10471955372699e-14 2.46343281764168e-16 4.38861964549407e-18 6.24535175406236e-20 7.0986124709479e-22 6.4435657102345e-24 4.67053603269557e-26 2.70301911145478e-28 1.24890801824634e-30 4.60649350208236e-33 1.35622414240624e-35 3.18697237317979e-38 5.97692953563121e-41 8.9454133262838e-44 1.06835765157028e-46 1.01812336753099e-49 7.74153334897896e-53 4.69649093075218e-56 2.27310014518156e-59 8.77692486240763e-63 2.7035003878179e-66 6.64283582921634e-70 1.30198980293164e-73 2.03551196693034e-77 2.53974182051052e-81
7 15 0 0 0 0 0 0.999942639865461 5.73601300897294e-05 9.14367131701306e-36 3.27928726223862e-98 1.74163535285393e-192 1.24971434787314e-318 0 0 0 0 0 0 0 0 0 0 0 0 0 0 0 0 0 0 0 0 0 0 0 0 0 0 0 0 0 0 0 0 0 0 0 0 0 0 0 0 0 0 0 0 0 0 0 0 0 0
8 4 0 0 0 0 0 0.000165516396213206 0.00777130702052734 0.100422864496161 0.368186150658173 0.391595155820057 0.120967124323144 0.0106322211951912 0.000257976583058065 1.68062658840313e-06 2.87960635569462e-09 1.27966761458577e-12 1.4613528940062e-16 4.26215497261942e-21 3.16141469501616e-26 5.94578991321449e-32 2.82919224719398e-38 3.40037207973617e-45 1.03098671342249e-52 7.87793184891386e-61 1.51586511648466e-69 7.340401002415e-79 8.94048873878015e-89 2.73775701924774e-99 2.10698288290199e-110 4.07402917837698e-122 1.97864752118231e-134 2.41320412511682e-147 7.3894879947299e-161 5.68006903707867e-175 1.09583550723035e-189 5.30555582705331e-205 6.44552147875636e-221 1.9646284065572e-237 1.50229896668235e-254 2.88169836189293e-272 1.38651044400785e-290 1.67320717017431e-309 0 0 0 0 0 0 0 0 0 0 0 0 0 0 0 0 0 0 0
8 7 0 0 0 0 0 0 0 0 0 0 0.000132794515590452 0.000599921660398275 0.00226691736339951 0.0071651999205581 0.0189449985095967 0.0419038348229468 0.0775393297786268 0.120036181072212 0.155465260688387 0.168457796622983 0.152716919888627 0.115829553638168 0.0734990821024067 0.0390180159493672 0.0173283041340916 0.00643780889217128 0.00200074456969861 0.000520108950428543 0.000113089204289681 2.05657672395001e-05 3.12778254659488e-06 3.97800592712339e-07 4.23057783764096e-08 3.76189438117977e-09 2.79674461809179e-10 1.73821974765855e-11 9.0308474249111e-13 3.92184813282211e-14 1.42350290179606e-15 4.31815972596299e-17 1.09466182851384e-18 2.31884213004613e-20 4.10433011089763e-22 6.06965855207737e-24 7.49910054795138e-26 7.74016496837095e-28 6.67362363151109e-30 4.80639144037239e-32 2.89133975941877e-34 1.4527117444422e-36 6.0959159984315e-39 2.13627752017198e-41 6.2519652097875e-44 1.5279095638975e-46 3.11805637771942e-49 5.31323994812938e-52 7.55977499866209e-55 8.98086054752138e-58 8.90785517778561e-61 7.37669254461504e-64 5.10810716937565e-67
8 9 0 0 0 0.747505608279742 0.252494384440094 7.28016353524053e-09 7.28815180388043e-27 1.27820638799134e-55 3.45646790431899e-95 1.37755893459571e-145 7.92263820257842e-207 6.49969107873181e-279 0 0 0 0 0 0 0 0 0 0 0 0 0 0 0 0 0 0 0 0 0 0 0 0 0 0 0 0 0 0 0 0 0 0 0 0 0 0 0 0 0 0 0 0 0 0 0 0 0
9 8 0 0 0 0.00210401844927144 0.211754437018594 0.685139362405651 0.100590513282099 0.000411637992642464 3.08517057294307e-08 3.63892555346212e-14 6.37777854380667e-22 1.61757120796124e-31 5.85317612164214e-43 2.99633365129816e-56 2.15829685694932e-71 2.17952739100957e-88 3.07762188401597e-107 6.06515292927813e-128 1.66577455748337e-150 6.36875767013419e-175 3.38668866750462e-201 2.50305921788055e-229 2.56975828416157e-259 3.66296083599979e-291 0 0 0 0 0 0 0 0 0 0 0 0 0 0 0 0 0 0 0 0 0 0 0 0 0 0 0 0 0 0 0 0 0 0 0 0 0
9 10 0 0 0 0 0 1 1.20202211823602e-16 4.89542329004424e-91 8.84051610938288e-228 0 0 0 0 0 0 0 0 0 0 0 0 0 0 0 0 0 0 0 0 0 0 0 0 0 0 0 0 0 0 0 0 0 0 0 0 0 0 0 0 0 0 0 0 0 0 0 0 0 0 0 0
9 14 0 0 0 0 0 0 0.00372032630472748 0.142201375513764 0.56891151568231 0.270875112910538 0.0142224131184142 6.9228674503261e-05 2.77948742996488e-08 8.6889955765908e-13 2.05552858510981e-18 3.62346913464843e-25 4.71626724996969e-33 4.50620369010253e-42 3.14812700045135e-52 1.60367806802403e-63 5.94462969451702e-76 1.60107775726109e-89 3.12945895322876e-104 4.43499815175429e-120 4.55368721538421e-137 3.38545408589573e-155 1.82154178774805e-174 7.0900649503202e-195 1.9957166902832e-216 4.06122073307819e-239 5.97328359597836e-263 6.34853256714599e-288 4.87477431143976e-314 0 0 0 0 0 0 0 0 0 0 0 0 0 0 0 0 0 0 0 0 0 0 0 0 0 0 0 0
9 15 0 0 0 0 0.00710401273220938 0.163919720834096 0.537805201962292 0.270988060402773 0.0199903809661312 0.000192402188833679 2.20884894936856e-07 2.87692519415449e-11 4.13985709884469e-16 6.48506676485569e-22 1.09611722355536e-28 1.98762781449909e-36 3.8518522933631e-45 7.95560190970555e-55 1.74773477312805e-65 4.07775919629288e-77 1.00926505972207e-89 2.64745147840413e-103 7.35479407209997e-118 2.16258375643265e-133 6.72699474014576e-150 2.21277045626828e-167 7.69428523323223e-186 2.82741060560255e-205 1.09771212094667e-225 4.50165542410359e-247 1.94965531728287e-269 8.91606266512229e-293 4.30481867549707e-317 0 0 0 0 0 0 0 0 0 0 0 0 0 0 0 0 0 0 0 0 0 0 0 0 0 0 0 0
9 16 0 0 0 0 0 0 0 0 0.801250264511409 0.198749711885361 2.36032301692298e-08 3.4942955222203e-24 3.61089651972542e-49 2.31415964482584e-83 8.81153926933139e-127 1.95326969694496e-179 2.49260197750175e-241 1.81866467188537e-312 0 0 0 0 0 0 0 0 0 0 0 0 0 0 0 0 0 0 0 0 0 0 0 0 0 0 0 0 0 0 0 0 0 0 0 0 0 0 0 0 0 0 0
10 3 0 0 0 0 0 0 0.00912699373352319 0.1254979307104 0.423279372578274 0.360700613286034 0.0773199538343897 0.00402619736006853 4.88053085500019e-05 1.33108910762651e-07 7.98391696448012e-11 1.03811565097355e-14 2.89956390562588e-19 1.72933968574492e-24 2.19340843749979e-30 5.89927783789026e-37 3.3574026896034e-44 4.03687545789086e-52 1.02422385632104e-60 5.47817325420193e-70 6.17213009569359e-80 1.46393739894619e-90 7.30593246915109e-102 7.66848112400407e-114 1.69226292597988e-126 7.84908183570235e-140 7.64978380320802e-154 1.56624989715987e-168 6.73549740313407e-184 6.08276208758439e-200 1.15342486503239e-216 4.59174192903833e-234 3.83719727428172e-252 6.73059739401297e-271 2.47773594841758e-290 1.91417467991403e-310 0 0 0 0 0 0 0 0 0 0 0 0 0 0 0 0 0 0 0 0 0
10 9 0 0 0 0 0 0.00157397282153521 0.0143163655899314 0.0716869549608402 0.198121036394829 0.302759753466364 0.256034276629548 0.119781085850928 0.0309565570355476 0.00440960927203379 0.000345226699216115 1.480973253614e-05 3.47084080011367e-07 4.43173965839537e-09 3.07548870240436e-11 1.15758947776136e-13 2.35906994503566e-16 2.59924548310639e-19 1.54653044530784e-22 4.96420886044312e-26 8.58958384112217e-30 8.00635736213725e-34 4.01788319323243e-38 1.08506783784823e-42 1.57631507982893e-47 1.23143259419679e-52 5.17172671134473e-58 1.167376164612e-63 1.41593609555308e-69 9.22684357122643e-76 3.22974601950646e-82 6.07192953010677e-89 6.13017352301931e-96 3.32320519979448e-103 9.67243416393711e-111 1.51136392273884e-118 1.26771405723085e-126 5.70768919162124e-135 1.37929401682159e-143 1.78889285625543e-152 1.24514089382613e-161 4.65090181512017e-171 9.3222342581478e-181 1.00264760671424e-190 5.78635231140507e-201 1.79173493116265e-211 2.97673565338333e-222 2.65332688029093e-233 1.26885663234284e-244 3.25532140501525e-256 4.48047162394329e-268 3.30820087504465e-280 1.3103542177237e-292 2.78423105031139e-305 3.17323542354457e-318 0 0
10 11 0 0 0 0 0 0 6.03809181290293e-05 0.00187183006781265 0.024469752499702 0.136123891114093 0.32481101826995 0.334042448859887 0.148087556700942 0.0281720149764171 0.00228198954223484 7.79953281190046e-05 1.11508725252943e-06 6.61922695976387e-09 1.62175405950328e-11 1.63250953117827e-14 6.72842736772376e-18 1.132449965051e-21 7.767907529502e-26 2.16820190617876e-30 2.45970722027401e-35 1.13302860422462e-40 2.11757647180343e-46 1.60474813204161e-52 4.92856621936739e-59 6.13188303679622e-66 3.08936872930769e-73 6.30107896384284e-81 5.20133932848255e-89 1.73728868337874e-97 2.34746814613717e-106 1.28299063091792e-115 2.83581248656762e-125 2.53456608799499e-135 9.15904427017157e-146 1.33804600816488e-156 7.90178137958512e-168 1.88614436883834e-179 1.81964771101046e-191 7.09466398429781e-204 1.11784329801871e-216 7.11720544588775e-230 1.83102647525732e-243 1.90333522735585e-257 7.99378011987591e-272 1.35639945571157e-286 9.29833381296046e-302 2.57506520546812e-317 0 0 0 0 0 0 0 0 0
10 13 0 0 0 0 0.999999999999761 2.96311328798306e-27 1.61452039256486e-146 0 0 0 0 0 0 0 0 0 0 0 0 0 0 0 0 0 0 0 0 0 0 0 0 0 0 0 0 0 0 0 0 0 0 0 0 0 0 0 0 0 0 0 0 0 0 0 0 0 0 0 0 0 0
11 2 0 0 0 0 0.00886951357441078 0.081080106746316 0.283530865364647 0.382874689290079 0.20016782493999 0.0402976861428422 0.00308935722071626 8.90013232309948e-05 9.51653810781836e-07 3.7385993617007e-09 5.35468210221432e-12 2.78027455046412e-15 5.21163346785063e-19 3.51620834941791e-23 8.51942078283965e-28 7.40011866815521e-33 2.30138212479868e-38 2.55983272428075e-44 1.01753503196815e-50 1.44448278095634e-57 7.31918816522484e-65 1.32313361881899e-72 8.53039664335538e-81 1.96073675351471e-89 1.60632770419167e-98 4.68932920229431e-108 4.87707736974157e-118 1.80677034194916e-128 2.38381321957341e-139 1.11997179953616e-150 1.87350135935294e-162 1.11574593693056e-174 2.36536590929901e-187 1.78490356673491e-200 4.79380152481453e-214 4.58208317146494e-228 1.55860176443115e-242 1.88656090707501e-257 8.125431149192e-273 1.24520356649853e-288 6.78942308144838e-305 1.25986739689518e-321 0 0 0 0 0 0 0 0 0 0 0 0 0 0 0
11 10 0 0 0 0 0 0 0.000788118381905621 0.0061982732967842 0.0310859029195783 0.0995261785355733 0.203593715939481 0.266249989145305 0.222642594036623 0.119030054797503 0.0406647650654136 0.00887041910474489 0.00123419272206337 0.000109399717977443 6.17009961395908e-06 2.2113418837663e-07 5.03004451624013e-09 7.25336513767078e-11 6.62373070121855e-13 3.82694900498682e-15 1.39774776179359e-17 3.22489487750324e-20 4.697197458365e-23 4.31679379751648e-26 2.5019465436164e-29 9.14138265405763e-33 2.10479459039706e-36 3.05308398694321e-40 2.78922518831027e-44 1.60451411664525e-48 5.81072772088981e-53 1.32454613266614e-57 1.90013696291131e-62 1.71523430331964e-67 9.74156893784663e-73 3.48059285239497e-78 7.8226401713187e-84 1.10583566692804e-89 9.83173184048006e-96 5.49718111245717e-102 1.93282247339415e-108 4.27326343697611e-115 5.94044937570376e-122 5.1921715691216e-129 2.85317784637523e-136 9.85689887989092e-144 2.14075233050747e-151 2.92274904517863e-159 2.50842479261552e-167 1.35326119725185e-175 4.58902737081913e-184 9.78152331320792e-193 1.31047370314916e-201 1.10350919932432e-210 5.8403645392473e-220 1.94272542176182e-229 4.06156839488242e-239
11 12 0 0 0 0.0845169157969595 0.78518162038902 0.130156975385122 0.000144487975456685 4.53442203534242e-10 3.20480358258284e-18 4.74054644914178e-29 1.42212720101064e-42 8.51340752518306e-59 1.00751551076884e-77 2.34325482355981e-99 1.06681709964146e-123 9.4810851106204e-151 1.64151868342255e-180 5.52833199940252e-213 3.61739082005391e-248 4.59463316248992e-286 0 0 0 0 0 0 0 0 0 0 0 0 0 0 0 0 0 0 0 0 0 0 0 0 0 0 0 0 0 0 0 0 0 0 0 0 0 0 0 0 0
12 11 0 0 0 0.039754793476596 0.426869393614318 0.476685089367509 0.0561135155448955 0.000576767705853115 4.40267820606638e-07 2.3008023883436e-11 7.92223561836237e-17 1.76219026775134e-23 2.50383739254259e-31 2.25673164277595e-40 1.28432966592921e-50 4.60056929699598e-62 1.03487438592497e-74 1.45936139131234e-88 1.28845973426358e-103 7.11491341546484e-120 2.45531760569623e-137 5.29177046276562e-156 7.11896434188966e-176 5.97533184155968e-197 3.12805708168173e-219 1.02098080619183e-242 2.07717736603924e-267 2.63355141024917e-293 2.07507571253324e-320 0 0 0 0 0 0 0 0 0 0 0 0 0 0 0 0 0 0 0 0 0 0 0 0 0 0 0 0 0 0 0 0
12 23 0 0 0 0 0.0566518149817195 0.763685527857044 0.179345685890463 0.000316969628079981 1.642694203653e-09 1.93678196269386e-17 4.7977548382452e-28 2.41481412746439e-41 2.42788195008838e-57 4.82862720224982e-76 1.88805351387815e-97 1.44553221368854e-121 2.16085135996693e-148 6.29369034317638e-178 3.56611017042487e-210 3.92622181764968e-245 8.39148604661448e-283 0 0 0 0 0 0 0 0 0 0 0 0 0 0 0 0 0 0 0 0 0 0 0 0 0 0 0 0 0 0 0 0 0 0 0 0 0 0 0 0
13 10 0 0 0 0 0.999999404480948 5.95519051745751e-07 2.05655365420879e-41 1.44004323990947e-107 1.46806176528384e-205 0 0 0 0 0 0 0 0 0 0 0 0 0 0 0 0 0 0 0 0 0 0 0 0 0 0 0 0 0 0 0 0 0 0 0 0 0 0 0 0 0 0 0 0 0 0 0 0 0 0 0 0
13 14 0 0 0 0 0 0.00385556568637383 0.0287471786189413 0.116319664071202 0.256069657647526 0.307184499639438 0.200883185201281 0.0715494378246719 0.0138521685736745 0.00145366134095232 8.24229707642432e-05 2.51680209324294e-06 4.12592517743781e-08 3.62128685488732e-10 1.69761098511615e-12 4.24205973329173e-15 5.64102996778386e-18 3.98649873050078e-21 1.49551973401794e-24 2.97552021739389e-28 3.13745212319264e-32 1.75212167926872e-36 5.17963291113895e-41 8.10199718726344e-46 6.70322239215357e-51 2.93249556917186e-56 6.78166667795401e-62 8.28857645201933e-68 5.35278994704869e-74 1.82625136331131e-80 3.29119514974245e-87 3.13256381427473e-94 1.574514258069e-101 4.17875144009765e-109 5.85541356540746e-117 4.33153467428126e-125 1.69147275500221e-133 3.48655290755376e-142 3.7932149496445e-151 2.17807583746433e-160 6.60038883713767e-170 1.05554226382741e-179 8.90782493597798e-190 3.96679345198128e-200 9.32100423141465e-211 1.15564814286973e-221 7.55986586411903e-233 2.6092450514273e-244 4.75133515906206e-256 4.56462429330029e-268 2.31351492439848e-280 6.18596559724761e-293 8.72572044463704e-306 6.49054038941646e-319 0 0 0
13 22 0 0 0 0 0.00238603044124659 0.0337511051874923 0.181608062687519 0.376012193926587 0.301358016325043 0.0933160047911217 0.0110642881309656 0.000495951885176357 8.29531484575853e-06 5.11943521586464e-08 1.15555927871958e-10 9.47775636376738e-14 2.81118963937853e-17 3.0049209646702e-21 1.15456138155931e-25 1.59148791927462e-30 7.85870064930626e-36 1.38854492953361e-41 8.77072500448842e-48 1.9790618104373e-54 1.59430756950526e-61 4.58310177406e-69 4.69940234253664e-77 1.71818764388406e-85 2.2393138712223e-94 1.04007723678512e-103 1.72118375727489e-113 1.01465190101472e-123 2.13040700914469e-134 1.59294190561955e-145 4.24104289241276e-157 4.02004171171627e-169 1.35652809353013e-181 1.62939797438686e-194 6.966097143198e-208 1.05994464654652e-221 5.73955926918476e-236 1.1059836154209e-250 7.58348961624438e-266 1.8501942480296e-281 1.60610090423592e-297 4.96040013188794e-314 0 0 0 0 0 0 0 0 0 0 0 0 0 0 0
14 9 0 0 0 0 0 0 0.00131074208649231 0.00740636585188702 0.0294747887056652 0.0826516666048595 0.163367524194992 0.227668261015464 0.223726167491192 0.155026410449158 0.0757371013677821 0.0260802130765619 0.00632777217065634 0.00108125107688494 0.000130049256852805 1.1003864428663e-05 6.54605067445978e-07 2.7362111460467e-08 8.0315740819144e-10 1.65457997646989e-11 2.39100345132956e-13 2.42249896848596e-15 1.72004951719266e-17 8.55525215039253e-20 2.97972982926573e-22 7.26485790850886e-25 1.23951730486758e-27 1.47957240297475e-30 1.23530293638947e-33 7.21225493767422e-37 2.94405395787183e-40 8.40084978775975e-44 1.67547118445965e-47 2.33521824360859e-51 2.27426650787593e-55 1.54749979626954e-59 7.35617339116225e-64 2.44267881944921e-68 5.66550295529802e-73 9.17774918042213e-78 1.03831786367114e-82 8.20340750725945e-88 4.52588742596621e-93 1.74355815097869e-98 4.68998987494294e-104 8.80828465511826e-110 1.15498781246984e-115 1.05733854691543e-121 6.75750700693129e-128 3.01495594200962e-134 9.39041291906313e-141 2.04167108900145e-147 3.09865454694005e-154 3.28274008132567e-161 2.42753846761837e-168 1.25300550635534e-175 4.51427904541949e-183
14 13 0 0 0 0 0 0.158649075535023 0.831535523757684 0.00981539342712933 7.28016353512767e-09 1.1285966937177e-19 2.99581538535794e-35 1.2782063885991e-55 8.5272865721106e-81 8.76748474586652e-111 1.37755891083946e-145 3.28980942576566e-185 1.18979371181476e-229 6.49968103422071e-279 0 0 0 0 0 0 0 0 0 0 0 0 0 0 0 0 0 0 0 0 0 0 0 0 0 0 0 0 0 0 0 0 0 0 0 0 0 0 0 0 0 0 0
14 18 0 0 0 0.999999404480948 5.95519051745751e-07 2.05655365420879e-41 1.44004323990947e-107 1.46806176528384e-205 0 0 0 0 0 0 0 0 0 0 0 0 0 0 0 0 0 0 0 0 0 0 0 0 0 0 0 0 0 0 0 0 0 0 0 0 0 0 0 0 0 0 0 0 0 0 0 0 0 0 0 0 0
14 21 0 0 0 0.00770975770157995 0.113854816683238 0.411584817218897 0.375628180500017 0.0863292900918547 0.00482992080529974 6.30315423211809e-05 1.85336816720188e-07 1.19958125572795e-10 1.68409660418993e-14 5.08067524696328e-19 3.27373396306132e-24 4.48674247127365e-30 1.30410473540869e-36 8.02155727039242e-44 1.04249126052221e-51 2.85902048255643e-60 1.65299705154727e-69 2.01326219298859e-79 5.16213071755071e-90 2.78505343073936e-101 3.16029133467746e-113 7.53967601692848e-126 3.78074082685313e-139 3.98369136685977e-153 8.81821354784264e-168 4.09992805871684e-183 4.00311331745023e-199 8.20691478390644e-216 3.53235519061478e-233 3.19153583654691e-251 6.0525735811138e-270 2.40904158105405e-289 2.01221972115628e-309 0 0 0 0 0 0 0 0 0 0 0 0 0 0 0 0 0 0 0 0 0 0 0 0
15 7 0 0 0 0 0 0.00069305432550108 0.0118974338894764 0.0866654606146615 0.270174576908377 0.362622384360548 0.209904527585847 0.0522379221909934 0.00555034029979031 0.00024955677826358 4.70599950834244e-06 3.69270700899063e-08 1.19802295576039e-10 1.59900478225125e-13 8.74688863087074e-17 1.95538584313513e-20 1.78254801990954e-24 6.61537532503329e-29 9.98177976152317e-34 6.11725409840961e-39 1.52140133228965e-44 1.53454900404759e-50 6.27379064159753e-57 1.03918852807495e-63 6.97121019442103e-71 1.89335157143473e-78 2.08134351203666e-86 9.25853970371587e-95 1.66624167741171e-103 1.21297598849896e-112 3.57122008447304e-122 4.25177991193556e-132 2.04673246519588e-142 3.98327021925502e-153 3.13374841318985e-164 9.96542399667359e-176 1.28085551491698e-187 6.65343506257819e-200 1.39670512793752e-212 1.18481546237572e-225 4.06125527258529e-239 5.6248618478731e-253 3.14764406941361e-267 7.11644891978826e-282 6.50022246026656e-297 2.39863821961939e-312 0 0 0 0 0 0 0 0 0 0 0
15 9 0 0 0 0 0.499999019078106 0.499999019078106 1.9618437884911e-06 1.34347885962024e-20 6.710424024356e-44 2.10586631863087e-76 3.94801489067223e-118 4.32121682976156e-169 2.7272605228283e-229 9.85159603925128e-299 0 0 0 0 0 0 0 0 0 0 0 0 0 0 0 0 0 0 0 0 0 0 0 0 0 0 0 0 0 0 0 0 0 0 0 0 0 0 0 0 0 0 0 0 0 0 0
15 16 0 0 0.0829831587624717 0.739013502674767 0.177385982103381 0.000617341200672971 1.52587053016947e-08 2.14519151402324e-15 1.59295659609751e-24 6.05133855158272e-36 1.15681940246801e-49 1.10232824177405e-65 5.20458564460312e-84 1.21269367843086e-104 1.39054663036083e-127 7.83071215863118e-153 2.16237888846325e-180 2.92458661752142e-210 1.93551512108515e-242 6.26333842044372e-277 9.90445847189386e-314 0 0 0 0 0 0 0 0 0 0 0 0 0 0 0 0 0 0 0 0 0 0 0 0 0 0 0 0 0 0 0 0 0 0 0 0 0 0 0 0
15 17 0 0 0 0.933177253817239 0.0668227461425919 4.01693503975796e-11 6.59730618148858e-31 1.83488985191357e-61 7.78620838334304e-103 4.84729041640415e-155 4.3442445824808e-218 5.54602725594349e-292 0 0 0 0 0 0 0 0 0 0 0 0 0 0 0 0 0 0 0 0 0 0 0 0 0 0 0 0 0 0 0 0 0 0 0 0 0 0 0 0 0 0 0 0 0 0 0 0 0
16 9 0 0 0 0 0 0 0 0 0.000600951034490058 0.00989100193619909 0.0725781106367502 0.239125023436859 0.355593478992818 0.239125023436859 0.0725781106367502 0.00989100193619909 0.000600951034490058 1.61551174101761e-05 1.90814570987108e-07 9.84394048438262e-10 2.20757927912827e-12 2.14408874802824e-15 8.99307203584439e-19 1.62539328372428e-22 1.26373524401084e-26 4.22108859396039e-31 6.0507278804684e-36 3.71912121276782e-41 9.79549380325557e-47 1.10489855641048e-52 5.33490447056791e-59 1.10222367772339e-65 9.74110778529017e-73 3.68146041039127e-80 5.94839554600467e-88 4.1082444824866e-96 1.21257875067465e-104 1.52929450755893e-113 8.24021074259956e-123 1.89669295696474e-132 1.864741993174e-142 7.82996999042533e-153 1.40404856048342e-163 1.07510221167395e-174 3.51504793063027e-186 4.90679413679815e-198 2.9243094571274e-210 7.4401866553346e-223 8.08085814843752e-236 3.74648702363668e-249 7.41422295501849e-263 6.26274484954594e-277 2.25790554703858e-291 3.47435567108403e-306 2.2974052531618e-321 0 0 0 0 0 0
16 15 0 0 0.408746671053001 0.591247519399153 5.80954784628109e-06 1.12858911627697e-19 1.62216721628675e-42 1.47077334453248e-74 7.97945815439879e-116 2.52952650463172e-166 4.62598727073271e-226 4.84348709866668e-295 0 0 0 0 0 0 0 0 0 0 0 0 0 0 0 0 0 0 0 0 0 0 0 0 0 0 0 0 0 0 0 0 0 0 0 0 0 0 0 0 0 0 0 0 0 0 0 0 0
16 18 0 0 0.999999997283414 2.71658571967564e-09 9.16267305761286e-57 1.87282978351862e-147 1.67367088881224e-281 0 0 0 0 0 0 0 0 0 0 0 0 0 0 0 0 0 0 0 0 0 0 0 0 0 0 0 0 0 0 0 0 0 0 0 0 0 0 0 0 0 0 0 0 0 0 0 0 0 0 0 0 0 0
17 6 0 0 0.0538297614317825 0.787513024070803 0.158503342405518 0.000153871839149723 2.52747164237583e-10 5.42015478487821e-19 1.40120586948587e-30 4.22321334514533e-45 1.45905137485962e-62 5.72209591815417e-83 2.53191596428413e-106 1.25889085770829e-132 7.01353213631929e-162 4.3691627406212e-194 3.03878599869335e-229 2.35681699085711e-267 2.03643203616869e-308 0 0 0 0 0 0 0 0 0 0 0 0 0 0 0 0 0 0 0 0 0 0 0 0 0 0 0 0 0 0 0 0 0 0 0 0 0 0 0 0 0 0
17 15 0 0 0 0.420732559803027 0.579195091187496 7.23490094737466e-05 3.09540008239129e-15 1.95158333860322e-32 1.55560362964577e-56 1.48848864089066e-87 1.66990738862059e-125 2.16888851895956e-170 3.23656548254957e-222 5.52210653184561e-281 0 0 0 0 0 0 0 0 0 0 0 0 0 0 0 0 0 0 0 0 0 0 0 0 0 0 0 0 0 0 0 0 0 0 0 0 0 0 0 0 0 0 0 0 0 0 0
17 19 0 0 0 0 0.0981688280586246 0.788363146413488 0.113363703768748 0.000104321491371699 2.677673999568e-10 1.54199205565909e-18 1.85571637911959e-29 4.52599536900996e-43 2.20191100913697e-59 2.11721051499104e-78 4.00017854031847e-100 1.47927966118561e-124 1.06778802836437e-151 1.5014624596183e-181 4.10662778250677e-214 2.18219913109625e-249 2.2508456560837e-287 0 0 0 0 0 0 0 0 0 0 0 0 0 0 0 0 0 0 0 0 0 0 0 0 0 0 0 0 0 0 0 0 0 0 0 0 0 0 0 0
18 14 0 0 0 0.999999999999854 0 0 0 0 0 0 0 0 0 0 0 0 0 0 0 0 0 0 0 0 0 0 0 0 0 0 0 0 0 0 0 0 0 0 0 0 0 0 0 0 0 0 0 0 0 0 0 0 0 0 0 0 0 0 0 0 0
18 16 0 0 0.110557316459688 0.730742022634423 0.158064476693083 0.000636158221711015 2.59910874270743e-08 8.8287131830953e-15 2.32647531667031e-23 4.61312809148023e-34 6.77491829400841e-47 7.30147217593263e-62 5.74086843862181e-79 3.28021654533351e-98 1.3582752735106e-119 4.0678039445796e-143 8.79757062312011e-169 1.37243052132243e-196 1.54292607122707e-226 1.24913271717306e-258 7.27816504197124e-293 0 0 0 0 0 0 0 0 0 0 0 0 0 0 0 0 0 0 0 0 0 0 0 0 0 0 0 0 0 0 0 0 0 0 0 0 0 0 0 0
18 19 0 0 0 0 1.00000000000002 2.07349714984128e-122 0 0 0 0 0 0 0 0 0 0 0 0 0 0 0 0 0 0 0 0 0 0 0 0 0 0 0 0 0 0 0 0 0 0 0 0 0 0 0 0 0 0 0 0 0 0 0 0 0 0 0 0 0 0 0
19 17 0 0 0 0 0.00545696353144135 0.0659572467185593 0.275697225184748 0.404145335071615 0.208677870768104 0.0376744744685323 0.00234134133972024 4.91980920476735e-05 3.44033803540002e-07 7.90835358395364e-10 5.92297039829373e-13 1.43625366971284e-16 1.12260894283353e-20 2.81931329772267e-25 2.26964100198793e-30 5.84663279659181e-36 4.81286288568605e-42 1.26471366127646e-48 1.0600042799611e-55 2.83175259467011e-63 2.4098727591202e-71 6.53016391387506e-80 5.6321944150992e-89 1.54565644593526e-98 1.3493016002592e-108 3.74594767748099e-119 3.30659319800335e-130 9.27870889921887e-142 8.2758582994744e-154 2.345829245912e-166 2.11292293105155e-179 6.04681650243411e-193 5.49772278284012e-207 1.58786372709147e-221 1.45674387680713e-236 4.24483997632956e-252 3.92843048474239e-268 1.15459719288851e-284 1.07763555300628e-301 3.19413440036366e-319 0 0 0 0 0 0 0 0 0 0 0 0 0 0 0 0 0
19 18 0 0 0 0 0.0160058436394649 0.318073530010729 0.566643534966505 0.0979271159169968 0.00134876259616292 1.21280573357526e-06 6.44078631614315e-11 1.93039875380924e-16 3.19219020322109e-23 2.87601110358798e-31 1.40094058009546e-40 3.67117677822974e-51 5.15771883915175e-63 3.8753579180137e-76 1.55446410321354e-90 3.32404230861124e-106 3.78533997286765e-123 2.29365338423974e-141 7.38990489288605e-161 1.2653068668236e-181 1.15079610330454e-203 5.55748942139943e-227 1.42460628521351e-251 1.93787650481045e-277 1.39851914483968e-304 0 0 0 0 0 0 0 0 0 0 0 0 0 0 0 0 0 0 0 0 0 0 0 0 0 0 0 0 0 0 0 0
19 20 0 0 0 0 0 0 0.903199389495434 0.0968006105044222 1.43884050981112e-13 1.15734313385242e-40 2.68546404449342e-83 1.59711750776783e-141 2.33316185129188e-215 8.20566858239042e-305 0 0 0 0 0 0 0 0 0 0 0 0 0 0 0 0 0 0 0 0 0 0 0 0 0 0 0 0 0 0 0 0 0 0 0 0 0 0 0 0 0 0 0 0 0 0 0
19 21 0 0 0 0 0 0.0333694092066953 0.714136199073047 0.251723401274078 0.000770983166016061 7.28016337672571e-09 1.58514816456207e-16 7.28815180142178e-27 6.82465092952333e-40 1.27820638799134e-55 4.73925978065657e-74 3.45646790431899e-95 4.93771926251378e-119 1.37755891081314e-145 7.4895504095997e-175 7.92263644043087e-207 1.62862315273198e-241 6.49968099711712e-279 5.03279970136186e-319 0 0 0 0 0 0 0 0 0 0 0 0 0 0 0 0 0 0 0 0 0 0 0 0 0 0 0 0 0 0 0 0 0 0 0 0 0 0
20 19 0 0 0 0 0 0 0.999999999651255 3.48744864670719e-10 4.33338189260398e-59 3.18483007008891e-151 1.0189938707208e-286 0 0 0 0 0 0 0 0 0 0 0 0 0 0 0 0 0 0 0 0 0 0 0 0 0 0 0 0 0 0 0 0 0 0 0 0 0 0 0 0 0 0 0 0 0 0 0 0 0 0
20 21 0 0 0.453101123157699 0.546576115033935 0.000322761806421922 1.94449738725555e-12 5.89618303349966e-26 7.79457061125015e-45 4.27301079580553e-69 9.49278557509734e-99 8.44035007412071e-134 2.98113455690387e-174 4.16246428061915e-220 2.28994741673209e-271 0 0 0 0 0 0 0 0 0 0 0 0 0 0 0 0 0 0 0 0 0 0 0 0 0 0 0 0 0 0 0 0 0 0 0 0 0 0 0 0 0 0 0 0 0 0 0
20 23 0 0 0 0.158654398212944 0.838365835521331 0.00297976622556485 4.0160046684701e-11 5.91718292563563e-25 7.79354474942446e-45 8.61771007412401e-71 7.7844049946141e-103 5.66282038856272e-141 3.28978861707192e-185 1.51812527422037e-235 5.54473161441885e-292 0 0 0 0 0 0 0 0 0 0 0 0 0 0 0 0 0 0 0 0 0 0 0 0 0 0 0 0 0 0 0 0 0 0 0 0 0 0 0 0 0 0 0 0 0 0
21 14 0 0 0 0.894340884240973 0.105659115553783 2.05244489682474e-10 1.15806271248839e-29 1.11692087936509e-59 1.648473797223e-100 3.57413089076836e-152 1.1163554394243e-214 4.96895532204882e-288 0 0 0 0 0 0 0 0 0 0 0 0 0 0 0 0 0 0 0 0 0 0 0 0 0 0 0 0 0 0 0 0 0 0 0 0 0 0 0 0 0 0 0 0 0 0 0 0 0
21 19 0 0 0 0 0 0.957936581640926 0.04206341835873 3.43985127291975e-13 6.65399610578464e-37 1.87936158960875e-73 6.98790862744769e-123 3.29010478459922e-185 1.92505114757032e-260 0 0 0 0 0 0 0 0 0 0 0 0 0 0 0 0 0 0 0 0 0 0 0 0 0 0 0 0 0 0 0 0 0 0 0 0 0 0 0 0 0 0 0 0 0 0 0 0
21 20 0 0 0.252333512649888 0.73341859704022 0.014247666587297 2.23722594137963e-07 1.34251655412677e-15 2.60467206000832e-27 1.54315502509148e-42 2.72092479704617e-61 1.40840741004112e-83 2.12282713530898e-109 9.26853877933978e-139 1.16810072683542e-171 4.23867277334069e-208 4.4203559406305e-248 1.32298494227935e-291 0 0 0 0 0 0 0 0 0 0 0 0 0 0 0 0 0 0 0 0 0 0 0 0 0 0 0 0 0 0 0 0 0 0 0 0 0 0 0 0 0 0 0 0
21 22 0 0 0 0 0.0190276974391687 0.539855546042365 0.432231542293571 0.0088830253400288 2.18888014768225e-06 4.71930430751773e-12 8.04886211329468e-20 1.04252854960381e-29 1.0051553887959e-41 7.13326479431059e-56 3.70043552401608e-72 1.39686558427722e-90 3.82498484638768e-111 7.5804718388329e-134 1.08548576329392e-158 1.12164653023716e-185 8.35519924113006e-215 4.48312058474354e-246 1.73159795249753e-279 4.8120192047527e-315 0 0 0 0 0 0 0 0 0 0 0 0 0 0 0 0 0 0 0 0 0 0 0 0 0 0 0 0 0 0 0 0 0 0 0 0 0
22 13 0 0 0 0 0.00555165687105104 0.0522503133135844 0.209954318094823 0.362708400385505 0.270238663804698 0.0866860181388096 0.0119002560262625 0.000693218721800729 1.69804475513611e-05 1.73460716500247e-07 7.33917018030928e-10 1.27922304140939e-12 9.14768210303192e-16 2.67539881806837e-19 3.19266386945003e-23 1.55174638183777e-27 3.06749349910486e-32 2.46356854466995e-37 8.03125405112204e-43 1.06201939519544e-48 5.69325153384074e-55 1.23668433517211e-61 1.08806192238376e-68 3.8761212514194e-76 5.58939186284583e-84 3.26172533447745e-92 7.70109589373554e-101 7.35527178564697e-110 2.84128477875589e-119 4.43851732736231e-129 2.8035779965337e-139 7.1596125020223e-150 7.391360596323e-161 3.08444939610181e-172 5.20251841010114e-184 3.54650099442401e-196 9.77029793036979e-209 1.08770271585858e-221 4.893088430603e-235 8.89414478442323e-249 6.53210682695655e-263 1.93825822185297e-277 2.32360367236349e-292 1.12535267704482e-307 0 0 0 0 0 0 0 0 0 0 0 0 0
22 21 0 0 0 0 0.171708812945753 0.814756585640693 0.0135345616982792 3.97152749453677e-08 7.55427575189643e-18 7.6751132946884e-32 3.91311912611331e-50 9.74114564109647e-73 1.16709341053679e-99 6.67326902138674e-131 1.81121148375244e-166 2.32495806906359e-206 1.40785279241223e-250 4.01397578566467e-299 0 0 0 0 0 0 0 0 0 0 0 0 0 0 0 0 0 0 0 0 0 0 0 0 0 0 0 0 0 0 0 0 0 0 0 0 0 0 0 0 0 0 0
22 23 0 0 1.00000000000004 0 0 0 0 0 0 0 0 0 0 0 0 0 0 0 0 0 0 0 0 0 0 0 0 0 0 0 0 0 0 0 0 0 0 0 0 0 0 0 0 0 0 0 0 0 0 0 0 0 0 0 0 0 0 0 0 0 0
23 12 0 0 0 0 0.299254027159882 0.696496029410284 0.00424993989906306 3.53077088091163e-09 1.82049653362927e-19 4.95312870701556e-34 6.72950986975902e-53 4.45324707854359e-76 1.41637627536014e-103 2.14805707568528e-135 1.54548265157108e-171 5.25686039117855e-212 8.43258758608847e-257 6.36763301028875e-306 0 0 0 0 0 0 0 0 0 0 0 0 0 0 0 0 0 0 0 0 0 0 0 0 0 0 0 0 0 0 0 0 0 0 0 0 0 0 0 0 0 0 0
23 20 0 0 0 0.630558094340578 0.369441857446315 4.82131074474125e-08 2.48997093485242e-25 2.28937592819669e-53 3.26090089265619e-92 6.85915412035687e-142 2.08415878325047e-202 9.03884529757091e-274 0 0 0 0 0 0 0 0 0 0 0 0 0 0 0 0 0 0 0 0 0 0 0 0 0 0 0 0 0 0 0 0 0 0 0 0 0 0 0 0 0 0 0 0 0 0 0 0 0
23 22 0 0 0.0824321996155996 0.891646830792133 0.0259209042122412 6.53800262042435e-08 3.61779506185203e-18 3.47063463645509e-33 5.3773030574866e-53 1.3057285012695e-77 4.89280946073898e-107 2.80401253936201e-141 2.4437330961205e-180 3.22644908150391e-224 6.43618131951706e-273 0 0 0 0 0 0 0 0 0 0 0 0 0 0 0 0 0 0 0 0 0 0 0 0 0 0 0 0 0 0 0 0 0 0 0 0 0 0 0 0 0 0 0 0 0 0
