0 1 0 0 0.795460917076006 0.169586512224225 0.0265257539538857 0.00586791678691228 0.00164617736958863 0.00054609773817892 0.000205216404658445 8.49464564384906e-05 3.79929245521251e-05 1.8107826619295e-05 9.1023258826927e-06 4.78766268620702e-06 2.61867623665984e-06 1.48206498427059e-06 8.64413415358003e-07 5.1783611972951e-07 3.17735176924851e-07 1.99211103115466e-07 4.71313329898097e-07
0 2 0 0.665851504203406 0.302392535051081 0.0269237678485916 0.00380961874889781 0.000751682704537877 0.00018647285373608 5.46575445917055e-05 1.8197771737461e-05 6.70166126245426e-06 2.67904644309869e-06 1.14659225260607e-06 5.19894662499598e-07 2.47717227916647e-07 1.23229772818295e-07 6.36671440050336e-08 3.40160347044689e-08 1.87267546611715e-08 1.05910695377079e-08 6.13761200993969e-09 1.19931837962272e-08
1 0 0 0 0.983557882174095 0.0155692214393347 0.000770699726819418 8.38418286221377e-05 1.40250650513321e-05 3.09364285399871e-06 8.29358280102519e-07 2.57290740063037e-07 8.94545144117228e-08 3.40904827339859e-08 1.40129778612911e-08 6.13839483988553e-09 2.83900946001681e-09 1.3761965689125e-09 6.95079672910918e-10 3.64029767026369e-10 1.96903856049671e-10 1.09631012260434e-10 1.96983126550281e-10
1 5 0 0.0575481995137137 0.618070586857028 0.223301262519256 0.0649927422484712 0.0215482357164761 0.00809150819379752 0.00336098934239837 0.00151424575483068 0.000729076890332781 0.000370971254836888 0.000197777551259098 0.000109743922494882 6.30440169603258e-05 3.73339360629381e-05 2.27108185886044e-05 1.41502008542194e-05 9.00799022855073e-06 5.84688662698086e-06 3.86259099207722e-06 8.70379479056549e-06
2 0 0 0.92122887604954 0.0766820589407129 0.00193517854078801 0.0001343541675637 1.60498669603579e-05 2.69661676982111e-06 5.74217958851972e-07 1.45744176496858e-07 4.23837467854934e-08 1.3744617078053e-08 4.87455128026015e-09 1.86339177782757e-09 7.59290531132215e-10 3.2692632882918e-10 1.47702848019092e-10 6.96221995676982e-11 3.40784287510069e-11 1.72532828024099e-11 9.00483448568371e-12 1.62534408154613e-09
2 3 0 0.604309179112172 0.352313468843813 0.0363456619027183 0.00548837235124001 0.00112464491699231 0.00028602110381692 8.53193739682842e-05 2.87754123792481e-05 1.07011934639374e-05 4.31031678495621e-06 1.85567750003513e-06 8.45336450154094e-07 4.04266279437408e-07 2.0169147618507e-07 1.04442272801153e-07 5.589996884236e-08 3.08158071693211e-08 1.74453788197781e-08 1.01167288844464e-08 1.97807885378623e-08
2 11 0 0.999877377314027 0.000122447655617633 1.72202139923888e-07 2.70462450993482e-09 1.18289072890755e-10 9.29528256095862e-12 1.07400592091853e-12 1.63442955983672e-13 3.06186981514767e-14 6.75194861420218e-15 1.6986130686114e-15 4.76501517059725e-16 1.46508695159315e-16 4.87199342032924e-17 1.73387602355938e-17 6.54802816155548e-18 2.60595458183391e-18 1.08663578242129e-18 4.72455793755241e-19 4.91287871914701e-19
3 2 0 0.762569801464153 0.217330335526529 0.0170048658035142 0.00241319528752745 0.000492207168922216 0.000127441588739616 3.91076272470669e-05 1.36385731968981e-05 5.25797101034853e-06 2.19803591284984e-06 9.82488183149263e-07 4.646368253253e-07 2.30596085987676e-07 1.19328139509415e-07 6.40518924964012e-08 3.55119415563564e-08 2.02646817453794e-08 1.18670612770026e-08 7.11368269525504e-09 1.50947537213923e-08
3 4 0.255229294646125 0.658972307390064 0.0713401930782631 0.0110500091604353 0.00240391872247777 0.000657727146924816 0.000211983625653362 7.72821131222504e-05 3.10272263907968e-05 1.34645357981398e-05 6.23072578277418e-06 3.04343510821426e-06 1.55688208780998e-06 8.2893496800751e-07 4.57079576512947e-07 2.59955389405336e-07 1.51975512491833e-07 9.10719799375482e-08 5.58069480211317e-08 3.48972001404855e-08 8.15901925741672e-08
3 10 0 0 0.628824040546711 0.280071531975272 0.0638024952669591 0.0176401469924441 0.00578764159801902 0.00216433145932515 0.000895748775977863 0.000401874835043804 0.000192557303766281 9.74527100840432e-05 5.16581709977887e-05 2.84936677456178e-05 1.62689052938285e-05 9.57497656068564e-06 5.7887215471852e-06 3.58460971384201e-06 2.26810024155142e-06 1.46335050672373e-06 3.07803378962745e-06
4 3 0.768688236203457 0.2293609122423 0.00186400773637182 7.86085096544221e-05 7.02798165581948e-06 9.71372235836963e-07 1.79271225515016e-07 4.07348548488966e-08 1.08385584278673e-08 3.26604366914089e-09 1.08873389197256e-09 3.94641917944864e-10 1.53538536472119e-10 6.34713791236657e-11 2.76569751422007e-11 1.26207748236602e-11 5.99950089852866e-12 2.9578350399432e-12 1.50677738214758e-12 7.90623034444695e-13 1.22965165015028e-12
4 5 0 0.428847054645031 0.452039617947303 0.0888121573508577 0.0208793923534765 0.0060191190111563 0.00202652484905389 0.00076818992888481 0.000319629290744948 0.000143374069372084 6.84276019758612e-05 3.44059663610871e-05 1.80868873808236e-05 9.88116390293094e-06 5.58299168403351e-06 3.24957449022269e-06 1.94208360059435e-06 1.18850928315865e-06 7.43059940422854e-07 4.73664864093656e-07 9.59050636684111e-07
4 8 0 0.135336698441378 0.709563067899247 0.124296437933334 0.022906049030758 0.00545224860812842 0.00157472214094528 0.000525640707810535 0.000196209819547419 8.00577723510179e-05 3.51273193776581e-05 1.63753648962203e-05 8.03594467162433e-06 4.12151602870897e-06 2.19665167145765e-06 1.21096485692896e-06 6.87872547037485e-07 4.01335082132078e-07 2.39862857355359e-07 1.46515298314272e-07 3.24299213439726e-07
5 1 0 0.944799380738643 0.0550203420240034 0.000173863790251778 5.85587501008161e-06 4.78651265190182e-07 6.36563668060662e-08 1.15883084213489e-08 2.6333466040757e-09 7.06537553015725e-10 2.15811713592789e-10 7.31717575767722e-11 2.70381541079721e-11 1.07399234758714e-11 4.53742060043046e-12 2.02193503893821e-12 9.4396398352733e-13 4.59186037870533e-13 2.31681799829542e-13 1.20784128650496e-13 1.86991871367572e-13
5 4 0 0.617176736985593 0.33954002106718 0.0359391237534217 0.00566020601189579 0.00120836947194398 0.000319216988443882 9.86192825035226e-05 3.43582813948207e-05 1.31691882407922e-05 5.45639872234898e-06 2.41230808728367e-06 1.12680152498168e-06 5.51826421836544e-07 2.8159967780831e-07 1.48996469399554e-07 8.14060354017235e-08 4.57712407634523e-08 2.6407996945373e-08 1.55963019103679e-08 3.18569033438852e-08
5 7 0.970619445469097 0.0293396424005539 3.99729538806428e-05 8.78901619265575e-07 5.33660271133799e-08 5.62905556913402e-09 8.46121357911166e-10 1.63181202270404e-10 3.79110465458106e-11 1.01824688043178e-11 3.07302390750209e-12 1.02083948991249e-12 3.67558969544223e-13 1.4174740500233e-13 5.80039193294215e-14 2.49971425680294e-14 1.12759020832352e-14 5.29708206558252e-15 2.58048379759048e-15 1.29892013624534e-15 1.84693608863093e-15
6 7 0 0.999260759331302 0.000725630732383458 1.27772020203226e-05 7.3944969124732e-07 7.81216050631609e-08 1.19822652893612e-08 2.37635935803189e-09 5.69549988343522e-10 1.57982779802318e-10 4.92404953315349e-11 1.68845632748215e-11 6.27037496457473e-12 2.49182790310975e-12 1.04972951912912e-12 4.65270882492727e-13 2.1564970438021e-13 1.03996120344374e-13 5.19615836417699e-14 2.68040754933826e-14 4.03225895208498e-14
6 17 0.361830199655841 0.604170251852072 0.0305787524618899 0.00287343383928782 0.000429498742478332 8.66700550384391e-05 2.15789310354466e-05 6.28092261964135e-06 2.06381920076416e-06 7.4736990480599e-07 2.93157867994776e-07 1.22960259027155e-07 5.46038083327188e-08 2.54738678184462e-08 1.24071122917497e-08 6.27685340902468e-09 3.28460459015554e-09 1.77160148132064e-09 9.81969312972884e-10 5.57922962425609e-10 1.03866396635556e-09
7 5 0.999192290084993 0.000807665352220539 4.41428040551399e-08 2.21242938076998e-10 4.98295057180543e-12 2.47087005568968e-13 2.01144855842574e-14 2.30956108705677e-15 3.41963008103448e-16 6.16282180773404e-17 1.29941010217006e-17 3.11562751760116e-18 8.31766272775138e-19 2.43269049554249e-19 7.69649400795378e-20 2.6074386415922e-20 9.38141259419328e-21 3.56041511070812e-21 1.41724045346605e-21 5.88861659919548e-22 5.54882290556773e-22
7 6 0 0.9633736003472 0.0339806010058665 0.00227295965134856 0.000296354073898206 5.64705099623302e-05 1.3793123181031e-05 4.02115781160852e-06 1.33961642044661e-06 4.95536381321238e-07 1.9949295496053e-07 8.61374675916953e-08 3.9453920755547e-08 1.90074461263149e-08 9.56681256926229e-09 5.00337082814796e-09 2.70694445318848e-09 1.50943600057057e-09 8.64814183468563e-10 5.07763319943923e-10 1.02622767539266e-09
7 8 0 0 0 0.0388706047507895 0.30132601840229 0.270670593073627 0.162947705311391 0.0921056422084829 0.0523898781088879 0.03051797955359 0.0182744056346989 0.0112431124809846 0.00709388637379692 0.00458034081348577 0.00302002323990198 0.0020294588558069 0.00138757099145802 0.000963761067909175 0.000679103158482537 0.000484882789231512 0.00141503318485858
7 15 0 0.12549156583657 0.724680612556149 0.122352250140867 0.0209334422760846 0.00464642339086681 0.00125986838039414 0.000397163080873097 0.000140705385702226 5.47136677945758e-05 2.29587555751542e-05 1.02657592934351e-05 4.84442917916471e-06 2.39461004416646e-06 1.23242845909633e-06 6.57218275375846e-07 3.61691695023714e-07 2.04737582289984e-07 1.18867533804569e-07 7.06144410033004e-08 1.46172620534622e-07
8 4 0 0.346283055478996 0.603348089703688 0.0434883538113417 0.00547391343901171 0.00103467657860213 0.00025434853319782 7.51594816167554e-05 2.54671337860274e-05 9.59694396142492e-06 3.93822443408987e-06 1.73340300959915e-06 8.09129654678986e-07 3.97086010464011e-07 2.03485894404675e-07 1.08290616812397e-07 5.95822994339303e-08 3.37685422933366e-08 1.96533072938507e-08 1.17152912899455e-08 2.45567381835381e-08
8 7 0 0 0 0.665851501471426 0.302392533810368 0.0269237677381238 0.003809618733267 0.000751682701453733 0.000186472852970984 5.46575443674463e-05 1.81977716627958e-05 6.70166123495743e-06 2.6790464321066e-06 1.14659224790161e-06 5.19894660366477e-07 2.47717226900266e-07 1.23229772312685e-07 6.36671437438082e-08 3.40160345649015e-08 1.87267545843359e-08 3.28248518631326e-08
8 9 0 0.983557882189202 0.0155692214395738 0.000770699726831256 8.38418286234254e-05 1.40250650515475e-05 3.09364285404622e-06 8.29358280115258e-07 2.57290740066989e-07 8.94545144130968e-08 3.40904827345095e-08 1.40129778615063e-08 6.13839483997981e-09 2.83900946006042e-09 1.37619656893364e-09 6.95079672921594e-10 3.6402976703196e-10 1.96903856052695e-10 1.09631012262118e-10 6.26531904968283e-11 1.18970552333113e-10
9 8 0 0.999999933521269 6.65117992531094e-08 2.76150227115152e-11 1.36742701046423e-13 2.24239744392678e-15 7.56771667813547e-17 4.16159844846475e-18 3.26355012362006e-19 3.35593304094944e-20 4.27645691602564e-21 6.48810301774756e-22 1.13792490810523e-22 2.25606418163928e-23 4.96892462420216e-24 1.19902609871027e-24 3.13458847118809e-25 8.79666143262336e-26 2.62973226576993e-26 8.32068617360752e-27 4.62829014102349e-27
9 10 0 0.0386466131974509 0.610070240996589 0.245477614893322 0.0700265614374182 0.0221753258098459 0.00790586458252974 0.0031160998955552 0.00133384757630115 0.000611296267930393 0.00029665932829491 0.000151145390404093 8.03005177901628e-05 4.42455333205625e-05 2.51727457357769e-05 1.47340479541339e-05 8.84558883953982e-06 5.4329341332739e-06 3.4064368003856e-06 2.17627255658807e-06 4.41640782108328e-06
9 14 0 0 0.959223546987581 0.0376384998911705 0.0026762122986761 0.000363799313457847 7.15987941443025e-05 1.79602107947174e-05 5.35665646832751e-06 1.82054707111954e-06 6.85563721293491e-07 2.80489290532136e-07 1.22913622425876e-07 5.70717332525549e-08 2.78456998368828e-08 1.41822570524102e-08 7.50018956321533e-09 4.1005916988374e-09 2.30938992123295e-09 1.33568716475366e-09 2.6188443884013e-09
9 15 0 0.33326963401701 0.488662319022801 0.125139564583036 0.0345095762901769 0.0111527839898306 0.00410575315461223 0.00167502043964328 0.000741895755412991 0.000351406433721508 0.000176006169020329 9.24190375962601e-05 5.05354288740536e-05 2.8622917102081e-05 1.67201812458417e-05 1.00378073559456e-05 6.17487776593505e-06 3.88269822175023e-06 2.49023623488029e-06 1.62616774336036e-06 3.53079259485245e-06
9 16 0 0 1.00000000000015 1.05987340692606e-18 1.37600825300667e-51 9.63223603529853e-70 8.81340051132528e-83 4.21202311242776e-93 1.04222956477638e-101 3.99687213266992e-109 1.16175307996576e-115 1.61311859275858e-121 7.79713817040778e-127 1.04545751541425e-131 3.2844545291885e-136 2.12479404473572e-140 2.55821851017517e-144 5.28732981048112e-148 1.75676280658381e-151 8.88965138547477e-155 6.62555221114057e-158
10 3 0 0 0.381013963586815 0.376674429820128 0.142888541691219 0.0549131604082063 0.0229768351358486 0.0104220423223191 0.00506287547175821 0.00260502872844824 0.00140700005251495 0.000792022225608866 0.000462024829338659 0.000278023406220009 0.000171931991883217 0.0001089297786606 7.05226285659891e-05 4.65538219728967e-05 3.12766963729757e-05 2.13517113348654e-05 5.34856927842411e-05
10 9 0 0.624423610823556 0.366134787829553 0.00867303471797763 0.000656463522888453 8.90343034999719e-05 1.70948475965404e-05 4.14798475139098e-06 1.19294518509324e-06 3.90642519145468e-07 1.41774782537893e-07 5.59485505807161e-08 2.36725878778779e-08 1.06251102565048e-08 5.01694857573773e-09 2.47565470719229e-09 1.26986299679983e-09 6.74102688847025e-10 3.68980376950635e-10 2.07608504870562e-10 3.8107003250399e-10
10 11 0 0 0.35248961326916 0.388909534954119 0.152584569921007 0.0589448393253358 0.0245537316547925 0.0110427857932587 0.00530900829622635 0.00270113135412243 0.00144208348733342 0.000802344064591738 0.000462642033709862 0.000275222700734999 0.000168294573147629 0.000105455464635258 6.75404269674185e-05 4.4117302499741e-05 2.93357825789582e-05 1.98260256010611e-05 4.79235701787983e-05
10 13 0 0.528215202310274 0.400871127727381 0.0565143880629564 0.0106313095907588 0.00258581062400765 0.000757884854601601 0.000255365851355114 9.58719490895849e-05 3.924570342095e-05 1.72464834776135e-05 8.0423196318648e-06 3.94438102987631e-06 2.02055645683539e-06 1.07508179036008e-06 5.91460615146609e-07 3.35199411857423e-07 1.95083142745207e-07 1.16287097590907e-07 7.08374499283569e-08 1.5563605198246e-07
11 2 0 0.914504312968821 0.0828172000394251 0.00245521382252544 0.000191995226903104 2.52220303419663e-05 4.59006060428262e-06 1.04759456673142e-06 2.82772003804444e-07 8.69255244920151e-08 2.96537676024298e-08 1.10192686353043e-08 4.3989014549139e-09 1.86653133161759e-09 8.34829999405661e-10 3.90954586021234e-10 1.90657012416621e-10 9.63876361855720e-11 5.03263420513781e-11 2.70514574390087e-11 4.4557367449536e-11
11 10 0 0 0.686930002715908 0.246247550340998 0.0486158390695258 0.0122143192088347 0.00372683837405787 0.00131405951906947 0.00051751193501125 0.000222398329042983 0.000102581377535027 5.01721701024641e-05 2.57829192682251e-05 1.38225775361195e-05 7.68757275863399e-06 4.41531463435935e-06 2.60910789249268e-06 1.58139503388515e-06 9.80575580585852e-07 6.20667205880518e-07 1.22683000425283e-06
11 12 0 0.641730485216693 0.284710844774274 0.0550452280300611 0.0129148864882774 0.00364966986842514 0.00119229163479578 0.000436255400909296 0.00017477084181649 7.54045631422862e-05 3.46083765235288e-05 1.6739154533062e-05 8.46955170688246e-06 4.45672910852106e-06 2.42737856295317e-06 1.36309771138984e-06 7.86630149860524e-07 4.65239726441073e-07 2.81340028074246e-07 1.7360571468219e-07 3.92077840425472e-07
12 11 0 0.893859448537789 0.0951479937104154 0.00913221627954112 0.00143220263531208 0.000306768228769499 8.13402929816098e-05 2.52111121254594e-05 8.80800011322745e-06 3.38436471936409e-06 1.40539438484599e-06 6.22634713722857e-07 2.91416084385612e-07 1.42990288961887e-07 7.31066570797358e-08 3.87535208175577e-08 2.12127285613005e-08 1.19490875938059e-08 6.90683399403722e-09 4.08664862970877e-09 8.38728452978632e-09
12 23 0 0.398556527351973 0.453910273175964 0.10445477280436 0.0280478512654574 0.00903712637778987 0.00334885214622878 0.00138149715586891 0.000620151165130625 0.00029805772957478 0.000151565963601505 8.08191463346258e-05 4.48780554473699e-05 2.58100712204326e-05 1.53063800518088e-05 9.32665016006353e-06 5.82181143035917e-06 3.71353792848661e-06 2.41545068040266e-06 1.59920834291911e-06 3.63455245555588e-06
13 10 0 0.951905999164539 0.0471415120168112 0.000891924008524716 5.35901259063855e-05 5.81803092154913e-06 9.10488441964899e-07 1.83270232791191e-07 4.44049563347967e-08 1.24137400499603e-08 3.89018212479085e-09 1.33864622288403e-09 4.98117543227914e-10 1.98095813085302e-10 8.34268391505919e-11 3.69345794881456e-11 1.70869022436827e-11 8.21970159618414e-12 4.0947091892602e-12 2.10500764137301e-12 3.13502534623788e-12
13 14 0 0.572449856501192 0.413701947038697 0.0125699055981363 0.00107518154084841 0.000158485867225199 3.24356783667921e-05 8.29104066814488e-06 2.49204728287394e-06 8.47974038019753e-07 3.18400250566257e-07 1.29551613722685e-07 5.63602583492419e-08 2.5949984055229e-08 1.25453087857723e-08 6.32782411126999e-09 3.31303273697662e-09 1.79291547447552e-09 9.99370408902846e-10 5.72052121411396e-10 1.09252726208128e-09
13 22 0 0.99768959260234 0.00229820456065066 1.17961475219891e-05 3.75956581775816e-07 2.69926733823708e-08 3.11583200611592e-09 4.93628948746109e-10 9.82587228107614e-11 2.32630268275637e-11 6.31504177250913e-12 1.91556147912822e-12 6.3710196003474e-13 2.29030922351319e-13 8.80074030631342e-14 3.58302008946094e-14 1.53456669105561e-14 6.87363908817633e-15 3.20434145213681e-15 1.54833398647287e-15 2.01770367661356e-15
14 9 0 0 0.277708164074436 0.404348561688235 0.181260286852708 0.0744847880600312 0.0320641925580985 0.0146881680429069 0.00713328430336797 0.00364729601904828 0.00195025260403278 0.00108423791737985 0.000623672895411365 0.000369680179860678 0.000225040908515251 0.000140290007601733 8.93461045343715e-05 5.80116971781685e-05 3.83335933125397e-05 2.57397084255148e-05 6.06524565702709e-05
14 13 0 0.229183615907388 0.688774051035954 0.0698972767983779 0.00960020877440004 0.00186949395793287 0.000463178583889314 0.000136504513474211 4.58712948501846e-05 1.70878826538851e-05 6.91857723651147e-06 3.00107956883442e-06 1.37963433027158e-06 6.66555176309598e-07 3.36213799291632e-07 1.76109839119936e-07 9.53767830827927e-08 5.32130463949048e-08 3.0492136199953e-08 1.78990504828425e-08 3.6100113809672e-08
14 18 0 0.677269463602 0.252598418091728 0.0508303136049193 0.0129063622159966 0.00396574957740299 0.00140548333246161 0.000555713075184381 0.000239575337688908 0.000110794497331646 5.43090693653152e-05 2.79617046346104e-05 1.50153000717689e-05 8.36296098607279e-06 4.80935116688984e-06 2.8451884502746e-06 1.7262475140016e-06 1.07138219796018e-06 6.78712344555483e-07 4.38039753094328e-07 9.08708801539149e-07
14 21 0 0.999999999995924 4.32619009360412e-12 5.44235777776732e-17 2.76058185571496e-20 8.12486276455848e-23 6.83414976648062e-25 1.16389458016621e-26 3.30035857591024e-28 1.37870251966619e-29 7.81660153806407e-31 5.6765406930983e-32 5.06110627093014e-33 5.36491321204929e-34 6.59498876462752e-35 9.2176278674696e-36 1.44162300234216e-36 2.49019985222669e-37 4.69949088816357e-38 9.60149291755266e-39 2.65679394558819e-39
15 7 0 0.346283055478996 0.603348089703688 0.0434883538113417 0.00547391343901171 0.00103467657860213 0.00025434853319782 7.51594816167554e-05 2.54671337860274e-05 9.59694396142492e-06 3.93822443408987e-06 1.73340300959915e-06 8.09129654678986e-07 3.97086010464011e-07 2.03485894404675e-07 1.08290616812397e-07 5.95822994339303e-08 3.37685422933366e-08 1.96533072938507e-08 1.17152912899455e-08 2.45567381835381e-08
15 9 0 0.263014494123577 0.511064607739962 0.154256182962415 0.0457984300631067 0.0154291710177514 0.00583033274144274 0.00242035093949553 0.00108492128138953 0.000518186195693934 0.000261047556603831 0.000137614777562523 7.54414737424782e-05 4.27935735843754e-05 2.50148291992209e-05 1.50177099727465e-05 9.23367147427561e-06 5.80065680896276e-06 3.71562330855254e-06 2.42259561565128e-06 5.2200905212993e-06
15 16 0.980082977913433 0.0199063691273642 1.05131399134444e-05 1.33696793017877e-07 5.45291690104751e-09 4.18686347926487e-10 4.82059343066422e-11 7.37876839974743e-12 1.3969477748923e-12 3.12069759847683e-13 7.96279205127588e-14 2.26674739158894e-14 7.07320683506371e-15 2.38681146662688e-15 8.61732524676501e-16 3.30033657065135e-16 1.33149463202848e-16 5.62606008563078e-17 2.4777056882404e-17 1.13264859711216e-17 1.30222303903994e-17
15 17 0 0.913949270759299 0.0782624697559966 0.00658468958658412 0.000945172641727807 0.000189181502534649 4.74588228433586e-05 1.40331927958258e-05 4.70544727642063e-06 1.74316091578926e-06 7.0040950656174e-07 3.01120848501265e-07 1.3709369155316e-07 6.55670027671149e-08 3.27311602136759e-08 1.69664562790904e-08 9.09327535920433e-09 5.0211590057837e-09 2.84799931158555e-09 1.6550819804945e-09 3.25632434555229e-09
16 9 0 0 0.886431809540105 0.112887493831357 0.000650082690800551 2.7540895135466e-05 2.59105960929574e-06 3.81075250635431e-07 7.49985244734888e-08 1.81582980187505e-08 5.13846643909011e-09 1.64311854253621e-09 5.79906711372298e-10 2.22054914944727e-10 9.1070065072776e-11 3.96072102922113e-11 1.81231503521682e-11 8.66957417164724e-12 4.31331817024485e-12 2.22231012499976e-12 3.36807010910025e-12
16 15 0.397675152108667 0.573858926048316 0.0257233537198121 0.00231396982696106 0.00033769159064786 6.70992013192325e-05 1.6525837016328e-05 4.77163286686821e-06 1.55826195387884e-06 5.61569870729277e-07 2.19427329204092e-07 9.17475741239509e-08 4.06389134450469e-08 1.89191170991713e-08 9.19862803968626e-09 4.64698724271869e-09 2.42883639713409e-09 1.30875360933766e-09 7.2484226569587e-10 4.11565831275788e-10 7.65391525857472e-10
16 18 0.387502151013323 0.583634963826539 0.0261386462332137 0.00230694644649211 0.000330387173069896 6.45211334969817e-05 1.5641286790548e-05 4.4509915313788e-06 1.43411454651452e-06 5.10392183745977e-07 1.97103592902592e-07 8.15085414745356e-08 3.57288642153943e-08 1.64694775833658e-08 7.93252785680242e-09 3.97151264812268e-09 2.05800682146625e-09 1.09982381094239e-09 6.04316694441015e-10 3.40520896917056e-10 6.21907510384693e-10
17 6 0.351763239455247 0.608116022994873 0.035581165899421 0.00374267882660893 0.000611555985634882 0.000132923064684712 3.52861999368126e-05 1.08694231223729e-05 3.75816132219928e-06 1.42554197180692e-06 5.83536100878167e-07 2.54625012949455e-07 1.17322541606231e-07 5.66613676359157e-08 2.85124809700954e-08 1.48771628347222e-08 8.01681402344193e-09 4.44654890198899e-09 2.53134274355242e-09 1.47547562986524e-09 2.91780278257155e-09
17 15 0 0.744637184162062 0.210169395708277 0.0344459897628481 0.00757118222839009 0.00207842404971954 0.00067102226924964 0.000244933001409103 9.84361041171312e-05 4.2755131107152e-05 1.98003120958977e-05 9.67804855449013e-06 4.95364728660779e-06 2.63871344256273e-06 1.45554182481296e-06 8.28044477024944e-07 4.84187542690265e-07 2.90185360205683e-07 1.77826974908539e-07 1.11195906307889e-07 2.59879355454797e-07
17 19 0 0.959611130589414 0.0392406557378699 0.00104748807236348 8.54930991655173e-05 1.20344454391489e-05 2.35975446242741e-06 5.80135581412413e-07 1.68315449622464e-07 5.54610890930587e-08 2.02221320528242e-08 8.00926409763272e-09 3.39883715843215e-09 1.52931903473397e-09 7.23677811467237e-10 3.57799005491087e-10 1.83857115079065e-10 9.77631529664059e-11 5.35973365303406e-11 3.02030832547302e-11 5.56457677389248e-11
18 14 0 1.00000000080542 7.93405572408899e-12 6.74802552736949e-16 1.36718128203088e-18 1.20896475200977e-20 2.55103642531623e-22 9.61521724730508e-24 5.5009307646398e-25 4.31698347128762e-26 4.34366923046124e-27 5.34377066439624e-28 7.76373746433974e-29 1.29758404289216e-29 2.44463776612673e-30 5.10879687425162e-31 1.16899565646134e-31 2.89790065392098e-32 7.71439565119401e-33 2.18904150150409e-33 1.01039393342828e-33
18 16 0.925686415268435 0.0741414397665564 0.000167675205955171 4.16892128915608e-06 2.66529137581183e-07 2.88089443438178e-08 4.37882658627098e-09 8.47588647600222e-10 1.96740202435436e-10 5.26404274507834e-11 1.57950306159737e-11 5.20975833111732e-12 1.86074824472867e-12 7.11365173510229e-13 2.88438712862763e-13 1.2313130707701e-13 5.50071764585918e-14 2.55879764379224e-14 1.23423459551488e-14 6.15122131596938e-15 8.53798659053844e-15
18 19 0 0.999999934563322 6.55352078742097e-08 9.02619994484357e-14 1.69641442017294e-17 2.66188454804133e-20 1.41190395373775e-22 1.66760606545415e-24 3.4852478843338e-26 1.11935313689498e-27 5.03267771595573e-29 2.96799987066999e-30 2.18973911994879e-31 1.95036227557626e-32 2.04025117620435e-33 2.45279590296677e-34 3.33009972925109e-35 5.03345474857794e-36 8.3704072881234e-37 1.51630612495286e-37 3.5592119258672e-38
19 17 0 0.843383576176905 0.147042573146675 0.00833887992922057 0.000994082764306727 0.000179829280485907 4.24845305988821e-05 1.21055047744766e-05 3.96687528260583e-06 1.44940179388712e-06 5.77996134482626e-07 2.47716511462866e-07 1.12788482885957e-07 5.40749086041899e-08 2.71087417002147e-08 1.41307669266245e-08 7.62384022245009e-09 4.24116803017886e-09 2.42504598940324e-09 1.42137238209337e-09 2.86298489302571e-09
19 18 0 0.98188536483778 0.0178089585474939 0.00028588152894151 1.73894559696878e-05 1.98052750935674e-06 3.28497905595958e-07 7.02670651547466e-08 1.80892235518078e-08 5.36603147382153e-09 1.78122423499682e-09 6.48011245818691e-10 2.54437923281804e-10 1.06573167776381e-10 4.71875393279873e-11 2.19266445087071e-11 1.06299544166548e-11 5.35065160478538e-12 2.78515606009142e-12 1.4941235636702e-12 2.45887365391762e-12
19 20 0 0 0.741637959597099 0.209199742187747 0.0366395461427838 0.00858846948228285 0.00249809494658497 0.000849609576064879 0.000325134171778844 0.000136456311599264 6.16916973371559e-05 2.96555109239588e-05 1.50101276991394e-05 7.93945429258587e-06 4.3625821483532e-06 2.47839053616851e-06 1.45002591397103e-06 8.70882456084353e-07 5.35483152073413e-07 3.36309317543205e-07 6.57120282854251e-07
19 21 0 0.937980021298388 0.0618805141737705 0.000135736956832822 3.46857463374369e-06 2.28520285639136e-07 2.54145608102811e-08 3.96646500028703e-09 7.86849896429086e-10 1.86865176051928e-10 5.10792658397592e-11 1.56378955292835e-11 5.25676727420397e-12 1.91161202687774e-12 7.43414403023012e-13 3.06389293283425e-13 1.32849436558913e-13 6.02421507580519e-14 2.84282930031847e-14 1.3903109215788e-14 1.86348448046295e-14
20 19 0 0 0.885445905773935 0.100296561244822 0.0114353555336194 0.00207965351960418 0.000505914027714231 0.000150005407912483 5.13780521254355e-05 1.96512149189765e-05 8.20408754777375e-06 3.67851371418111e-06 1.75039107518195e-06 8.75950518848698e-07 4.57756718652292e-07 2.48402211296112e-07 1.39335081195512e-07 8.04859272084761e-08 4.77282598700891e-08 2.89789393558771e-08 6.3595354555308e-08
20 21 0.543676425913971 0.443893616297797 0.0114784615130546 0.000822395104877777 0.000104335357794355 1.87611189792712e-05 4.27839953286294e-06 1.16080804602574e-06 3.59878936549535e-07 1.24051943717478e-07 4.662971310526e-08 1.88406763148889e-08 8.09378496492405e-09 3.66534712661163e-09 1.73790376050331e-09 8.57987002526529e-10 4.39037010215843e-10 2.31972256797943e-10 1.26151544885125e-10 7.04180268730909e-11 1.26040464463628e-10
20 23 0 0.97777520331072 0.0210887749380524 0.00101083544588657 0.000104030540128767 1.6444605826763e-05 3.43651336272228e-06 8.75586878971472e-07 2.58957814465014e-07 8.60749978318209e-08 3.14393518736913e-08 1.24140993023092e-08 5.23430824224858e-09 2.33440806772311e-09 1.09296016775345e-09 5.33966599270988e-10 2.70866885519499e-10 1.42084363038822e-10 7.68047434333457e-11 4.26590494652244e-11 7.56936131661406e-11
21 14 0 0.999999704983533 2.93911604145683e-07 7.92851685727857e-10 1.49981539707405e-11 7.09680745142384e-13 5.80043326831925e-14 6.84676055342689e-15 1.05462015715774e-15 1.98936232113766e-16 4.40377110956579e-17 1.11006423656195e-17 3.11653579493938e-18 9.58319487724087e-19 3.18564595742169e-19 1.13301466944463e-19 4.27552131785252e-20 1.70010335496023e-20 7.08295658320212e-21 3.07695867604739e-21 3.19406263179109e-21
21 19 0 0.312581533840279 0.625109346973642 0.0529929538087145 0.00728711769350092 0.0014654749405579 0.000378061858893173 0.000116249567265968 4.07509460371327e-05 1.58196003550585e-05 6.66585158757443e-06 3.00489258814401e-06 1.43354899737122e-06 7.17776587439805e-07 3.74724454709091e-07 2.02906457878499e-07 1.13468860294493e-07 6.52998355095943e-08 3.85576038775481e-08 2.33011075330362e-08 5.04426738100633e-08
21 20 0.851890457815223 0.146956891127391 0.00109512679478605 5.13641911301646e-05 5.14782673684735e-06 7.92499747311367e-07 1.61630926314158e-07 4.02913076157263e-08 1.16859312897604e-08 3.81713854983863e-09 1.37261852588756e-09 5.34430506286255e-10 2.22499703923448e-10 9.80977514356603e-11 4.54519284569382e-11 2.19951484660277e-11 1.1060799479819e-11 5.75583531970205e-12 3.08859964924022e-12 1.70391265989031e-12 2.97941694525883e-12
21 22 0 0.989768369971302 0.0101029593808783 0.000121568979209533 6.32944777179157e-06 6.46961708089812e-07 9.87136667023031e-08 1.97231378556428e-08 4.79235304950331e-09 1.35201143149524e-09 4.2929255791023e-10 1.5007316404621e-10 5.68315006671441e-11 2.30284861303555e-11 9.8893564749784e-12 4.46668683542581e-12 2.10880867091026e-12 1.03542864790714e-12 5.26502542654111e-13 2.76269947181626e-13 4.32571093089929e-13
22 13 0 0.335595083142735 0.508135544843319 0.115836539855182 0.0280235280590464 0.00803527059137663 0.0026555681400872 0.00098236165076054 0.000397812483899638 0.000173472369031779 8.04576080490584e-05 3.9317456457042e-05 2.00945540969966e-05 1.06780631836691e-05 5.87165429580349e-06 3.32800626520258e-06 1.93798494230624e-06 1.15629878009387e-06 7.05232324519224e-07 4.38803093243865e-07 8.33203073554101e-07
22 21 0 0.543243806509196 0.389121772808272 0.0538752196432199 0.0101375526894422 0.00247734160105893 0.000730575306981007 0.000247802589117012 9.36608173347116e-05 3.85967952409716e-05 1.70721793563455e-05 8.01163779299491e-06 3.95355349284498e-06 2.03734853064558e-06 1.09028542623524e-06 6.03185406984669e-07 3.4370049370756e-07 2.01084240698285e-07 1.20477099614645e-07 7.37543361925743e-08 1.64033960389495e-07
22 23 0.92589003075204 0.0738246007278852 0.000274785761140766 9.64605423170525e-06 8.02945269786587e-07 1.07777657449964e-07 1.97147330449366e-08 4.49013452632277e-09 1.20554471946716e-09 3.68105088101124e-10 1.24676256061938e-10 4.59988410284216e-11 1.82367663734191e-11 7.68815127674594e-12 3.41795029126789e-12 1.59177191386681e-12 7.72321760482395e-13 3.88646811801299e-13 2.02071592131329e-13 1.08206603768848e-13 1.76865684150354e-13
23 12 0 0.974097197985132 0.0253851134427895 0.000481146816786206 3.18375695548378e-05 3.83637788645103e-06 6.63828539763558e-07 1.46882936506204e-07 3.88926224497654e-08 1.18184344987695e-08 4.00641511163953e-09 1.48496327663854e-09 5.92901338502227e-10 2.52137769628122e-10 1.13198806198468e-10 5.32762031877459e-11 2.61354285668623e-11 1.33010952140134e-11 6.99524130013821e-12 3.78912347550649e-12 6.37216374161377e-12
23 20 0 0.927155475950046 0.0672466673389738 0.0048336302268002 0.00061585771683879 0.000111874800132179 2.58448857425016e-05 7.11072945390333e-06 2.23585110596177e-06 7.81477033370328e-07 2.9772152141244e-07 1.2185698999715e-07 5.29994810673582e-08 2.4286310702468e-08 1.16457328629512e-08 5.81159916121696e-09 3.00456408812816e-09 1.60319383729119e-09 8.80093670705258e-10 4.95718445329737e-10 9.06171533633669e-10
23 22 0.832849374032771 0.165543768613398 0.001517097353734 7.93500811179592e-05 8.5889421370234e-06 1.40464801607491e-06 3.01225052791115e-07 7.83992397850134e-08 2.36181643802048e-08 7.98125578902479e-09 2.95975558403562e-09 1.18534555364041e-09 5.06516210525698e-10 2.28790811937228e-10 1.08433803184229e-10 5.36016957769868e-11 2.75014859719954e-11 1.45859366879238e-11 7.96951468568331e-12 4.47292599826056e-12 8.13960416548081e-12
