0 1 0 0 0.975091869832343 0.0249081301676594 3.20711540387803e-19 1.37685195260516e-56 1.11202446406249e-114 1.51281305909402e-193 3.32924812669349e-293 0 0 0 0 0 0 0 0 0 0 0 0
0 2 0 0.612439244371591 0.387560755618959 9.44978337154657e-12 9.35175246871876e-40 1.35493468540106e-85 2.47614339089049e-149 5.43113380024985e-231 0 0 0 0 0 0 0 0 0 0 0 0 0
1 0 0 0 0.999999999999968 3.56097733171066e-23 2.16532704177958e-124 1.09502943391982e-308 0 0 0 0 0 0 0 0 0 0 0 0 0 0 0
1 5 0 0.00073868332809078 0.637192614766105 0.362016976268571 5.17256371709636e-05 6.23152867606065e-14 3.66218613991262e-28 9.29384764198568e-48 9.74101434114873e-73 4.12877764858094e-103 6.99548934213809e-139 4.70474317867275e-180 1.25019581371533e-226 1.30848581896526e-278 0 0 0 0 0 0 0
2 0 0 0.999999713348346 2.86651654048254e-07 2.75440538305379e-89 1.1338314255917e-268 0 0 0 0 0 0 0 0 0 0 0 0 0 0 0 0
2 3 0 0.448648599984877 0.551351393177809 6.83731442505025e-09 7.95020123012596e-31 2.78209010249019e-67 2.49449489276403e-118 5.4377929514527e-184 2.81472334414132e-264 0 0 0 0 0 0 0 0 0 0 0 0
2 11 0 1.00000000000009 4.65012369513092e-155 0 0 0 0 0 0 0 0 0 0 0 0 0 0 0 0 0 0
3 2 0 0.91149186166784 0.088508138332098 2.09243251038545e-25 1.0192135418782e-83 4.18529871912038e-177 1.26859556497251e-305 0 0 0 0 0 0 0 0 0 0 0 0 0 0
3 4 0.0284454614065168 0.971507076123187 4.74624702966054e-05 1.37110245038697e-22 1.34931463460683e-54 3.50447553021433e-101 2.23838463881482e-162 3.41391486818746e-238 0 0 0 0 0 0 0 0 0 0 0 0 0
3 10 0 0 0.483000989703123 0.51692283939166 7.61709052038316e-05 1.29805275433283e-14 1.21988085644362e-30 5.47599808155905e-53 1.11720424670002e-81 1.01250458016072e-116 4.02610417823771e-158 6.97213770257416e-206 5.23295034356513e-260 1.71193746283992e-320 0 0 0 0 0 0 0
4 3 0.919243170171084 0.0807568298288523 3.86200352920973e-84 1.98423533478307e-306 0 0 0 0 0 0 0 0 0 0 0 0 0 0 0 0 0
4 5 0 0.0707009873582838 0.929233235177502 6.57774642146266e-05 3.83864987046717e-20 2.1820771615912e-47 9.59833063401562e-87 3.05669766537272e-138 6.85123335658565e-202 1.06511917706572e-277 0 0 0 0 0 0 0 0 0 0 0
4 8 0 0.00716705712943382 0.9818067079055 0.011026234964006 1.06032116425416e-12 3.0216340125582e-32 1.83451497276509e-61 2.18130902288064e-100 4.91146472344098e-149 2.05922127496594e-207 1.59230686878019e-275 0 0 0 0 0 0 0 0 0 0
5 1 0 0.999999997283414 2.71658551408281e-09 1.64885975232875e-281 0 0 0 0 0 0 0 0 0 0 0 0 0 0 0 0 0
5 4 0 0.469341652842028 0.530658347154179 3.79309987174374e-12 1.95173885116213e-43 2.03147851963438e-95 3.63623249524879e-168 1.0620891099335e-261 0 0 0 0 0 0 0 0 0 0 0 0 0
5 7 0.999999999959831 4.01693765635207e-11 5.44720871145844e-292 0 0 0 0 0 0 0 0 0 0 0 0 0 0 0 0 0 0
6 7 0 0.999999999999996 1.45492338059381e-107 0 0 0 0 0 0 0 0 0 0 0 0 0 0 0 0 0 0
6 17 0.0820375049663724 0.917962494972077 6.1827044590626e-11 1.918281218725e-46 2.10946267997607e-108 6.65849360291521e-197 5.67186596253934e-312 0 0 0 0 0 0 0 0 0 0 0 0 0 0
7 5 1 1.14528081953244e-62 0 0 0 0 0 0 0 0 0 0 0 0 0 0 0 0 0 0 0
7 6 0 0.99999999999948 5.20413086792598e-13 1.04156678954375e-75 3.56293119008565e-193 0 0 0 0 0 0 0 0 0 0 0 0 0 0 0 0
7 8 0 0 0 0.00377938675268995 0.0780189597447589 0.36521708749324 0.42284367668863 0.121590327710259 0.0084159762674974 0.000134111135399524 4.73845634789916e-07 3.61831090130825e-10 5.87581799834654e-14 2.00873004048616e-18 1.43619184127548e-23 2.13804365766553e-29 6.60669667342477e-36 4.2280136169319e-43 5.59423362620146e-51 1.52839727379563e-59 8.62227098610548e-69
7 15 0 0.0200968024631396 0.95463519894339 0.0252679972970471 1.2964228289707e-09 1.1928713143745e-23 1.45565736778687e-44 2.17186957118915e-72 3.83334554065936e-107 7.8719758859904e-149 1.86304041474298e-197 5.05137763453251e-253 1.56286995243928e-315 0 0 0 0 0 0 0 0
8 4 0 0.0890486583180845 0.910950760670136 5.8101177868277e-07 8.87469380170959e-29 3.57599950952132e-67 3.06091935864098e-122 5.22340809182455e-194 1.72938935242254e-282 0 0 0 0 0 0 0 0 0 0 0 0
8 7 0 0 0 0.608650995948727 0.39134900400624 4.50327927524429e-11 3.3743012920081e-37 6.08806918395213e-80 2.28028946785535e-139 1.68725723768902e-215 2.41125155449991e-308 0 0 0 0 0 0 0 0 0 0
8 9 0 0.99999999999972 7.28815341221898e-27 1.37989614034722e-145 0 0 0 0 0 0 0 0 0 0 0 0 0 0 0 0 0
9 8 0 1 0 0 0 0 0 0 0 0 0 0 0 0 0 0 0 0 0 0 0
9 10 0 0.00507046269862187 0.548231823640977 0.444302546872657 0.00239514858047182 1.82072727505203e-08 1.26346894075827e-16 7.13330339110029e-28 3.1359518231533e-42 1.05116676490643e-59 2.65551215970771e-80 5.02020806347211e-104 7.06935788035728e-131 7.39157006257745e-161 5.72527751144989e-194 3.27960043006885e-230 1.38754432238168e-269 4.3314706796712e-312 0 0 0
9 14 0 0 0.999999999977745 2.225495013328e-11 1.99219765114662e-66 5.79096601753494e-170 2.22329540628561e-322 0 0 0 0 0 0 0 0 0 0 0 0 0 0
9 15 0 0.0405119462094993 0.940958071518391 0.0185299806116444 1.66046508257889e-09 9.71951922072627e-23 2.8377350480785e-42 3.82981137578189e-68 2.31517769059622e-100 6.16942028280495e-139 7.18043483011222e-184 3.62898025053731e-235 7.93340908032997e-293 0 0 0 0 0 0 0 0
9 16 0 0 1 5.45613712164991e-144 0 0 0 0 0 0 0 0 0 0 0 0 0 0 0 0 0
10 3 0 0 0.0554910532649643 0.833038813454432 0.111442392639529 2.77406372173927e-05 3.85734566484995e-12 2.31243276384234e-22 5.52735526403143e-36 5.09832391654197e-53 1.78476342367665e-73 2.34867901034042e-97 1.15492095430734e-124 2.11362386037655e-155 1.43559540778369e-189 3.61143139822174e-227 3.35973613789844e-268 1.15451191613073e-312 0 0 0
10 9 0 0.477664657483331 0.522335342516669 1.33375667650262e-23 8.37800590264865e-89 2.60030568150042e-197 0 0 0 0 0 0 0 0 0 0 0 0 0 0 0
10 11 0 0 0.0624548084894601 0.761743902041852 0.175460957713102 0.000340329482810801 2.27277547454664e-09 4.08455811477693e-17 1.82688029524045e-27 1.96734087664378e-40 5.01567948042565e-56 2.99809234263629e-74 4.17621979666831e-95 1.35015031023884e-118 1.01020052383317e-144 1.74567336609782e-173 6.95626670721617e-205 6.38455653382828e-239 1.34840694648119e-275 6.54821304280474e-315 0
10 13 0 0.22403936784406 0.775960606725713 2.54302283397615e-08 1.0797150210633e-31 1.16423031975583e-71 2.64259505441319e-128 1.19162477126784e-201 1.04072587742097e-291 0 0 0 0 0 0 0 0 0 0 0 0
11 2 0 0.999476677729539 0.000523322270476361 1.55805632358978e-40 3.72418035538776e-120 4.05193639619093e-243 0 0 0 0 0 0 0 0 0 0 0 0 0 0 0
11 10 0 0 0.650349288609225 0.349646930858323 3.78053245166392e-06 5.25714239109643e-18 4.98285589509838e-37 2.83161410719232e-63 9.21625202635582e-97 1.68168960037416e-137 1.70028770531267e-185 9.45802051607296e-241 2.8811727249575e-303 0 0 0 0 0 0 0 0
11 12 0 0.555230764788793 0.444769097027254 1.38183953566159e-07 1.85649437627027e-24 4.48583640401873e-52 1.68403760256875e-90 9.34756269601637e-140 7.49963901842155e-200 8.59130508601914e-271 0 0 0 0 0 0 0 0 0 0 0
12 11 0 0.99995284082875 4.71591712505465e-05 5.03450638900787e-36 1.20230170329873e-98 4.24825602456574e-193 2.02764541053248e-319 0 0 0 0 0 0 0 0 0 0 0 0 0 0
12 23 0 0.104618950242171 0.883911602985101 0.0114694435331486 3.23957954357834e-09 5.13042048746202e-21 3.64754050638057e-38 1.08809403423858e-60 1.32306194953925e-88 6.46003065242696e-122 1.2555463659172e-160 9.65979824932747e-205 2.93102662625981e-254 3.49820071334829e-309 0 0 0 0 0 0 0
13 10 0 0.999999585778901 4.14221100001463e-07 4.56040835152912e-71 1.64850782485566e-206 0 0 0 0 0 0 0 0 0 0 0 0 0 0 0 0
13 14 0 0.362911928418584 0.637088071581416 2.5760123959184e-18 5.08986832992211e-70 8.952403205614e-157 1.17919108815285e-278 0 0 0 0 0 0 0 0 0 0 0 0 0 0
13 22 0 1 4.35829718460691e-59 0 0 0 0 0 0 0 0 0 0 0 0 0 0 0 0 0 0
14 9 0 0 0.0454654296694131 0.602275768869019 0.345081102904319 0.00717456576589316 3.13276879354973e-06 2.25621732856941e-11 2.46104575015253e-18 3.92107716389169e-27 8.95943186573282e-38 2.90538272454157e-50 1.32846173237394e-64 8.52795246417333e-81 7.66278723314257e-99 9.61682465385534e-119 1.68296598594851e-140 4.10183552038989e-164 1.39097121933653e-189 6.55780301786972e-217 4.29571962481387e-246
14 13 0 0.0303106244631883 0.969600950433303 8.84251035083997e-05 3.45909433152264e-21 3.67129080491248e-51 8.18726723184526e-95 3.57413126806974e-152 2.96539704550473e-223 4.60580926797487e-308 0 0 0 0 0 0 0 0 0 0 0
14 18 0 0.647423959598782 0.352575961511775 7.88894427072249e-08 2.54285149618871e-24 5.5139784616695e-51 7.01837717104144e-88 5.00154815763704e-135 1.95239814741466e-192 4.12533718560288e-260 0 0 0 0 0 0 0 0 0 0 0
14 21 0 1 0 0 0 0 0 0 0 0 0 0 0 0 0 0 0 0 0 0 0
15 7 0 0.0316442416942557 0.968355758296295 9.4494955441983e-12 4.76066961393277e-53 4.26877129520379e-126 5.43175412859383e-231 0 0 0 0 0 0 0 0 0 0 0 0 0 0
15 9 0 0.0574007781170185 0.801022713852151 0.141477086477366 9.94214574498686e-05 9.60154666551205e-11 9.87413429089631e-20 9.99704892148083e-32 9.64138506133015e-47 8.71005116376026e-65 7.30007434058281e-86 5.64201626662156e-110 4.0048869238384e-137 2.60356694397564e-167 1.54695668812045e-200 8.38783793247378e-237 4.14543834089612e-276 1.86556717541425e-318 0 0 0
15 16 1 6.22208100254265e-16 0 0 0 0 0 0 0 0 0 0 0 0 0 0 0 0 0 0 0
15 17 0 0.999945483120001 5.45168799990337e-05 6.70788619537739e-32 3.58783004779115e-85 5.73097959486528e-165 2.50580715168059e-271 0 0 0 0 0 0 0 0 0 0 0 0 0 0
16 9 0 0 0.998649936090889 0.00135006390910612 2.34140617395775e-117 0 0 0 0 0 0 0 0 0 0 0 0 0 0 0 0
16 15 0.149179030996291 0.850820967007999 1.9957212233479e-09 7.42729521373744e-38 5.8709441130774e-87 8.07876955854148e-157 1.82287075245e-247 0 0 0 0 0 0 0 0 0 0 0 0 0 0
16 18 0.111669856314667 0.888330143666089 1.93873059526194e-11 1.56325104138299e-47 4.42598424794851e-110 3.58917773636998e-199 7.84813140191767e-315 0 0 0 0 0 0 0 0 0 0 0 0 0 0
17 6 0.0890087798618379 0.910991207896076 1.22420841277042e-08 3.7330464985826e-36 2.46276483903125e-84 2.84067806150452e-153 5.38168936767783e-243 0 0 0 0 0 0 0 0 0 0 0 0 0 0
17 15 0 0.841342025039671 0.158657974555071 4.05257816330891e-10 7.71925133095091e-30 5.97208625626529e-61 1.66624168139084e-103 1.60610632563449e-157 5.24111797678171e-223 5.7256886436467e-300 0 0 0 0 0 0 0 0 0 0 0
17 19 0 0.99999999999539 4.61009456349525e-12 3.47878952576937e-119 0 0 0 0 0 0 0 0 0 0 0 0 0 0 0 0 0
18 14 0 1 0 0 0 0 0 0 0 0 0 0 0 0 0 0 0 0 0 0 0
18 16 0.999999880847067 1.1915292960172e-07 3.20111717933777e-271 0 0 0 0 0 0 0 0 0 0 0 0 0 0 0 0 0 0
18 19 0 0.999999999999856 0 0 0 0 0 0 0 0 0 0 0 0 0 0 0 0 0 0 0
19 17 0 0.995176528192003 0.0048234718080035 5.99345945786369e-40 3.87163181337772e-125 6.3723910458534e-259 0 0 0 0 0 0 0 0 0 0 0 0 0 0 0
19 18 0 1 4.31913196684279e-26 4.13109622280689e-239 0 0 0 0 0 0 0 0 0 0 0 0 0 0 0 0 0
19 20 0 0 0.855995257039767 0.144004742948882 1.13507892793119e-11 3.87911916502414e-35 3.00494688576112e-72 4.67335733264216e-123 1.39722462294893e-187 7.86816827163105e-266 0 0 0 0 0 0 0 0 0 0 0
19 21 0 0.999999981010373 1.89896255810692e-08 2.42863817293432e-276 0 0 0 0 0 0 0 0 0 0 0 0 0 0 0 0 0
20 19 0 0 0.99963091470399 0.000369085295912426 7.58293017506691e-28 1.04155872338045e-75 6.36681918692101e-148 1.58073053033947e-244 0 0 0 0 0 0 0 0 0 0 0 0 0
20 21 0.274251584639421 0.72574841536058 2.09059988995321e-30 2.13714505664167e-121 8.56301811455079e-275 0 0 0 0 0 0 0 0 0 0 0 0 0 0 0 0
20 23 0 1.00000000000022 3.27333795038786e-24 3.78583218709784e-139 0 0 0 0 0 0 0 0 0 0 0 0 0 0 0 0 0
21 14 0 1.00000000000003 0 0 0 0 0 0 0 0 0 0 0 0 0 0 0 0 0 0 0
21 19 0 0.0384057442193385 0.961594128179068 1.27601578419044e-07 6.99295324815168e-34 8.52741871983241e-81 1.82961383147382e-148 6.46306658969482e-237 0 0 0 0 0 0 0 0 0 0 0 0 0
21 20 0.997979858726346 0.00202014127369706 2.40628893768519e-142 0 0 0 0 0 0 0 0 0 0 0 0 0 0 0 0 0 0
21 22 0 1 4.74077509845838e-29 3.67979034303635e-248 0 0 0 0 0 0 0 0 0 0 0 0 0 0 0 0 0
22 13 0 0.0800875809095752 0.90010053880457 0.0198118632597604 1.70260945183072e-08 1.3445397849985e-19 7.70027879715355e-36 2.9798628213026e-57 7.56184697349531e-84 1.23910692715463e-115 1.29942473503029e-152 8.67158671614491e-195 3.66860530369401e-242 9.81288549239284e-295 0 0 0 0 0 0 0
22 21 0 0.282380449008352 0.717619017285979 5.33705668527144e-07 2.48999862171115e-25 1.88526062877592e-56 1.93689326314131e-100 2.55203246562593e-157 4.20596426245647e-227 8.55651139359918e-310 0 0 0 0 0 0 0 0 0 0 0
22 23 0.999997577871225 2.42212877901439e-06 8.99139501884572e-202 0 0 0 0 0 0 0 0 0 0 0 0 0 0 0 0 0 0
23 12 0 0.99999999998691 1.30895408886931e-11 2.11860127596904e-104 1.25357966701216e-294 0 0 0 0 0 0 0 0 0 0 0 0 0 0 0 0
23 20 0 0.999826097538397 0.000173902461633257 4.32077655980446e-26 2.75768003573852e-68 3.18502997338076e-131 6.11796161779949e-215 1.89202439074905e-319 0 0 0 0 0 0 0 0 0 0 0 0 0
23 22 0.990184599292712 0.00981540070729287 8.80158971250373e-111 0 0 0 0 0 0 0 0 0 0 0 0 0 0 0 0 0 0
