0 1 0 0 0.821197159000601 0.176556594167709 0.00223435818643701 1.18461710964865e-05 4.23906656638836e-08 1.21294560109679e-10 3.00429100536488e-13 6.72746814260925e-16 1.39840835345805e-18 2.74518489063044e-21 5.15012960894178e-24 9.31267163293674e-27 1.63337866928969e-29 2.79222828743405e-32 4.66982593188151e-35 7.66364924984993e-38 1.23710317845478e-40 1.96821487741774e-43 3.14095852018298e-46
0 2 0 0.620271971268642 0.373636003054867 0.0060559676563094 3.59140045982671e-05 1.43549480956051e-07 4.64779844603265e-10 1.31991960861526e-12 3.42750635044416e-15 8.34033783298421e-18 1.93179138967026e-20 4.30440067132721e-23 9.29619183696152e-26 1.9567498355771e-28 4.03103688101301e-31 8.15368787653337e-34 1.62351894568932e-36 3.18874065046491e-39 6.18825229760309e-42 1.18824497243424e-44 2.29989543857245e-47
1 0 0 0 0.999650426306012 0.000349573103111349 9.76911447667501e-10 1.13495674597402e-15 9.08540759836694e-22 5.91283469665449e-28 3.37228190301983e-34 1.75506830539073e-40 8.540075258721e-47 3.94700577556109e-53 1.75145766245831e-59 7.5198619118495e-66 3.14180500680423e-72 1.28290662544687e-78 5.13720099019904e-85 2.02273940414605e-91 7.84831298054741e-98 3.00611923796542e-104 1.14817359475921e-110
1 5 0 0.0294085027483235 0.598008283787326 0.310849746524578 0.054688321716795 0.00638739649988732 0.000603534149543868 5.01088094219222e-05 3.81329953636411e-06 2.72574047182734e-07 1.85851011492913e-08 1.2213466788732e-09 7.79238586762129e-11 4.85254659816155e-12 2.961250542002e-13 1.77634624568456e-14 1.04998489731527e-15 6.12756361230235e-17 3.53615092449313e-18 2.02059863759133e-19 1.16488430634864e-20
2 0 0 0.957619888008316 0.0423769082719035 3.20364371527732e-06 7.60640161402251e-11 1.18352138073408e-15 1.47700889046978e-20 1.60932274775867e-25 1.59934215342205e-30 1.48714430819611e-35 1.31493942474089e-40 1.11773427035797e-45 9.20448307668426e-51 7.38483932858921e-56 5.79714739085398e-61 4.46735333181602e-66 3.3882716871448e-71 2.53457388452884e-76 1.87313776695687e-81 1.36956628899971e-86 9.87530420044663e-92
2 3 0 0.548275659379527 0.433057731674195 0.0183050307564718 0.000356423113408269 5.09250867540495e-06 6.15920446840598e-08 6.71214438293888e-10 6.81105254517507e-12 6.56176421697631e-14 6.07691243335657e-16 5.45593436631128e-18 4.77730854902259e-20 4.09770888132458e-22 3.45456051338573e-24 2.8698732808794e-26 2.35418244913208e-28 1.9100312458491e-30 1.53478657321826e-32 1.22277310790103e-34 9.92596933324728e-37
2 11 0 0.999999999990546 9.45396205758346e-12 6.47223033035014e-33 1.20925129019972e-54 1.44435152888814e-76 1.37166075922471e-98 1.13266893015475e-120 8.51194320267515e-143 5.97696141294507e-165 3.9874019879755e-187 2.55573696613854e-209 1.58628475097846e-231 9.58929402290977e-254 5.67044056913449e-276 3.29098755401387e-298 1.86756814127991e-320 0 0 0 0
3 2 0 0.747104712528807 0.250426890972739 0.00245752552478993 1.08349769518887e-05 3.50998792828281e-08 9.6514919682089e-11 2.3968622645085e-13 5.5528715615514e-16 1.22318044227441e-18 2.59322497261901e-21 5.33508147725049e-24 1.07133688534296e-26 2.10889812925092e-29 4.08259556328822e-32 7.79215824743267e-35 1.46919944741059e-37 2.74092732635393e-40 5.06608989927121e-43 9.28696474864878e-46 1.71915362777183e-48
3 4 0.148622980991671 0.809834830288813 0.0410697588865553 0.000469149460120146 3.26255636600049e-06 1.77314837375087e-08 8.3155871565222e-11 3.53522650147496e-13 1.40128169188652e-15 5.27030336771359e-18 1.90292385695743e-20 6.6501577667752e-23 2.26280489324967e-25 7.53010584192621e-28 2.45912877557593e-30 7.90234701911294e-33 2.50414872778064e-35 7.83885367861302e-38 2.42749630358422e-40 7.44558959727576e-43 2.31225532248588e-45
3 10 0 0 0.557895495334261 0.397137547028019 0.0424299076156194 0.00242938934803781 0.000103792894159782 3.74318396105158e-06 1.20879348066558e-07 3.61188767796094e-09 1.01883902178821e-10 2.74910617449113e-12 7.16067018288807e-14 1.81236963363722e-15 4.47915271510673e-17 1.08498925372175e-18 2.58348036970943e-20 6.0610274484381e-22 1.40367671810015e-23 3.21395208928748e-25 7.46819280288545e-27
4 3 0.775886298350926 0.224113520658255 1.8101518656304e-07 9.93034188773217e-15 2.62743277486806e-22 4.92011660672301e-30 7.52499364551442e-38 1.00747566581772e-45 1.22756105037062e-53 1.39428847860257e-61 1.49985615073527e-69 1.54498080430093e-77 1.53616722027884e-85 1.48314791177103e-93 1.39683708221207e-101 1.28788649014136e-109 1.16579258653307e-117 1.03844492729788e-125 9.11993404086485e-134 7.90923714961336e-142 6.78427201598397e-150
4 5 0 0.287792308553855 0.647051653981463 0.0631035757697877 0.00201170521976778 4.01280492504217e-05 6.20164727124242e-07 8.1654127875965e-09 9.63188919390858e-11 1.04873923295005e-12 1.07438827323498e-14 1.04916729414837e-16 9.8567609395162e-19 8.96986191339668e-21 7.94763906871505e-23 6.88378896859461e-25 5.8469251828965e-27 4.88251307805048e-29 4.0167780556436e-31 3.26120032714906e-33 2.68673048960905e-35
4 8 0 0.0631849304888247 0.816519282175922 0.116678591584596 0.00355412178084967 6.2240219094226e-05 8.24427163823746e-07 9.23078349602011e-09 9.23789886208132e-11 8.5318681506115e-13 7.4189988395086e-15 6.15572637401775e-17 4.91939256046662e-19 3.81241737331266e-21 2.87982682693127e-23 2.12871683561459e-25 1.54453589816121e-27 1.10276116459751e-29 7.76321748720938e-32 5.3975714362317e-34 3.80864110544516e-36
5 1 0 0.98339943911573 0.0166005562768212 1.50738639942794e-12 1.80134984477894e-23 1.26997436853149e-34 6.98422832592789e-46 3.32251299191593e-57 1.43708380721275e-68 5.81125877000334e-80 2.23507286140766e-91 8.2693475780093e-103 2.96640814915059e-114 1.0376365469502e-125 3.55436368089454e-137 1.19618036307652e-148 3.96514256080427e-160 1.29727869383536e-171 4.19602036243283e-183 1.34357356072333e-194 4.60594140605508e-09
5 4 0 0.558803085889972 0.425360209016234 0.0155804589332898 0.000253238211354478 2.97798790848945e-06 2.94270152611735e-08 2.60826020936509e-10 2.14607536634879e-12 1.67276689416671e-14 1.25129283526636e-16 9.06235350771911e-19 6.39435689292722e-21 4.41594371776067e-23 2.99524582464758e-25 2.00076152070393e-27 1.31898136021227e-29 8.59622682044267e-32 5.54640438129095e-34 3.54693285834032e-36 2.30845956485418e-38
5 7 0.995111755536698 0.00488824370006938 4.25761150636368e-15 4.92885817731186e-28 3.3917799248707e-41 1.82806101059779e-54 8.54399151078888e-68 3.63689435323443e-81 1.44911121933213e-94 5.4967397548225e-108 2.00714479632122e-121 7.11021780058861e-135 2.45723936488143e-148 8.31928690230512e-162 2.76814381493029e-175 9.07493760076316e-189 2.93710580698116e-202 9.39984120105279e-216 2.97868833065325e-229 9.35652536454311e-243 2.91624857686682e-256
6 7 0 0.999999996283406 3.71659415126224e-09 2.64552720564714e-20 8.24547436396571e-32 1.82160727333998e-43 3.3281071353725e-55 5.38947118493897e-67 8.02867249485135e-79 1.12501679159804e-90 1.50433287940426e-102 1.9385422281813e-114 2.42441926387248e-126 2.95800870423538e-138 3.53481660137382e-150 4.14997345424173e-162 4.79837263521255e-174 5.47478704419803e-186 6.17396660409849e-198 6.89071893986189e-210 7.62345503708281e-222
6 17 0.286009740776026 0.703344085960271 0.010606988573169 3.90917252063553e-05 9.27262839851891e-08 1.77199533020898e-10 2.97769344477845e-13 4.59450923176512e-16 6.67118123126618e-19 9.25565669832071e-22 1.2395508235627e-24 1.61382307629056e-27 2.05314636600991e-30 2.56231635488346e-33 3.14617431322714e-36 3.80961859146807e-39 4.55761433173763e-42 5.39520186639313e-45 6.32750411939657e-48 7.35973323922743e-51 8.61293123317186e-54
7 5 0.999999999999998 7.68058062609745e-18 1.14973949135325e-98 4.48599921977531e-183 2.27158416913646e-268 0 0 0 0 0 0 0 0 0 0 0 0 0 0 0 0
7 6 0 0.991139980799661 0.0088558447759418 4.1723363417376e-06 1.0871497942371e-09 2.19208463146582e-13 3.82835613049674e-17 6.09800347921379e-21 9.11064221085323e-25 1.29848475191875e-28 1.78493476363056e-32 2.38441459502724e-36 3.11216306174978e-40 3.98477047348342e-44 5.02029579042903e-48 6.23838937617069e-52 7.66042246831434e-56 9.30962430455398e-60 1.12112277427971e-63 1.33926241648125e-67 1.0006866446588e-09
7 8 0 0 0 0.00974451286112761 0.185786089169295 0.332827812272969 0.255997084225552 0.132509357084961 0.0547076647761428 0.019524046499662 0.00629476020532547 0.00188321585329336 0.00053199142027832 0.000143614211494352 3.73687286967587e-05 9.43193914195443e-06 2.32049050230196e-06 5.58578164112407e-07 1.31951742560283e-07 3.06636686595133e-08 8.50325746484634e-09
7 15 0 0.0534000527696739 0.838158339968273 0.106108610791516 0.00230622994668714 2.65431286695208e-05 2.21855847933194e-07 1.53004175688991e-09 9.28206666992007e-12 5.1380045136193e-14 2.65518583719876e-16 1.30069714823352e-18 6.10492505674105e-21 2.76683907103112e-23 1.21792221233343e-25 5.23040924624655e-28 2.19919245828732e-30 9.07877192341998e-33 3.68826843043319e-35 1.477301480734e-37 5.97808255153318e-40
8 4 0 0.236252880317476 0.748864451703228 0.0148179363345248 6.45573776716754e-05 1.73880401876141e-07 3.69732341963527e-10 6.82951987760968e-13 1.14896458356018e-15 1.80845644430389e-18 2.70807780681e-21 3.90119582977142e-24 5.44871152680282e-27 7.4199513816929e-30 9.89364330296027e-33 1.29589863498558e-35 1.67168238799111e-38 2.12809302441269e-41 2.6779421803698e-44 3.33563038200998e-47 4.17553562303145e-50
8 7 0 0 0 0.620483117310781 0.372727170074025 0.00674253102290922 4.69558770739304e-05 2.24757902689149e-07 8.80473113492493e-10 3.04456444836841e-12 9.66788561251174e-15 2.88576714677494e-17 8.21831058041356e-20 2.25568482118139e-22 6.0097509670171e-25 1.56242818107706e-27 3.97956997298141e-30 9.96099054664652e-33 2.45615988788446e-35 5.97790145544294e-38 1.46633466388198e-40
8 9 0 0.999783869269344 0.00021613068470381 2.17105786037415e-10 8.18097659104827e-17 2.03529798524028e-23 4.02088089596538e-30 6.85825390756326e-37 1.05650406082181e-43 1.51024149516097e-50 2.03869933938706e-57 2.63031236699454e-64 3.27143661240249e-71 3.94735486932384e-78 4.64311385903352e-85 5.34418950830039e-92 6.03698983161788e-99 6.70921204696456e-106 7.3500738415078e-113 7.95043953021051e-120 8.49166950197e-127
9 8 0 0.999999999999985 1.35679666424433e-179 0 0 0 0 0 0 0 0 0 0 0 0 0 0 0 0 0 0
9 10 0 0.0301849692539096 0.568607458207517 0.322775683993966 0.0674756373358003 0.00968093283728108 0.00114282519777195 0.000119754947858706 1.15804300846605e-05 1.05694463875537e-06 9.23526338755409e-08 7.79940760752866e-09 6.40925713900806e-10 5.150145999392e-11 4.06164521287425e-12 3.15277687100367e-13 2.41417441694805e-14 1.82688067049836e-15 1.36821514458469e-16 1.015374736768e-17 7.61428059975169e-19
9 14 0 0 0.996367001286096 0.00363287215987217 1.27347912870643e-07 1.66655545239458e-12 1.42983587998804e-17 9.69349145625655e-23 5.65400734561653e-28 2.97084793759571e-33 1.44566839991629e-38 6.63310382612004e-44 2.90516230345913e-49 1.22533540709166e-54 5.00959471852103e-60 1.99511781860636e-65 7.77018232934967e-71 2.96840453334263e-76 1.1151152877636e-81 4.12764190041248e-87 1.50168202021129e-92
9 15 0 0.196115184502743 0.657568853913518 0.135409932727275 0.0103662160520491 0.000518561385091828 2.05281455982336e-05 7.01015596416773e-07 2.16237615420722e-08 6.19266849960109e-10 1.67586162777748e-11 4.33749209123366e-13 1.08292915382489e-14 2.62460870878395e-16 6.20456871101402e-18 1.43600256914928e-19 3.26342304684152e-21 7.2995345490261e-23 1.61013203979257e-24 3.50807038529885e-26 7.7523378984533e-28
9 16 0 0 0.999999819935122 1.78494450476075e-07 2.65470804469942e-34 6.62681001177521e-62 1.05698744557387e-89 1.36766645256827e-117 1.56690745333014e-145 1.65766013768068e-173 1.65770937883113e-201 1.5897872359823e-229 1.47608664091343e-257 1.33564150858227e-285 1.18342795811823e-313 0 0 0 0 0 1.57042778781147e-09
10 3 0 0 0.225142118811042 0.534908481111874 0.198689910496524 0.0361089562480655 0.00462163871040092 0.000481229508957332 4.37514423953428e-05 3.61396711982028e-06 2.77962127088338e-07 2.02316890875118e-08 1.40932037100691e-09 9.47215721206213e-11 6.17992652791549e-12 3.93214647149399e-13 2.44887402074773e-14 1.49710441538762e-15 9.00546571564645e-17 5.34030632888932e-18 3.18231787225795e-19
10 9 0 0.554922161613072 0.444934792334319 0.000143038843369748 7.16172440985595e-09 2.10592758385227e-13 4.79643240656432e-18 9.39806989993823e-23 1.66740450016548e-27 2.75708052054009e-32 4.32532227833349e-37 6.51453795276177e-42 9.49778444849068e-47 1.3484242995541e-51 1.87255532897265e-56 2.55231313005206e-61 3.42366124632552e-66 4.52935808663069e-71 5.92007664581262e-76 7.65569165103849e-81 9.76482338030907e-86
10 11 0 0 0.221361195936933 0.507775496245812 0.213814399231056 0.0479254249559612 0.00789139182296385 0.00108356026157295 0.000132023368410778 1.4781943685214e-05 1.55408387600498e-06 1.55623483477548e-07 1.49912838853354e-08 1.39919424855054e-09 1.27208319781392e-10 1.13117738770746e-11 9.86999032053031e-13 8.47197441298174e-14 7.16860725065724e-15 5.98972526985409e-16 5.05082559072338e-17
10 13 0 0.43453624913454 0.535836444341241 0.0290256436683747 0.00059340773060031 8.16357380066412e-06 9.06746400645675e-08 8.80906707606139e-10 7.80802871017824e-12 6.47386596238084e-14 5.10202429966942e-16 3.86361757077803e-18 2.83313553285185e-20 2.02313858059008e-22 1.41297313547678e-24 9.68362470963048e-27 6.52952002749485e-29 4.3409403308137e-31 2.85034082353516e-33 1.85114937807792e-35 1.22133047940909e-37
11 2 0 0.947199747521147 0.0527899080164054 1.03410676061636e-05 7.42749043936383e-10 3.69169022304745e-14 1.5134665675939e-18 5.51049173248927e-23 1.8511741474388e-27 5.86704392505308e-32 1.77930441092352e-36 5.21297356071113e-41 1.48543863780346e-45 4.13718456738633e-50 1.13046370881538e-54 3.0392271849711e-59 8.05774863906259e-64 2.11058451022654e-68 5.46988224933797e-73 1.40434699767271e-77 2.65205568616977e-09
11 10 0 0 0.643797504696194 0.334056429541013 0.0214288595799984 0.000700144213995307 1.67225375599136e-05 3.33462876107901e-07 5.91379556332073e-09 9.65914854591608e-11 1.48436045490988e-12 2.17644486763484e-14 3.07443184169106e-16 4.21322977735209e-18 5.63051053848528e-20 7.36683673294673e-22 9.46579692130727e-24 1.19741484565796e-25 1.49419678153894e-27 1.84228083882666e-29 2.30882293676392e-31
11 12 0 0.586825315341348 0.381553419845878 0.0303909425702387 0.00119569157563274 3.38232094393425e-05 7.90843809914607e-07 1.6336160626655e-08 3.09320485125342e-10 5.49113055241787e-12 9.27544346955884e-14 1.50615437772644e-15 2.36845360853067e-17 3.62660763692754e-19 5.4299377435383e-21 7.97569074857848e-23 1.15226379660988e-24 1.64081930796847e-26 2.3069897591971e-28 3.20723162621737e-30 4.53420810712688e-32
12 11 0 0.937735198564702 0.0620531037421394 0.000211361588782954 3.36132952358525e-07 3.81777506398295e-10 3.58566266489696e-13 2.98031403706464e-16 2.27485969655614e-19 1.63069232674978e-22 1.11390581320033e-25 7.32386385422209e-29 4.66844186780727e-32 2.90041974777106e-35 1.76349044965158e-38 1.05265417616216e-41 6.18433524256597e-45 3.58326691731494e-48 2.05101409095e-51 1.1613486713565e-54 6.56651212661725e-58
12 23 0 0.286009740776026 0.59299633579203 0.11034775016824 0.00994575197815612 0.00066123659501291 3.72073382127093e-05 1.88438699364604e-06 8.87610334522606e-08 3.96525053292852e-09 1.70128757492247e-10 7.07077552865085e-12 2.86411332350559e-13 1.13580121272855e-14 4.42472632448009e-16 1.69782907285033e-17 6.43038483219624e-19 2.40796399069951e-20 8.92757328341752e-22 3.2808341490319e-23 1.22151421167927e-24
13 10 0 0.976476190935745 0.0235224522225387 1.35032149514815e-06 3.15326489284363e-11 5.31136810363758e-16 7.54495411117587e-21 9.65116687977931e-26 1.14984867036835e-30 1.30134616715828e-35 1.41665259297561e-40 1.4959332384742e-45 1.54143343908017e-50 1.5566653272462e-55 1.54579885814599e-60 1.51322363428913e-65 1.46324750633738e-70 1.39990113238868e-75 1.32682224710005e-80 1.24719815472024e-85 6.4886880313253e-09
13 14 0 0.473889104919214 0.525897979401937 0.0002129058531903 9.84450597022656e-09 2.43127900937908e-13 4.44289821774396e-18 6.79897962796152e-23 9.25521526162802e-28 1.15947758331781e-32 1.36525648323223e-37 1.53213547190076e-42 1.6547362298311e-47 1.73206764951143e-52 1.76640521775278e-57 1.76221381722619e-62 1.72522003833986e-67 1.66167476320371e-72 1.57780755008729e-77 1.47945316714607e-82 1.3658305029633e-87
13 22 0 0.999996365057894 3.62799404177235e-06 1.260496211014e-17 1.41621562473997e-29 1.07342158277061e-41 6.64434683749619e-54 3.6340689226683e-66 1.82835315399552e-78 8.66130681821537e-91 3.92071529838771e-103 1.71281608010318e-115 7.27200163853581e-128 3.01588080552075e-140 1.22648854880715e-152 4.90561308254651e-165 1.93429012714231e-177 7.53295373144787e-190 2.90194861031225e-202 1.10724583443798e-214 6.94806467915754e-09
14 9 0 0 0.163490596945639 0.478446935993455 0.262339837596973 0.0761849094370809 0.016168756387873 0.00285075571803574 0.000444788644265355 6.36414852816159e-05 8.53691743470433e-06 1.08936472981275e-06 1.33587217700169e-07 1.58586005558185e-08 1.83254429443065e-09 2.06994480577011e-10 2.29301606650597e-11 2.49769753807406e-12 2.68090444217055e-13 2.84047624264215e-14 3.06432664797391e-15
14 13 0 0.164028560511785 0.785092910766479 0.0499677683958488 0.000900005417753956 1.06517496323279e-05 1.0226124454264e-07 8.66011718717956e-10 6.74570075968642e-12 4.949880198187e-14 3.47302885097662e-16 2.35336412113924e-18 1.55082112010324e-20 9.98909628369399e-23 6.31295728990961e-25 3.92600853216162e-27 2.40812491131446e-29 1.45953454257932e-31 8.75398832461846e-34 5.20221122909779e-36 3.14430481186522e-38
14 18 0 0.629677518557935 0.349475788378016 0.0202842365534471 0.000551740602836178 1.05490125329774e-05 1.64647250983603e-07 2.25245576116032e-09 2.80929816953452e-11 3.2719715359026e-13 3.61514802824365e-15 3.83061686107913e-17 3.92314996211436e-19 3.90616845813664e-21 3.79792498992258e-23 3.6184958570461e-25 3.38762565628484e-27 3.12333474994003e-29 2.84114426876288e-31 2.55376314788147e-33 2.33244096234463e-35
14 21 0 1 1.02950394012205e-34 6.636172181255e-73 1.82500598150666e-111 3.53481660155862e-150 5.64765207075751e-189 7.98775570752948e-228 1.03852392015496e-266 1.26949233226616e-305 0 0 0 0 0 0 0 0 0 0 0
15 7 0 0.229685790977595 0.756773798104685 0.0134919461013319 4.83604890092795e-05 1.04148643365888e-07 1.74652670967114e-10 2.52376155563754e-13 3.3038481945675e-16 4.0312196397382e-19 4.66639369772427e-22 5.18516571325586e-25 5.5763264335333e-28 5.83886912434403e-31 5.97922513833318e-34 6.00880300323614e-37 5.94194568367819e-40 5.79432707181212e-43 5.58175774542973e-46 5.31934561610226e-49 5.08144634384681e-52
15 9 0 0.142114128757418 0.639859418307322 0.194005289890521 0.0222493213142349 0.00166776183857944 9.87954909782135e-05 5.0419041879409e-06 2.32165417240147e-07 9.91634472396113e-09 3.99943219618216e-10 1.54176875283832e-11 5.73030551544931e-13 2.066569459849e-14 7.26678143621016e-16 2.50086218012101e-17 8.44867512861586e-19 2.80855114300212e-20 9.20500467731425e-22 2.97933854367065e-23 9.749237748766e-25
15 16 0.997708208792209 0.00229179120779156 2.79802464364574e-17 3.38493827078548e-32 2.26441749678079e-47 1.1472593573397e-62 4.94328042784355e-78 1.91530630823918e-93 6.884331080974e-109 2.3400119619146e-124 7.61735204432612e-140 2.39572716997164e-155 7.32618461380987e-171 2.18869581100574e-186 6.41118493128748e-202 1.8465990062817e-217 5.24172700308969e-233 1.46907184218995e-248 4.07132182140873e-264 1.11711544647549e-279 3.03750570875424e-295
15 17 0 0.944989731272868 0.054737758396679 0.000271752616555201 7.52350978031656e-07 1.60884747432305e-09 2.97306296665726e-12 5.00136996195039e-15 7.8795723729822e-18 1.1828143504205e-20 1.71080531764921e-23 2.40273392556261e-26 3.29485592892459e-29 4.4297257957267e-32 5.85715947415621e-35 7.63532898504613e-38 9.83200635897587e-41 1.25259764566361e-43 1.58086405255889e-46 1.97858349673552e-49 3.75109421302255e-09
16 9 0 0 0.926754542144499 0.0732454537849948 2.9358274112943e-09 1.56676105543362e-17 4.89611986585157e-26 1.18808948161938e-34 2.48652993805542e-43 4.72193497953275e-52 8.3708776535595e-61 1.40981163717353e-69 2.28202350582277e-78 3.57886210091225e-87 5.46972469441834e-96 8.18221803681139e-105 1.20201574395786e-113 1.73867191373262e-122 2.48141388256289e-131 3.50017092689232e-140 1.1346791284339e-09
16 15 0.295364506074171 0.700203517386469 0.0044273404343609 4.63331766596078e-06 2.79051942486913e-09 1.28424640170568e-12 5.03922812383049e-16 1.77922806147666e-19 5.82765987589448e-23 1.80458389689074e-26 5.34982922245939e-30 1.5317652433108e-33 4.26282673346349e-37 1.15857752351635e-40 3.08647901736807e-44 8.08274999894293e-48 2.08549372682831e-51 5.31155068191605e-55 1.33740207769995e-58 3.33338208546819e-62 8.25982769693369e-66
16 18 0.312078855551185 0.680050375542059 0.00784884743420637 2.18820471240499e-05 3.92927375185444e-08 5.68913972233544e-11 7.24794666437606e-14 8.48262618719828e-17 9.34558313800419e-20 9.84114573273571e-23 1.00054257049507e-25 9.89100017354645e-29 9.55617481907605e-32 9.05802054718225e-35 8.44827555620556e-38 7.7712947217842e-41 7.06338080913367e-44 6.35298959342201e-47 5.66143975404242e-50 5.003871002333e-53 4.44077708947543e-56
17 6 0.244622070576408 0.746351440053424 0.00900724351353222 1.92220276125053e-05 2.38093221837988e-08 2.2599586122619e-11 1.83142226907269e-14 1.33646380515879e-17 9.05166678062339e-21 5.79778077058953e-24 3.55612460675245e-27 2.10696929803975e-30 1.21353433608759e-33 6.82676941312894e-37 3.76467726075982e-40 2.04093787818259e-43 1.0902161294546e-46 5.74885036607813e-50 2.997073172861e-53 1.54672563670209e-56 7.97064901894814e-60
17 15 0 0.723778605914864 0.26066507609666 0.0150327708996122 0.000509692695360391 1.35346744677215e-05 3.12310246772454e-07 6.57819464641932e-09 1.29963791954893e-10 2.44876339977825e-12 4.44844431496398e-14 7.85006717719996e-16 1.35298900897805e-17 2.28675761807996e-19 3.80178360766777e-21 6.23218111272209e-23 1.00927444922252e-24 1.61721392682106e-26 2.56723948090516e-28 4.0417021111047e-30 6.48611574487101e-32
17 19 0 0.994520102133079 0.00547989330939732 4.55752276800315e-09 1.05024414694531e-15 1.5305399934577e-22 1.75893498740046e-29 1.74743079269643e-36 1.57310893222922e-43 1.31895510471583e-50 1.04797761859606e-57 7.98364887551695e-65 5.87977255564773e-72 4.21164347310687e-79 2.94748777915023e-86 2.02250566884657e-93 1.36448897047547e-100 9.07110677531161e-108 5.95317745995647e-115 3.86266076760587e-122 2.47866091188739e-129
18 14 0 1.00000000004694 2.37721647028284e-88 1.71829207161216e-184 2.76451476901677e-281 0 0 0 0 0 0 0 0 0 0 0 0 0 0 0 0
18 16 0.968827365395308 0.0311726354560236 6.01331331970163e-12 9.88048225585237e-23 8.53297293472175e-34 5.44365946558687e-45 2.9099555503716e-56 1.38508306730861e-67 6.07325127382421e-79 2.50507539616579e-90 9.85553715760556e-102 3.7339889944699e-113 1.3718825250657e-124 4.91320850496416e-136 1.72204587438696e-147 5.92527031299015e-159 2.00648029609065e-170 6.70038794458805e-182 2.2101541223201e-193 7.21109311785105e-205 2.33129087470187e-216
18 19 0 1.0000000007084 1.20368852897178e-14 1.98944927745442e-41 6.57775619666182e-69 1.2512451478301e-96 1.79344608265843e-124 2.16335433324565e-152 2.32320757538607e-180 2.29459888407993e-208 2.12767529545179e-236 1.87791652570779e-264 1.59308800598512e-292 1.28951133564565e-320 0 0 0 0 0 0 0
19 17 0 0.874829758925875 0.12505946196864 0.00011074673329559 3.23659342415054e-08 6.25387025052652e-12 9.72225755433924e-16 1.32149367022219e-19 1.63961975244391e-23 1.9043272430799e-27 2.10385397478561e-31 2.23492184908933e-35 2.30040041647295e-39 2.30714294896004e-43 2.26419933039141e-47 2.18145699489499e-51 2.0686822650011e-55 1.93489964627649e-59 1.78803684200588e-63 1.63476663905187e-67 1.47902737185989e-71
19 18 0 0.999192980911919 0.000807019065505013 2.25755953440543e-11 1.8412889775111e-19 9.71349258992854e-28 4.09109973722008e-36 1.50115763792573e-44 5.01812822621775e-53 1.5684198545565e-61 4.65932371817092e-70 1.33022599425559e-78 3.67838242535663e-87 9.90822002658112e-96 2.61101906856113e-104 6.7537263052082e-113 1.71923064276772e-121 4.31614089948785e-130 1.07046423399203e-138 2.62650502154102e-147 6.38735670330836e-156
19 20 0 0 0.730552776444552 0.261035103451325 0.00828904833980573 0.000121804232564771 1.25692683595933e-06 1.05941449964249e-08 7.83253853765404e-11 5.28293851176516e-13 3.32946030043063e-15 1.9915594735681e-17 1.14293703663266e-19 6.3420789215583e-22 3.42236091462964e-24 1.80391678241823e-26 9.31957287274345e-29 4.7320742265327e-31 2.36669943077678e-33 1.16804064677598e-35 5.83615825063466e-38
19 21 0 0.980358141712959 0.019641858286564 4.76992893707954e-13 9.50975966530918e-25 9.90233485538314e-37 7.5965641704813e-49 4.87599355433268e-61 2.78418541472321e-73 1.46355620950724e-85 7.23385733034814e-98 3.40905450844407e-110 1.54670596367451e-122 6.80350770594786e-135 2.91662062331998e-147 1.22345791969769e-159 5.03759349629344e-172 2.04112540799157e-184 8.15474431560921e-197 3.21787903143339e-209 1.25630001115269e-221
20 19 0 0 0.917764978758677 0.0814639691976835 0.000766875867405661 4.15575032378683e-06 1.7608278087252e-08 6.48896577604089e-11 2.18553398916817e-13 6.91260538563305e-16 2.08725250713127e-18 6.08164060485055e-21 1.72262525365554e-23 4.7686047778761e-26 1.29519213279005e-28 3.46198445638824e-31 9.12814868785321e-34 2.37857558460773e-36 6.13454780314833e-39 1.56789225616776e-41 2.75252265424797e-09
20 21 0.461200441396413 0.538208400696377 0.000591051062281624 1.06808614613695e-07 1.13812761609973e-11 9.40030331799218e-16 6.68016492895624e-20 4.29827755965646e-24 2.57732698924657e-28 1.46610049969168e-32 8.00598315516101e-37 4.23158602678697e-41 2.1778348124244e-45 1.09628039682633e-49 5.41606375142207e-54 2.63317863060315e-58 1.26254004650856e-62 5.98048073683319e-67 2.80269944174385e-71 1.30102449471076e-75 5.97168434758913e-80
20 23 0 0.997111587737601 0.00288816138908204 2.4981201496095e-07 1.10276891242015e-11 3.6476610956541e-16 1.02693879736325e-20 2.60812616517705e-25 6.16629898536326e-30 1.38311640177503e-34 2.97968931968896e-39 6.21762824522261e-44 1.26427818037956e-48 2.51632541929614e-53 4.91898710068068e-58 9.46936394677804e-63 1.798939630142e-67 3.37832365803042e-72 6.2802855657954e-77 1.15705066178123e-81 1.05027408991987e-09
21 14 0 1 0 0 0 0 0 0 0 0 0 0 0 0 0 0 0 0 0 0 0
21 19 0 0.174194698831758 0.810038480785664 0.0157208493272621 4.58982736096252e-05 7.26981931139214e-08 8.52715997826612e-11 8.3655184703472e-14 7.28971687000525e-17 5.8382357366517e-20 4.38963758956067e-23 3.14253967870717e-26 2.16330677363295e-29 1.44227441192861e-32 9.36261584164314e-36 5.94229218292371e-39 3.69931900991462e-42 2.26476132465683e-45 1.36636548006948e-48 8.13775910183358e-52 4.83250292799058e-55
21 20 0.891897543336988 0.108102449302024 7.6337045391112e-09 5.20988415132103e-17 1.90689688169443e-25 5.1984688480517e-34 1.19281802550273e-42 2.44392875617557e-51 4.62164699722678e-60 8.2332151949522e-69 1.40044624783727e-77 2.29594640562298e-86 3.65260556126892e-95 5.66749129485523e-104 8.61020666276331e-113 1.28467456208984e-121 1.88705586393115e-130 2.73428712271619e-139 3.91448482486377e-148 5.54448893534175e-157 7.78469572112083e-166
21 22 0 0.999787981980193 0.000212016458279037 8.03850341249143e-13 9.73877685344737e-22 7.8966629249232e-31 5.20451011495845e-40 3.02162572861416e-49 1.61024285367155e-58 8.06689450427079e-68 3.85698319156361e-77 1.7779963595304e-86 7.95919868096311e-96 3.4780934416587e-105 1.48957936246795e-114 6.27137751180995e-124 2.60186679369919e-133 1.06578432957722e-142 4.31717426571273e-152 1.73157098612642e-161 1.56072377244243e-09
22 13 0 0.216887339156097 0.662308756663197 0.113545026279743 0.00697386315894896 0.000276181503500112 8.59761372819381e-06 2.29959252964647e-07 5.54108185777059e-09 1.23725450264193e-10 2.60688738918932e-12 5.247452067601e-14 1.01801561854109e-15 1.91580939691695e-17 3.51458161861155e-19 6.30917579779387e-21 1.11162603466428e-22 1.92701950023918e-24 3.2931850133541e-26 5.55727013904667e-28 9.52092073513544e-30
22 21 0 0.438159173874877 0.542081384610061 0.0195430135325374 0.000214958072351094 1.46220061957445e-06 7.68033486513307e-09 3.43281773392888e-11 1.37401539240835e-13 5.07565916003371e-16 1.76410651615797e-18 5.84475486143738e-21 1.86313616255814e-23 5.75334283539701e-26 1.72994833802327e-28 5.08532559114542e-31 1.4660513687033e-33 4.1555436203415e-36 1.16052738996963e-38 3.19872225765459e-41 8.89163292761395e-44
22 23 0.978510880843529 0.021489119756763 2.76442781070272e-13 2.27366502505301e-25 9.156616708556e-38 2.63583754371828e-50 6.23758335339874e-63 1.29803873088823e-75 2.46656113097713e-88 4.38034571479372e-101 7.38225512270547e-114 1.19331535155238e-126 1.86443984375427e-139 2.8318025951345e-152 4.19962596457519e-165 6.10222939538543e-178 8.7114680705995e-191 1.22458095360632e-203 1.69813787989879e-216 2.32653647938214e-229 3.15388840740327e-242
23 12 0 0.998504595715163 0.00149540422071355 6.41230231431427e-11 6.73563694396177e-19 4.29939961998373e-27 2.12130138894932e-35 8.9394108378751e-44 3.38627673074478e-52 1.18779033046347e-60 3.93117053607286e-69 1.24325894978608e-77 3.79082026431889e-86 1.1216872575255e-94 3.23679070977496e-103 9.14350783865357e-112 2.53611289575292e-120 6.92351874219325e-129 1.86397106566852e-137 4.95687978084419e-146 1.30468971821386e-154
23 20 0 0.960843450991214 0.0390614505070206 9.49773821953441e-05 1.18819615757028e-07 1.11005591427064e-10 8.79670645805252e-14 6.27151679370568e-17 4.15354365706525e-20 2.60541421502714e-23 1.56757202648617e-26 9.12513785735639e-30 5.1714815898823e-33 2.86654063939905e-36 1.55953800830808e-39 8.3506277641207e-43 4.41035671042849e-46 2.30156940311004e-49 1.18849271697966e-52 6.08009998273085e-56 2.18886075931124e-09
23 22 0.857770241288204 0.142229644811243 1.13419441923678e-07 1.23344007638844e-14 7.83987437576196e-22 3.86287796081468e-29 1.63958768423703e-36 6.30896952625606e-44 2.26474824578528e-51 7.71965301343616e-59 2.52794112952007e-66 8.01783667309249e-74 2.47755285771915e-81 7.4915623774894e-89 2.2241743470102e-96 6.50068055541306e-104 1.8743799667409e-111 5.34081415452431e-119 1.50597772030162e-126 4.20725335568117e-134 1.16525858549994e-141
