0 1 0 0 0.682008903639291 0.254225548652156 0.0523942153715858 0.00945445836729067 0.00160431752530107 0.000262702412266859 4.20257206342714e-05 6.613399108662e-06 1.02807307415322e-06 1.58313884165364e-07 2.41961616719223e-08 3.67545151299283e-09 5.55472284938395e-10 8.35885390850448e-11 1.25323903981946e-11 1.87300707783007e-12 2.7915014515245e-13 4.15023512357297e-14 6.59640269142121e-15
0 2 0 0.388291165727218 0.442774696032439 0.130495460726759 0.0304063997232745 0.00643291389653297 0.00129067163182469 0.000250396161282873 4.74628776029467e-05 8.84487105212187e-06 1.62697677607081e-06 2.96219540343151e-07 5.34857437166527e-08 9.59139939819968e-09 1.71010344328107e-09 3.03410143733004e-10 5.36042483778666e-11 9.43554273691439e-12 1.65549228296637e-12 2.89628177523123e-13 5.60393333039352e-14
1 0 0 0 0.999999999969842 1.17735482361684e-53 3.98664326385315e-113 3.79920893234912e-173 2.15077120106952e-233 9.14925754619741e-294 0 0 0 0 0 0 0 0 0 0 0 0 0
1 5 0 0.0711545222292037 0.414667928477323 0.283529113726519 0.136139586772711 0.0577086184824169 0.022933360676467 0.00875999624355249 0.00325767015049178 0.00118825794339633 0.000427132843903918 0.000151790134376149 5.34473632848717e-05 1.86777353896484e-05 6.48597287700403e-06 2.24024056933409e-06 7.70212761683084e-07 2.63746393422164e-07 8.99987874945166e-08 3.06152814677039e-08 1.64342929987108e-08
2 0 0 0.974780101082231 0.0251984241925171 2.1460894469959e-05 1.38227436858679e-08 8.03419778547625e-12 4.42458600380849e-15 2.35686497168899e-18 1.22733087293541e-21 6.2873135493702e-25 3.18104558034477e-28 1.59382792602892e-31 7.92326693180533e-35 3.91348188881363e-38 1.9225403304197e-41 9.40143749467348e-45 4.57929881295574e-48 2.22286970009825e-51 1.07577723288326e-54 5.19248493995841e-58 2.51847800657603e-61
2 3 0 0.994833442492141 0.00516628836263268 2.69135029238432e-07 1.01966802880141e-11 3.4439469471948e-16 1.09558883531984e-20 3.35920215228829e-25 1.00455661262961e-29 2.95031257909435e-34 8.54720837972395e-39 2.44979471753935e-43 6.96134512639369e-48 1.96417754415541e-52 5.50928288926063e-57 1.53753443405292e-61 4.27244861513766e-66 1.18276219881061e-70 3.26352894405975e-75 8.97868734929968e-80 2.45490848012512e-84
2 11 0 0.575553770788256 0.367146727057933 0.0510235670287735 0.00564548868378501 0.000570065770750273 5.47704190707229e-05 5.09980259259963e-06 4.64715289847753e-07 4.16840557414298e-08 3.69425101405098e-09 3.24312302256877e-10 2.82533405904106e-11 2.44583643762162e-12 2.10609418142781e-13 1.80536055816829e-14 1.5415502127187e-15 1.31183122674452e-16 1.11302233313862e-17 9.41854241416918e-19 8.12348832359933e-20
3 2 0 0.686317470917632 0.294816489050724 0.0180215957173177 0.000810856943127921 3.23343647979809e-05 1.20810862668581e-06 4.33329763090354e-08 1.51135305374295e-09 5.1646956772241e-11 1.73768079968998e-12 5.77537414407312e-14 1.9006312622406e-15 6.20406769232186e-17 2.01134695409795e-18 6.48294393449711e-20 2.07913660432036e-21 6.63898388506199e-23 2.1118288915272e-24 6.69491824526259e-26 2.16350163413156e-27
3 4 0.73922332660604 0.259829027270271 0.00094520332530464 2.4370963279958e-06 5.68937307542646e-09 1.26558302691735e-11 2.73575479351958e-14 5.80252254599984e-17 1.21418527303167e-19 2.51511883984396e-22 5.16914668036937e-25 1.05572639708107e-27 2.14513050125708e-30 4.34008894105325e-33 8.74928532986321e-36 1.75833037370013e-38 3.52421294728503e-41 7.04698912450073e-44 1.4061934289989e-46 2.80082949081783e-49 5.66952563666371e-52
3 10 0 0 0.587111756579678 0.313508900671976 0.0789632223718801 0.016534922998653 0.00317669119514459 0.000580495392115887 0.000102655031360622 1.77380318412338e-05 3.01265240133565e-06 5.04903226523293e-07 8.37260880150832e-08 1.37644275406479e-08 2.24664926100934e-09 3.64484128316176e-10 5.88259646248521e-11 9.4517098070256e-12 1.51268602181482e-12 2.41260717836505e-13 4.16277235421341e-14
4 3 0.999788621496533 0.000211378503467012 3.315302539931e-22 4.97694011761613e-41 4.11779475426212e-60 2.57766824701169e-79 1.37166075862435e-98 6.56198860487792e-118 2.91182733395403e-137 1.22177378563106e-156 4.90930484124717e-176 1.90580482878926e-195 7.19334144629389e-215 2.65240530408189e-234 9.58929401812399e-254 3.40885557253505e-273 1.19424411489124e-292 4.13085928282895e-312 0 0 0
4 5 0 0.574223794393111 0.369817479803019 0.0500585382771203 0.00533224926727435 0.000515947846661056 4.73805103960407e-05 4.21007513524057e-06 3.65706379113693e-07 3.12449057256047e-08 2.63594458014789e-09 2.20174437791431e-10 1.8243144423333e-11 1.50157105444671e-12 1.22904917470794e-13 1.00122130501086e-14 8.12295031240567e-16 6.56674876833308e-17 5.29209879801825e-18 4.2530661679535e-19 3.47914985362818e-20
4 8 0 0.835154655629547 0.164815773031215 2.94853583497451e-05 2.66894097628113e-09 1.99908564304537e-13 1.36739271627821e-17 8.86590127557572e-22 5.54904977870218e-26 3.38711735035364e-30 2.02914840879338e-34 1.19810597138421e-38 6.99273084960158e-43 4.04287815187341e-47 2.31908379470823e-51 1.32145854325796e-55 7.48716036606422e-60 4.22122846456737e-64 2.36966974294852e-68 1.32521215029488e-72 8.33117466125799e-08
5 1 0 0.744883633551494 0.254826518640275 0.000289670643695766 1.77073780041634e-07 9.0712502125774e-11 4.26708685712078e-14 1.90849317952863e-17 8.25583157574666e-21 3.48764138219176e-24 1.4474497512588e-27 5.92516842811029e-31 2.39897992950264e-34 9.62618009230256e-38 3.83385802623632e-41 1.51731030581228e-44 5.97259088586314e-48 2.33999899746054e-51 9.13037192356144e-55 3.54969697736834e-58 1.38368546407594e-61
5 4 0 0.744245614322718 0.239707758637315 0.0152008485528078 0.000804178191556247 3.96294925489368e-05 1.87961583456247e-06 8.70360831756027e-08 3.96439289877338e-09 1.78417537693075e-10 7.95654818488345e-12 3.52276465589097e-13 1.55065681112165e-14 6.79303586727987e-16 2.96390387238212e-17 1.28877460520608e-18 5.587388232395e-20 2.41616139613375e-21 1.04247117197749e-22 4.48885518048876e-24 1.96728634289331e-25
5 7 0.349542346772298 0.573047678882581 0.0703407388443086 0.00647786890990522 0.000544057762704926 4.36256594192073e-05 3.40162404788907e-06 2.60305111898793e-07 1.96531787378016e-08 1.46886653314738e-09 1.08917869412016e-10 8.02533352258121e-12 5.88261102626989e-13 4.29331910893549e-14 3.12190499984608e-15 2.26295536245425e-16 1.63584984764133e-17 1.17969463964367e-18 8.48938408294797e-20 6.0976809555964e-21 4.45413279873788e-22
6 7 0 0.6715247157357 0.267484937533249 0.0512719536480918 0.00827944499552923 0.00123492616338572 0.000175911410292866 2.43154394420437e-05 3.2904553612198e-06 4.38308940159687e-07 5.76782462402408e-08 7.51676481522089e-09 9.71889243531665e-10 1.24839186410831e-10 1.59469858527051e-11 2.02744111405561e-12 2.56706986994273e-13 3.23870985736862e-14 4.07320483144645e-15 5.10839065618772e-16 6.68707627570624e-17
6 17 0.584727989387698 0.411951899066316 0.00330542146967444 1.46195151931882e-05 5.41912072968211e-08 1.84273874390033e-10 5.95281837378697e-13 1.85864250329684e-15 5.6641426130219e-18 1.69505401804099e-20 5.00153583373944e-23 1.4592279939721e-25 4.21828461632253e-28 1.21007064370175e-30 3.44875284543368e-33 9.77448439650939e-36 2.75695130157001e-38 7.74337229002189e-41 2.16677088009558e-43 6.04306966971793e-46 1.61850399749142e-08
7 5 0.411742244117558 0.5649565653785 0.0227550813251601 0.000535257365841816 1.06485919456832e-05 1.94965557692845e-07 3.39636404539263e-09 5.7234793623843e-11 9.41901850268892e-13 1.52271988061735e-14 2.42782232739935e-16 3.82821769571439e-18 5.98181147235383e-20 9.27642712516908e-22 1.42937188735667e-23 2.19039718333208e-25 3.3406511318885e-27 5.07373825389621e-29 7.67761428880168e-31 1.15798534257856e-32 4.8008803599231e-09
7 6 0 0.975519939331065 0.0242734284798791 0.00020519266483758 1.4303097471399e-06 9.15825059602454e-09 5.58879082547849e-11 3.30649647194063e-13 1.91433517811161e-15 1.09075479318721e-17 6.13903952896026e-20 3.42171122375474e-22 1.89212506162625e-24 1.03946376362958e-26 5.67899656642016e-29 3.08807257313611e-31 1.67238442001426e-33 9.02491388286538e-36 4.85504600796729e-38 2.60459698067379e-40 1.42862502698252e-42
7 8 0 0 0 0.647373538372309 0.322642043319563 0.0280023636812983 0.00186372898510382 0.000111644018899263 6.31734671852936e-06 3.44891209606186e-07 1.83714434090648e-08 9.61182858882375e-10 4.96050169525734e-11 2.53259076106045e-12 1.28180811886958e-13 6.4411288033473e-15 3.21724531717871e-16 1.59874619770474e-17 7.90964158819945e-19 3.89820535620228e-20 1.95030138836156e-21
7 15 0 0.112096275523172 0.472195117005571 0.254799438098167 0.103205497392955 0.0378616931246743 0.0131988876362757 0.00445977314745632 0.00147544062332648 0.000480747470359982 0.000154850931257391 4.94310026529776e-05 1.56653742005127e-05 4.93513711514947e-06 1.54702740212498e-06 4.82907721354216e-07 1.50195040232258e-07 4.65671191733219e-08 1.43980673262838e-08 4.44088342407864e-09 1.99658264056015e-09
8 4 0 0.636094232383105 0.360570460220021 0.00331493680014432 2.02602768570549e-05 1.09756556477006e-07 5.60538980838952e-10 2.76400216132073e-12 1.33151691156758e-14 6.30866730612833e-17 2.95203663111601e-19 1.36805495693733e-21 6.29107762951891e-24 2.87473659479414e-26 1.30671582939531e-28 5.91325913984437e-31 2.66570614717201e-33 1.19772945993939e-35 5.36594500193619e-38 2.39785482584976e-40 1.09461480169728e-42
8 7 0 0 0 0.670989140687195 0.307366750143472 0.0205839066140241 0.00101406607871145 4.42538220009817e-05 1.80887908684689e-06 7.09639014088435e-08 2.7066147969175e-09 1.01132539361092e-10 3.72012981863914e-12 1.35168350080063e-13 4.8626245639702e-15 1.73501536243733e-16 6.14819068745319e-18 2.16595110789478e-19 7.59207133841771e-21 2.6495154477014e-22 9.40940071502473e-24
8 9 0 0.81193436623914 0.169592211592935 0.0169114269114758 0.0014388102976601 0.000113855502368199 8.64136835660274e-06 6.38279601724686e-07 4.62528547451755e-08 3.30450767699788e-09 2.33518979172664e-10 1.63590651709445e-11 1.13793566563296e-12 7.8690586673327e-14 5.41469116358767e-15 3.71007970096982e-16 2.53279875896779e-17 1.72356577637283e-18 1.16958152866787e-19 7.91673950033746e-21 5.44389538320352e-22
9 8 0 0.99906022971407 0.000939461328919201 3.08868131991089e-07 8.75522412697875e-11 2.32870367443958e-14 5.97710278516757e-18 1.49955520727345e-21 3.70292071912143e-25 9.03763846486987e-29 2.18612897382933e-32 5.25071284242021e-36 1.25390241915587e-39 2.98018315302971e-43 7.0547885216392e-47 1.66434183905646e-50 3.91490875018483e-54 9.1851311273867e-58 2.15014650384103e-61 5.02320822547708e-65 1.17493387788181e-68
9 10 0 0.12641369790761 0.473121964670141 0.244949363561204 0.0989549230328083 0.0367155999371414 0.0130390341875907 0.00450821160145638 0.00153073200347665 0.000513003368209803 0.000170236679234351 5.6057098815734e-05 1.83446989612271e-05 5.97275356416448e-06 1.93635825691708e-06 6.25495919511871e-07 2.01424448402724e-07 6.46884038348074e-08 2.07258320689278e-08 6.62656262891879e-09 3.18036198601285e-09
9 14 0 0 0.518068632882187 0.329730894079872 0.109914429596667 0.0312660072025286 0.00825683659821856 0.0020880246882352 0.000513229350248154 0.000123639962115038 2.93431241333328e-05 6.88374393656677e-06 1.60005822679917e-06 3.69129278967486e-07 8.46261306185329e-08 1.92990769436869e-08 4.38132857612883e-09 9.90778551313335e-10 2.23286819427837e-10 5.01696869362028e-11 1.35804880328962e-11
9 15 0 1.00000000024805 2.03271006272372e-37 1.48643993988918e-95 6.26094599100954e-154 2.18450352344704e-212 6.92280647033352e-271 0 0 0 0 0 0 0 0 0 0 0 0 0 0
9 16 0 0 0.0679765155702345 0.395579736606881 0.282252337208785 0.143508270704957 0.0647426579223263 0.0274534954698256 0.0112071419623708 0.00445878163000147 0.00174126995780597 0.000670519865681833 0.000255374892367828 9.6405405893141e-05 3.61298699617149e-05 1.34582957711202e-05 4.98737353761356e-06 1.84003921519774e-06 6.76252179989531e-07 2.47698258795322e-07 1.53273944802922e-07
10 3 0 0 0.351536634603872 0.343160461308673 0.17717164418454 0.0775183048928075 0.0313580631529857 0.0121151238004071 0.00454116740013686 0.00166609263602923 0.000601574211116049 0.000214537164224488 7.5757905796766e-05 2.65371176153777e-05 9.23355555420367e-06 3.19466568833827e-06 1.09996087205846e-06 3.77143962866991e-07 1.28838160587109e-07 4.38710352383428e-08 2.35865225010128e-08
10 9 0 0.613758343599729 0.380404295703138 0.00577369700888506 6.30340177642394e-05 6.23734908020676e-07 5.88120662474727e-09 5.38802661120008e-11 4.84257334459985e-13 4.29326456095707e-15 3.76746748684458e-17 3.27982747490765e-19 2.83716216071091e-21 2.44147428704203e-23 2.09185854565623e-25 1.78572623724083e-27 1.51959518715874e-29 1.28959654294645e-31 1.09179472521867e-33 9.22383259174877e-36 7.98688514172634e-38
10 11 0 0 0.494633705926767 0.348465143957573 0.115274094712417 0.0314209895693769 0.00782005972543882 0.00184569549905835 0.000420720988357628 9.35712166955698e-05 2.04330615566643e-05 4.39914921470471e-06 9.36481613558152e-07 1.97528526363689e-07 4.13462169938222e-08 8.59873741510622e-09 1.77841015581989e-09 3.66058890591921e-10 7.50332892748556e-11 1.53234488986671e-11 3.62453765611353e-12
10 13 0 0.414145325513663 0.448513033070628 0.111709198248299 0.0212995599051909 0.00364015026423094 0.000585874473972821 9.07811944284008e-05 1.37025279644719e-05 2.0289389327696e-06 2.96052473109527e-07 4.27015780860115e-08 6.10173802507996e-09 8.65178516686351e-10 1.21881638444178e-10 1.70753401337192e-11 2.38084144613822e-12 3.30589373363545e-13 4.57365329677912e-14 6.30717161043651e-15 9.18082752865872e-16
11 2 0 0.958351313695702 0.0415619660186938 8.65817831122797e-05 1.3830201481422e-07 2.0020204900484e-10 2.75154790777679e-13 3.66217182334639e-16 4.76878606552835e-19 6.11217359091613e-22 7.74042978283834e-25 9.71047689438567e-28 1.20897760305054e-30 1.49583087256456e-33 1.84108928543399e-36 2.25599004512787e-39 2.7538452853279e-42 3.35041797272391e-45 4.06436425492189e-48 4.91775399800211e-51 6.01974709037297e-54
11 10 0 0 0.360041533254146 0.320428139932763 0.172700009361727 0.0822418129901381 0.0369381971097067 0.0160311287667987 0.00680220103442349 0.00284045884694995 0.00117204987496235 0.000479169848366442 0.000194460330535784 7.84438522121355e-05 3.14856600268384e-05 1.2584325313358e-05 5.01158036174339e-06 1.98956527909937e-06 7.87683354333671e-07 3.11097095537339e-07 2.24885839772114e-07
11 12 0 0.999713420728064 0.000286497756181751 1.33854891949651e-08 4.8191283554411e-13 1.55259427101043e-17 4.70161519206693e-22 1.36851900125804e-26 3.87541229969319e-31 1.0754940432183e-35 2.93881077728099e-40 7.93259479243985e-45 2.12004836809789e-49 5.6196422724386e-54 1.47935192599599e-58 3.87147347286452e-63 1.00803133448848e-67 2.61305233574201e-72 6.7473088479657e-77 1.73625669556246e-81 6.81297828153404e-08
12 11 0 0.843543264287653 0.142995498210694 0.0124446238153956 0.000944321569412653 6.73275500555634e-05 4.6313169626113e-06 3.11237152228601e-07 2.05759248871409e-08 1.34383700833002e-09 8.69480729715619e-11 5.58386113383432e-12 3.564286041817e-13 2.26371683141545e-14 1.43161463124415e-15 9.02095959389289e-17 5.66650843012215e-18 3.54966598551414e-19 2.2182505207111e-20 1.38325699421805e-21 8.7629690224321e-23
12 23 0 0.760516074275782 0.22730048171219 0.0116767104154244 0.000487267688768575 1.87495942843193e-05 6.90656643337794e-07 2.47548251698987e-08 8.70791814257803e-10 3.02157656213494e-11 1.0376089732189e-12 3.53408888829479e-14 1.19577459960476e-15 4.02395727745014e-17 1.34794313323683e-18 4.49780225416412e-20 1.49580280857904e-21 4.96000861778542e-23 1.64051028190849e-24 5.41366835889984e-26 1.82221733558537e-27
13 10 0 0.686317470917632 0.294816489050724 0.0180215957173177 0.000810856943127921 3.23343647979809e-05 1.20810862668581e-06 4.33329763090354e-08 1.51135305374295e-09 5.1646956772241e-11 1.73768079968998e-12 5.77537414407312e-14 1.9006312622406e-15 6.20406769232186e-17 2.01134695409795e-18 6.48294393449711e-20 2.07913660432036e-21 6.63898388506199e-23 2.1118288915272e-24 6.69491824526259e-26 2.16350163413156e-27
13 14 0 0.0928778495450857 0.406317731774708 0.26194874769894 0.131665953018213 0.0607038968128918 0.0267652587401748 0.0114825610221157 0.00483572129250228 0.00200943584748374 0.000826596011965995 0.000337343718724303 0.000136799803969418 5.51854962644225e-05 2.21647594520795e-05 8.86925633119684e-06 3.53772736017243e-06 1.40720259027759e-06 5.58383354736493e-07 2.21092737750963e-07 1.60795135135411e-07
13 22 0 0.900620657251651 0.0986748365656773 0.00070088845531774 3.60128171587401e-06 1.63755609299733e-08 6.97903604536924e-11 2.85704757122545e-13 1.13793932290046e-15 4.44290385124056e-18 1.70861853048612e-20 6.49329639484187e-23 2.44414899092347e-25 9.12782658344553e-28 3.38641457334569e-30 1.24932786252967e-32 4.58687139632552e-35 1.67700424067455e-37 6.10875249405173e-40 2.2179732157532e-42 8.21035762176603e-45
14 9 0 0 0.997463637047471 0.00253447655205007 1.88523694494127e-06 1.1628719141009e-09 6.61624856133478e-13 3.59762873682794e-16 1.90024074987361e-19 9.83605389066458e-23 5.01610771333315e-26 2.52901356766488e-29 1.26359409951392e-32 6.2672510112232e-36 3.08964722967115e-39 1.51537965981565e-42 7.40015660341791e-46 3.60019819019957e-49 1.74577099572558e-52 8.44102163256188e-56 4.10048363995994e-59
14 13 0 0.0856002830922843 0.414957326468422 0.269918832228502 0.131428259779966 0.0578440683368248 0.0241622363276487 0.00977468254480934 0.00386949134159283 0.00150802068269575 0.000580791446347341 0.00022162003735153 8.3938603949093e-05 3.15976929037576e-05 1.1833824800331e-05 4.41273061380025e-06 1.63933461491454e-06 6.07042067196089e-07 2.24147868571075e-07 8.25578726556944e-08 5.17788658598833e-08
14 18 0 0.831136459298137 0.153534997071824 0.0141170711652193 0.00112167042649826 8.3388328075076e-05 5.96664866633329e-06 4.16430031051768e-07 2.85593831071525e-08 1.93336488996499e-09 1.29576430555809e-10 8.61544027677414e-12 5.69129823307377e-13 3.73944017061066e-14 2.4458484837969e-15 1.59355367056694e-16 1.03477583862125e-17 6.69966554087801e-19 4.32652257086299e-20 2.78759683166968e-21 1.82453631527551e-22
14 21 0 0.753025795779437 0.214622559763846 0.0287303555379703 0.00324486634759674 0.000338952256191486 3.38450270620461e-05 3.28153175383209e-06 3.11646290796277e-07 2.91451732250484e-08 2.69347679877979e-09 2.46579300767315e-10 2.24005059101998e-11 2.02201337429038e-12 1.81538695405227e-13 1.6223812220973e-14 1.44412821222618e-15 1.28099350663946e-16 1.13280840229066e-17 9.99042617964528e-19 8.99034216346723e-20
15 7 0 0.203889397298328 0.641293545402134 0.134670699654807 0.0178731497278012 0.00203498200832879 0.000214366765815715 2.15417395470884e-05 2.0972462670005e-06 1.99588931811073e-07 1.86714954097277e-08 1.72349932390493e-09 1.57391478474738e-10 1.42471470185883e-11 1.28021238003616e-12 1.14322075993539e-13 1.01544240001343e-14 8.97769241886755e-16 7.90511808443059e-17 6.93573337306472e-18 6.2030626014394e-19
15 9 0 0.901950822705089 0.0969356177367926 0.00110323069208038 1.02401481812439e-05 8.79863746889577e-08 7.25602320847701e-10 5.83299203807051e-12 4.60798035747527e-14 3.59440349929041e-16 2.77691447015689e-18 2.12918832272532e-20 1.62262188835013e-22 1.23038093657614e-24 9.29040084110957e-27 6.98997964432013e-29 5.24300918182125e-31 3.92213769817375e-33 2.92714898026519e-35 2.18003884848526e-37 1.66349725750307e-39
15 16 0.989153382396981 0.010846617437444 1.65574760036237e-10 1.28622127230373e-18 8.36852490134644e-27 5.00745365332875e-35 2.85309183890078e-43 1.57412234492862e-51 8.48927268471907e-60 4.50123974590347e-68 2.35552896660147e-76 1.21982356001882e-84 6.26318690966684e-93 3.19307456160554e-101 1.61814579832749e-109 8.1582478784373e-118 4.09493203102548e-126 2.04743550591541e-134 1.02020491671381e-142 5.06809315443217e-151 2.51202701669332e-159
15 17 0 0.704150872087256 0.241125965646516 0.0457176347808828 0.00760395311337622 0.00119049874414658 0.000179971403978131 2.65909572750447e-05 3.86590604646149e-06 5.55335043331408e-07 7.90369505752751e-08 1.11660183028805e-08 1.56802486644425e-09 2.19097050575027e-10 3.048512146677e-11 4.22641709991518e-12 5.84118948517142e-13 8.05093113508497e-14 1.10699992884438e-14 1.51887774042187e-15 2.20113447347225e-16
16 9 0 0 0.216639893845887 0.58853620162538 0.157198988667579 0.0309880053811332 0.00552045632506762 0.000934076230964862 0.000153174603555522 2.45943350714688e-05 3.88952060408933e-06 6.08119587735572e-07 9.42325012662396e-08 1.44976065306143e-08 2.21735242877654e-09 3.37471278682206e-10 5.11478494074324e-11 7.72435687009228e-12 1.16291217789119e-12 1.74601618667327e-13 2.80638695844133e-14
16 15 0.429610145633066 0.544531173587529 0.0250965047493289 0.00074256480977841 1.91396675703129e-05 4.60666846862749e-07 1.06413280640997e-08 2.39164341574318e-10 5.27084715965588e-12 1.14464115489312e-13 2.45741816946621e-15 5.22759193817803e-17 1.10372141579926e-18 2.31576577749517e-20 4.83308671197449e-22 1.00410135917076e-23 2.07786002875643e-25 4.28503532436731e-27 8.80983808419078e-29 1.80635707967652e-30 3.78986579328441e-32
16 18 0.897970060061868 0.102026603960519 3.33592209247726e-06 5.55194481614775e-11 7.68304470820739e-16 9.73573340353675e-21 1.17142671907898e-25 1.36219103649072e-30 1.54613866272422e-35 1.72350834499543e-40 1.89451589911149e-45 2.05936038914556e-50 2.21822797305662e-55 2.37129443741055e-60 2.51872694741271e-65 2.66068530264266e-70 2.79732286808591e-75 2.92878728423704e-80 3.05522102230906e-85 3.17676182799334e-90 3.27924110963171e-95
17 6 0.989153382396981 0.010846617437444 1.65574760036237e-10 1.28622127230373e-18 8.36852490134644e-27 5.00745365332875e-35 2.85309183890078e-43 1.57412234492862e-51 8.48927268471907e-60 4.50123974590347e-68 2.35552896660147e-76 1.21982356001882e-84 6.26318690966684e-93 3.19307456160554e-101 1.61814579832749e-109 8.1582478784373e-118 4.09493203102548e-126 2.04743550591541e-134 1.02020491671381e-142 5.06809315443217e-151 2.51202701669332e-159
17 15 0 0.978464963176343 0.0213585960142173 0.000175220286149924 1.21268706499591e-06 7.78799334238818e-09 4.79423747132652e-11 2.87188519169292e-13 1.68786832137153e-15 9.78136575093759e-18 5.60741719485029e-20 3.18714572681947e-22 1.79893559952511e-24 1.00953855121519e-26 5.637930272285e-29 3.13555856806978e-31 1.73761778524075e-33 9.59922856484339e-36 5.28839658454827e-38 2.90638070438323e-40 1.6337896764509e-42
17 19 0 0.423537582508698 0.409081825770242 0.1247254858056 0.0323864011776899 0.00787518382480854 0.00184714491098145 0.00042346453744056 9.55594095674343e-05 2.13158491066563e-05 4.71290045405665e-06 1.0347597694894e-06 2.25909342682922e-07 4.90906962468128e-08 1.06257356754191e-08 2.29227132002006e-09 4.93083431664203e-10 1.05799503727897e-10 2.26510218903413e-11 4.8399670039802e-12 1.22221720085209e-12
18 14 0 0.749324273725487 0.21112023809057 0.0339590067845503 0.00484446239461424 0.000653979117345337 8.5510853074242e-05 1.09503700831537e-05 1.38184131942379e-06 1.72483779105646e-07 2.13489926446247e-08 2.62478104082803e-09 3.20948182013655e-10 3.90665612662635e-11 4.73709203565314e-12 5.72526795604836e-13 6.90000340594885e-14 8.29522066515549e-15 9.95083673030228e-16 1.19138081089044e-16 1.48333894365831e-17
18 16 1.00000000001133 2.89143641599024e-118 0 0 0 0 0 0 0 0 0 0 0 0 0 0 0 0 0 0 0
18 19 0 0.444954818232495 0.423292204093757 0.10566331534673 0.021311859033626 0.00394048016630361 0.000694668911784954 0.000118824792822191 1.9906359762753e-05 3.28438326950549e-06 5.35618656437415e-07 8.65495582238818e-08 1.38817084521883e-08 2.21285217294714e-09 3.50930084562918e-10 5.54089266101584e-11 8.71551849968531e-12 1.36638621583091e-12 2.13596543556707e-13 3.33042323625795e-14 5.59900911459161e-15
19 17 0 0.999999893819887 6.61110346685274e-10 1.86209908902715e-25 3.35772833070647e-41 5.1888427425203e-57 7.4078358116375e-73 1.00766483810771e-88 1.32671871504719e-104 1.70623733824388e-120 2.15575198379892e-136 2.68619688210566e-152 3.31009854684688e-168 4.0417922640885e-184 4.89766847781965e-200 5.89645254803146e-216 7.05952198816279e-232 8.41126590881199e-248 9.97949204940406e-264 1.17958874944165e-279 1.05519002646659e-07
19 18 0 0.393540802603308 0.412517028024859 0.139361064748815 0.0400623539319221 0.0107789131918608 0.00279639015614312 0.000708905313568874 0.000176864510903844 4.36120671588198e-05 1.06581723256789e-05 2.58634943707238e-06 6.24028590045403e-07 1.49853394332104e-07 3.58427937198717e-08 8.54408842712652e-09 2.03077059798858e-09 4.81449461848071e-10 1.13885653296409e-10 2.68860290198355e-11 7.83934593275849e-12
19 20 0 0 0.409675169624113 0.343350626137758 0.154889314009292 0.0597332457495478 0.0213931508193728 0.00733720471792724 0.00244582552517643 0.000799040822344611 0.000257151433892987 8.18008222905924e-05 2.57809591773496e-05 8.06406788390691e-06 2.50655121210229e-06 7.74980541653252e-07 2.38522578535702e-07 7.31237122533045e-08 2.2340473232783e-08 6.80469999158552e-09 2.98800580479588e-09
19 21 0 0.134290184539747 0.498797682665986 0.238064952955687 0.0868010453881213 0.0288622426698318 0.00915294472540374 0.00281977434795068 0.000851868552049485 0.000253748855197227 7.47836457710583e-05 2.18568681218056e-05 6.3453944487925e-06 1.83205575828606e-06 5.26526322577825e-07 1.5073206194114e-07 4.30065051084007e-08 1.22348114560114e-08 3.47177195893932e-09 9.82935012627085e-10 3.81517224743239e-10
20 19 0 0 0.952726555434335 0.046388752704586 0.000870819303182164 1.3671527692231e-05 1.98245006985647e-07 2.747715128385e-09 3.69883885853654e-11 4.87851487610481e-13 6.33798492375964e-15 8.1389398556275e-17 1.03557167576074e-18 1.30778913052739e-20 1.64133599814856e-22 2.04920155508755e-24 2.54701348066878e-26 3.15356183150932e-28 3.89142474693563e-30 4.78771550509108e-32 6.03535817546663e-34
20 21 0.564099974235784 0.42997394688374 0.00587650900586827 4.92116105131704e-05 3.55854065592546e-07 2.39449643175107e-09 1.54355637020571e-11 9.67038690286061e-14 5.93649417715914e-16 3.58917774348402e-18 2.14443172896817e-20 1.26914827919952e-22 7.4532282439461e-25 4.34880511347826e-27 2.52360159232943e-29 1.45759281410257e-31 8.38470135790587e-34 4.80612886238058e-36 2.74625725999508e-38 1.5648629898965e-40 9.11945736369821e-43
20 23 0 0.796485036171512 0.178354002076793 0.0223808368285188 0.00248865206504348 0.000261836167667653 2.6683260075078e-05 2.66326663431868e-06 2.61956978957868e-07 2.54872240340406e-08 2.4590585317925e-09 2.35675638382696e-10 2.2464564246903e-11 2.13166860352546e-12 2.01505329537078e-13 1.89862211796462e-14 1.78388549937351e-15 1.67196349873329e-16 1.56367047239414e-17 1.45958064374961e-18 1.39415006396481e-19
21 14 0 0.607804447980815 0.304152363425455 0.0712145766834494 0.013854347165513 0.00247251019959702 0.000419684699316952 6.89383533186858e-05 1.10647626959938e-05 1.74559383261526e-06 2.7174525421635e-07 4.18578198598682e-08 6.3920218349752e-09 9.69129603803324e-10 1.46047369944598e-10 2.18954869210807e-11 3.267895088788e-12 4.85825494566366e-13 7.19769402384106e-14 1.06310338034903e-14 1.67538385425295e-15
21 19 0 0.124748422549225 0.510610056778784 0.242938875027629 0.0844711580105821 0.0263681199597185 0.00778693083616992 0.00222296898808777 0.000620240085564389 0.000170223079088292 4.61383809225031e-05 1.23842836165896e-05 3.29818943598543e-06 8.72739898161691e-07 2.29697956551308e-07 6.01792412793797e-08 1.57048167162347e-08 4.08450822462048e-09 1.05913187258789e-09 2.73914119021379e-10 9.17086773967348e-11
21 20 0.989521426192879 0.0104785734521142 3.55006332187108e-10 7.14486124840888e-18 1.25398303241291e-25 2.06292743704226e-33 3.26762073795976e-41 5.04859959911732e-49 7.66407846061909e-57 1.14827910275255e-64 1.70302514025547e-72 2.5053941777172e-80 3.66151061500358e-88 5.32178906315848e-96 7.69908549525804e-104 1.10941864156544e-111 1.59315721801789e-119 2.28095556479308e-127 3.25705216346305e-135 4.63992561642723e-143 6.59618134142464e-151
21 22 0 0.31860642790016 0.433811529313721 0.171205851210837 0.0545011999711887 0.01587210120465 0.00440089610359433 0.00118278555621635 0.000311099640971232 8.05414871103834e-05 2.06006963548984e-05 5.21905118666698e-06 1.31201329365151e-06 3.27722108690757e-07 8.14212765789167e-08 2.0136317864495e-08 4.96027965418608e-09 1.21769138376345e-09 2.98026001453215e-10 7.2745620173419e-11 2.22705176007924e-11
22 13 0 0.557813172701729 0.374909632123818 0.0588396245788772 0.00746112986427974 0.000868360423840751 9.64513279047627e-05 1.04020901845131e-05 1.09930322578577e-06 1.14464037857652e-07 1.17842428734448e-08 1.20242058325654e-09 1.21807804032905e-10 1.22660647977036e-11 1.22902958374694e-12 1.22622229598019e-13 1.21893827089016e-14 1.20783062584197e-15 1.19346802576991e-16 1.17634741514022e-17 1.18870567958895e-18
22 21 0 0.512907464242582 0.386883333891952 0.0824329443847054 0.0148145692210579 0.00248523259655523 0.000401507888883798 6.33410766601681e-05 9.82981569019875e-06 1.50725074577613e-06 2.29001660403529e-07 3.45419181262351e-08 5.1797563864178e-09 7.72984172573252e-10 1.14885954759093e-10 1.70161018682106e-11 2.51279767218117e-12 3.70106372321719e-13 5.43881199202973e-14 7.97633413440851e-15 1.24832615243733e-15
22 23 0.360611262717458 0.597094409536941 0.0405296412832953 0.0017012517752846 6.1318843353865e-05 2.04838610553666e-06 6.53709381685661e-08 2.02346432093359e-09 6.12791748308174e-11 1.82556383396571e-12 5.36938369440437e-14 1.56315000102767e-15 4.51264219170302e-17 1.29365927599447e-18 3.68666272732938e-20 1.04529222001924e-21 2.95070749985132e-23 8.29730891619416e-25 2.32523896942769e-26 6.49652456821192e-28 1.85277326351531e-29
23 12 0 0.953972044589324 0.0459096219049309 0.000118097845086721 2.35233852202172e-07 4.26070895008729e-10 7.33999347664165e-13 1.2258235924246e-15 2.00438630367601e-18 3.22759760435174e-21 5.13723256701903e-24 8.10248502607679e-27 1.26857546561761e-29 1.97418841746185e-32 3.05676645905663e-35 4.71268049154557e-38 7.23880860335914e-41 1.10833124278917e-43 1.69218093579765e-46 2.57715413559891e-49 3.97818980393888e-52
23 20 0 0.98456987046212 0.0153425460205361 8.71642438109273e-05 4.17410946474884e-07 1.85465463897009e-09 7.89932238823025e-12 3.27407926554372e-14 1.33147024396727e-16 5.33924929792757e-19 2.11809862842128e-21 8.33106754919219e-24 3.25417484559908e-26 1.26381756146404e-28 4.8845647491925e-31 1.88006672326231e-33 7.21060016161816e-36 2.75688237865657e-38 1.05117733066473e-40 3.99833647336364e-43 1.55218145970304e-45
23 22 0.489179052719163 0.491210534254018 0.0190779396240087 0.000519492033345533 1.26814048315029e-05 2.93252824281353e-07 6.56482487229427e-09 1.4381418174559e-10 3.10211035407595e-12 6.6140142490681e-14 1.3974723340176e-15 2.93139763348327e-17 6.11265360993232e-19 1.26834185737664e-20 2.62073913861352e-22 5.39574263008131e-24 1.10745472053011e-25 2.26681787936695e-27 4.62873247935872e-29 9.43144295726985e-31 1.96749342158428e-32
