0 1 0 0 1 4.06120131797585e-16 3.66195348512831e-73 1.75445657982723e-173 3.58226249042363e-317 0 0 0 0 0 0 0 0 0 0 0 0 0 0
0 2 0 0.161541077086996 0.61959180730919 0.212619323572049 0.00623528274404492 1.25077741568035e-05 1.51355323575378e-09 1.04390682195204e-14 3.99299348132236e-21 8.34627519931476e-29 9.44990569856391e-38 5.76315545256087e-48 1.88598438096069e-59 3.30287154967594e-72 3.08933347638331e-86 1.54103262705539e-101 4.09481507614516e-118 5.79081005078777e-136 4.35523817944572e-155 1.74098755091456e-175 3.69722696264607e-197
1 0 0 0 0.260907891348759 0.530245664349827 0.196149787765664 0.0125683804403848 0.000128081783742717 1.94269457191046e-07 4.21647903705949e-11 1.28100521910628e-15 5.37835562166961e-21 3.0961222760738e-27 2.43117449991012e-34 2.59480979316968e-42 3.7548047577843e-51 7.35275866915777e-61 1.94571370672828e-71 6.95017289395643e-83 3.34828478460923e-95 2.173978306938e-108 1.90109594885052e-122
1 5 0 0.235961569276798 0.762447933409058 0.00159049728632475 2.78186819861943e-11 1.546228613541e-24 2.29303897881693e-43 8.56791957701454e-68 7.86292165122866e-98 1.74847793767247e-133 9.34582817141674e-175 1.1945952292102e-221 3.63872914329217e-274 0 0 0 0 0 0 0 0
2 0 0 0.999978731741882 2.12682581190092e-05 1.6949617832e-39 1.62706702213698e-108 1.24006307920575e-212 0 0 0 0 0 0 0 0 0 0 0 0 0 0 0
2 3 0 0.247319198310982 0.68212343755874 0.0703949543743069 0.000162404243463911 5.5125051597963e-09 2.38725621451724e-15 1.24958959396451e-23 7.70923348205331e-34 5.52995947093687e-46 4.57474380384521e-60 4.34181619558734e-76 4.71072949990939e-94 5.82796636531113e-114 8.20632688806163e-136 1.31332148933602e-159 2.38621293558749e-185 4.91799561214838e-213 1.14896368268122e-242 3.04100833632864e-274 9.11420535640758e-308
2 11 0 0.292205962251214 0.679838976020539 0.0279481840546166 6.87766767948353e-06 5.95087019948374e-12 1.56446412107061e-20 1.18503634403649e-31 2.52354703440491e-45 1.49090794230121e-61 2.42441148152725e-80 1.07958760832908e-101 1.31187457435639e-125 4.33942938619547e-152 3.90018679798112e-181 9.51150936602813e-213 6.28721545723024e-247 1.12549381084593e-283 0 0 0
3 2 0 0.999999999974502 2.54974666255689e-11 2.2641683573221e-84 5.69418414012268e-229 0 0 0 0 0 0 0 0 0 0 0 0 0 0 0 0
3 4 0.345063637988063 0.65493457247353 1.78953840678056e-06 2.7984664544746e-22 8.10453408383968e-49 3.67603436802746e-86 2.47340548291851e-134 2.40949270034707e-193 3.35463497278553e-263 0 0 0 0 0 0 0 0 0 0 0 0
3 10 0 0 0.235938293712542 0.479128114103651 0.25063392949812 0.0332183966644102 0.00107312715416514 8.12485951416717e-06 1.40022078267105e-08 5.38895982780857e-12 4.57610489930515e-16 8.50741887826446e-21 3.4448191796554e-26 3.0272610796216e-32 5.75885311909347e-39 2.36702456388229e-46 2.09906715197209e-54 4.01164547244143e-63 1.65085283471122e-72 1.46175861665527e-82 2.78541197209923e-93
4 3 0.999999999999962 0 0 0 0 0 0 0 0 0 0 0 0 0 0 0 0 0 0 0 0
4 5 0 0.302706349466826 0.654474675102297 0.042774744663369 4.42302925009819e-05 4.75006988698737e-10 4.6332033249905e-17 3.90061117729496e-26 2.76723934460245e-37 1.63291248518364e-50 7.95201800254836e-66 3.1797221846581e-83 1.04038791074415e-102 2.77859007050338e-124 6.04625910773115e-148 1.07049113901824e-173 1.54045310425528e-201 1.80017587242999e-231 1.70720689876769e-263 1.31316751245011e-297 0
4 8 0 0.0643747132568221 0.623466442112836 0.303425298599102 0.00872310014195052 1.04454544696705e-05 4.34820151672069e-10 5.8524936041911e-16 2.46535930705567e-23 3.1957940045148e-32 1.26232784485838e-42 1.51000393589584e-54 5.44758702877598e-68 5.91010684230153e-83 1.92415146612065e-99 1.87694891120855e-117 5.47910746718693e-137 4.7818872861814e-158 1.24678575172151e-180 9.70555127755411e-205 2.25466167539606e-230
5 1 0 0.0295844848054232 0.305965183253209 0.475160971418371 0.174345292991066 0.0146734975669641 0.000269534710314179 1.03444920963519e-06 8.05318043484833e-10 1.24860331614778e-13 3.81209361532818e-18 2.27534718184768e-23 2.64232900074324e-29 5.9501733403829e-36 2.59197214268211e-43 2.18028115954792e-51 3.53658657560334e-60 1.10505688938438e-69 6.6458042296807e-80 7.68736970221997e-91 1.71010562034003e-102
5 4 0 0.348579134426785 0.642238879587931 0.00918180517702021 1.80808261269536e-07 2.71918268874277e-15 2.70511158795466e-26 1.69076255952466e-40 6.48315876844817e-58 1.5055874473639e-78 2.10129074476981e-102 1.75371750184412e-129 8.72260239353684e-160 2.57922953986453e-193 4.52597997203981e-230 4.70677114582412e-270 2.89776030141071e-313 0 0 0 0
5 7 0.318636382450254 0.68132742543004 3.61921197058631e-05 3.07694621412006e-17 1.4862948706155e-37 3.45098365398521e-66 3.64671249532881e-103 1.71139541837079e-148 3.52064303468081e-202 3.15021376159851e-264 0 0 0 0 0 0 0 0 0 0 0
6 7 0 0.999717973208659 0.000282026791340571 2.63252581102943e-19 4.47747642101602e-47 1.061499268253e-87 3.26061302776572e-141 1.25902515734801e-207 6.01766034877628e-287 0 0 0 0 0 0 0 0 0 0 0 0
6 17 0.588503447986079 0.411496552013875 5.11293433034122e-14 7.92535367679531e-49 4.91336367567177e-106 1.04515230372473e-185 7.25317227186414e-288 0 0 0 0 0 0 0 0 0 0 0 0 0 0
7 5 0.968650734623272 0.0313492653767276 1.22102873309737e-39 1.62444249847446e-131 2.9701200923241e-278 0 0 0 0 0 0 0 0 0 0 0 0 0 0 0 0
7 6 0 0.912543206005722 0.0874554840550095 1.30993926782756e-06 4.71899297684923e-16 3.01165603093021e-30 3.1291012436868e-49 5.11450980406643e-73 1.29271720050472e-101 5.00338223508191e-135 2.94734191789836e-173 2.63171080831926e-216 3.55183439316488e-264 7.23064578623018e-317 0 0 0 0 0 0 0
7 8 0 0 0 0.999999999959056 4.09444766908918e-11 9.04675325797439e-84 5.69132040227718e-228 0 0 0 0 0 0 0 0 0 0 0 0 0 0
7 15 0 0.16393926301181 0.82393559276244 0.0121251138183462 3.04074030761685e-08 4.91376995089169e-18 4.23452330324663e-32 1.83004419133251e-50 3.86037978435585e-73 3.91858971806269e-100 1.89810077703968e-131 4.36389968811229e-167 4.7448645836655e-207 2.43362276968022e-251 5.8768730522763e-300 0 0 0 0 0 0
8 4 0 0.999999999998718 1.28154649313412e-12 5.61288538456319e-300 0 0 0 0 0 0 0 0 0 0 0 0 0 0 0 0 0
8 7 0 0 0 0.0401751807937132 0.169417263488308 0.308475750891577 0.293277854248911 0.145571009920123 0.0376567372683036 0.00506124711468597 0.00035209505201891 1.26265166487384e-05 2.32504466095201e-07 2.19068873652739e-09 1.05299816335504e-11 2.57565763865552e-14 3.19946402450117e-17 2.01501753220636e-20 6.4256196378823e-24 1.03637858559652e-27 8.42333676154127e-32
8 9 0 0.795193341282551 0.204713540157237 9.31185447672399e-05 1.54452012261895e-11 6.71744077803804e-22 6.9885313616984e-36 1.67629203114061e-53 9.10274248670629e-75 1.10756505159459e-99 3.00027519401947e-128 1.80180471752145e-160 2.39182066827586e-196 7.00320939501144e-236 4.51565914848708e-279 0 0 0 0 0 0
9 8 0 0.812284202491563 0.187612775530693 0.000103021944182379 3.35616025601849e-11 4.78450632391146e-21 2.73454547217706e-34 6.04663100530144e-51 5.08152731638166e-71 1.60669002987792e-94 1.89929994027661e-121 8.35920120741307e-152 1.36578159572431e-185 8.26659425432753e-223 1.85061357411936e-263 1.53046370027882e-307 0 0 0 0 0
9 10 0 0.169426251779562 0.812021652328373 0.0185518664248488 2.29467215364987e-07 6.434415750715e-16 3.40542230665351e-28 3.2015596114575e-44 5.20473877231922e-64 1.44252708293875e-87 6.75930651429985e-115 5.3261365390998e-146 7.0320656752696e-181 1.5516762373084e-219 5.71149960400775e-262 3.50197521007281e-308 0 0 0 0 0
9 14 0 0 0.665497719892153 0.333192554387379 0.00130971388641143 1.18340565051723e-08 1.74424555756674e-16 3.8003919992664e-27 1.17693149687596e-40 5.0815817149491e-57 3.02595839560618e-76 2.46854571702691e-98 2.74676223122559e-123 4.1560107695061e-151 8.53201060359654e-182 2.37264454132552e-215 8.92638530516938e-252 4.53893807672646e-291 0 0 0
9 15 0 0.902692790350984 0.0973072089124145 7.3660146889472e-10 1.9952737254607e-27 1.19011569671046e-54 1.40575326295843e-91 3.16012729964672e-138 1.32636673363756e-194 1.0283711898579e-260 0 0 0 0 0 0 0 0 0 0 0
9 16 0 0 0.0156735885376414 0.121739600393156 0.269648151566336 0.316993469355321 0.19786087353658 0.0654998931487617 0.0114721025857488 0.00105958089422772 5.14165711287904e-05 1.3059872545938e-06 1.73041745796186e-08 1.19242487947902e-10 4.26257488571758e-13 7.88782724997989e-16 7.54290081473192e-19 3.72226126408152e-22 9.46823444271068e-26 1.24028859040567e-29 8.33398412371755e-34
10 3 0 0 0.192133264500837 0.448034643683148 0.299722363927419 0.0570583489469287 0.00300864057518082 4.25806119165328e-05 1.57604736311668e-07 1.49797424338043e-10 3.61208596098164e-14 2.19213548722827e-18 3.3304570579168e-23 1.26198051032564e-28 1.18948060431454e-34 2.78333082088279e-41 1.6144664530409e-48 2.31872726038674e-56 8.23818886449191e-65 7.2353257236724e-74 1.57142672708008e-83
10 9 0 0.038374921568326 0.299409235953619 0.43214144039946 0.199574220382156 0.0291628407833679 0.00131921877808571 1.80487868256666e-05 7.32611283153428e-08 8.70010013811556e-11 2.99375348750163e-14 2.9654604114949e-18 8.41734023325636e-23 6.82436048234415e-28 1.57663791253688e-33 1.03614724925667e-39 1.93440045484024e-46 1.02482676301562e-53 1.53946874558558e-61 6.55261313204611e-70 7.90602035721357e-79
10 11 0 0 0.999999999999941 5.9285484891736e-14 2.5098520578778e-64 1.61039875376434e-153 1.24647416599927e-281 0 0 0 0 0 0 0 0 0 0 0 0 0 0
10 13 0 0.176291274201855 0.631137437507344 0.188223158503237 0.00434202922766787 6.10010016563129e-06 4.59729886282153e-10 1.75763213211722e-15 3.31877977614291e-22 3.05042409370027e-30 1.35307493344449e-39 2.88043517565793e-50 2.93182927328715e-62 1.42301417416168e-75 3.28717878489015e-90 3.60862937280629e-106 1.88049637178968e-123 4.64755735747523e-142 5.44360713889549e-162 3.01998113631109e-183 7.93182538922364e-206
11 2 0 0.736207443008558 0.263789997605204 2.55938623810224e-06 1.17247343891808e-17 1.49398629710903e-35 4.71455271351945e-60 3.53035803117467e-91 6.14683891857088e-129 2.46070353217549e-173 2.24937685871223e-224 4.67422461293298e-282 0 0 0 0 0 0 0 0 0
11 10 0 0 0.602092733942453 0.389689171969685 0.00821503223671966 3.06183566320281e-06 1.54783691666523e-11 9.69392050023565e-19 7.24225740381756e-28 6.333200137052e-39 6.41331045669761e-52 7.47071171414417e-67 9.96673859586668e-84 1.51820199889723e-102 2.63471609515674e-123 5.20058320782648e-146 1.16610621795242e-170 2.96732391738683e-197 8.56233869423426e-226 2.79991654941595e-256 1.03704824170637e-288
11 12 0 0.977746498928946 0.0222534995554844 1.51556934993956e-09 3.60780574419249e-23 2.25723891528164e-43 3.43109836124493e-70 1.22689395232021e-103 1.01536560369892e-143 1.92669180059501e-190 8.33346090492016e-244 8.18384102376402e-304 0 0 0 0 0 0 0 0 0
12 11 0 1 9.52848605907053e-251 0 0 0 0 0 0 0 0 0 0 0 0 0 0 0 0 0 0
12 23 0 0.221156074754697 0.651371945647988 0.126131820685494 0.00133957407193182 5.84830662800106e-07 9.22661965122703e-12 4.98663880121303e-18 9.00098330217012e-26 5.35174236185423e-35 1.03952111983684e-45 6.56133596184452e-58 1.34090822377538e-71 8.84985957274366e-87 1.88270730857742e-103 1.28919045394866e-121 2.83829892527383e-141 2.00736321105127e-162 4.55737981578109e-185 3.31953250348496e-209 7.75393141956033e-235
13 10 0 0.999913486401748 8.65135982525289e-05 3.07401633252513e-35 2.48632422032512e-97 2.98327565665832e-191 4.83889128701031e-317 0 0 0 0 0 0 0 0 0 0 0 0 0 0
13 14 0 0.0986166659600783 0.749663757910866 0.151111705577633 0.000607842931079856 2.76203311161547e-08 1.17198699189968e-14 4.34251405147779e-23 1.36383927586308e-33 3.5746359238964e-46 7.74809095097236e-61 1.38085378954218e-77 2.01561175923022e-96 2.40318246762894e-117 2.33572450320616e-140 1.84782293695629e-165 1.1885049429285e-192 6.20938368628489e-222 2.63321563724143e-253 9.05852351890736e-287 2.56914135837448e-322
13 22 0 1.00000000000002 0 0 0 0 0 0 0 0 0 0 0 0 0 0 0 0 0 0 0
14 9 0 0 0.919364480110169 0.0806341152089659 1.40468086429201e-06 8.62740127940447e-16 1.39587128852672e-29 5.48032306225326e-48 5.04858420971888e-71 1.07298758107001e-98 5.21050600738467e-131 5.74644289532041e-168 1.43351552891449e-209 8.06614009538702e-256 1.02164405294742e-306 0 0 0 0 0 0
14 13 0 0.153609183074325 0.813968389981059 0.0324205421273561 1.88481718932675e-06 7.04573249761483e-14 1.40748878898671e-24 1.41263117260181e-38 6.93102985758869e-56 1.63869240405034e-76 1.85115335864163e-100 9.93761439754428e-128 2.52596354243605e-158 3.03216338406641e-192 1.71567125277367e-229 4.56929287613051e-270 5.72158000504914e-314 0 0 0 0
14 18 0 0.998722942622206 0.001277057377793 1.53905272604352e-15 1.47812658963204e-37 8.69304764295907e-70 2.91035047348068e-112 5.38110988963311e-165 5.41048971876415e-228 2.93192069774157e-301 0 0 0 0 0 0 0 0 0 0 0
14 21 0 0.999143988258864 0.000856011741136138 6.00677084243946e-17 2.10421528472184e-41 2.8000687127382e-77 1.31403748338933e-124 2.10906510251445e-183 1.1398314546609e-253 0 0 0 0 0 0 0 0 0 0 0 0
15 7 0 0.0781358032868544 0.753719604050714 0.167562581800782 0.000581994683466905 1.61781804061404e-08 2.91346530686037e-15 3.16399830404627e-24 2.0084471276891e-35 7.33285790452371e-49 1.52546819444052e-64 1.79755663892964e-82 1.19506377878083e-102 4.47013436387806e-125 9.38838194943463e-150 1.10545365573674e-176 7.28888417747026e-206 2.68876112549123e-237 5.54490249053144e-271 6.38889821179021e-307 0
15 9 0 0.491024624595932 0.508166547731145 0.00080882753611742 1.36805328266028e-10 1.37496515039275e-21 7.19751682529322e-37 1.87116913820004e-56 2.36279206591725e-80 1.43169857997052e-108 4.13244745627296e-141 5.65487986674135e-178 3.65661907453246e-219 1.1147051680107e-264 1.59923379414427e-314 0 0 0 0 0 0
15 16 0.990537452463052 0.00946254753694792 1.46081760039924e-52 1.12535503741542e-173 0 0 0 0 0 0 0 0 0 0 0 0 0 0 0 0 0
15 17 0 0.999999060668332 9.39331691726659e-07 7.08788940934481e-32 1.22475077713929e-77 3.74658140540753e-144 1.89126453847691e-231 0 0 0 0 0 0 0 0 0 0 0 0 0 0
16 9 0 0 0.0189922492120608 0.151506984801338 0.317790172171609 0.319092563686711 0.153379811617368 0.0351978773579167 0.00383783532647085 0.000197670779362989 4.78076398429506e-06 5.39989633272309e-08 2.83525376448909e-10 6.89404995873816e-13 7.73975710035431e-16 4.00244086371996e-19 9.51619267820984e-23 1.03874664921217e-26 5.19951141925625e-31 1.19239526279938e-35 1.24604720254851e-40
16 15 0.876458292087804 0.123541707912196 3.01395967555828e-29 9.83837696492077e-100 1.53172279377054e-213 0 0 0 0 0 0 0 0 0 0 0 0 0 0 0 0
16 18 1.00000000000005 1.5953590956039e-37 0 0 0 0 0 0 0 0 0 0 0 0 0 0 0 0 0 0 0
17 6 0.182269151977038 0.806442601603081 0.0112882113108197 3.51090607630561e-08 9.79828591429492e-18 2.04555510506261e-31 3.0087132909749e-49 3.03610777330702e-71 2.07266337886404e-97 9.49329461605442e-128 2.90189276317638e-162 5.89879417276586e-201 7.95349476572005e-244 7.09993734375502e-291 0 0 0 0 0 0 0
17 15 0 0.625942166860514 0.368469654363766 0.00558709505558424 1.08371809474572e-06 2.04098175440544e-12 3.40794258583623e-20 4.85857867536711e-30 5.80376311718744e-42 5.74719195575087e-56 4.68678089632556e-72 3.13377378562513e-90 1.71283505562462e-110 7.63599049730572e-133 2.77208541461165e-157 8.1845623358152e-184 1.96339028879111e-212 3.82385366565378e-243 6.04233761250399e-276 7.74270299116475e-311 0
17 19 0 0.880427706344739 0.119572292934633 7.20627811255864e-10 4.77560618086236e-28 2.05267018581418e-56 5.12179902937612e-95 7.12121219733571e-144 5.41013941937722e-203 2.22158496418229e-272 0 0 0 0 0 0 0 0 0 0 0
18 14 0 0.929977324040373 0.0700221485488474 5.27410779058549e-07 6.17974749307052e-17 8.37407977251359e-32 1.20841879467233e-51 1.79556596292014e-76 2.70114338458319e-106 4.07433585820629e-141 6.12498004963146e-181 9.13992744763618e-226 1.35004431459961e-275 0 0 0 0 0 0 0 0
18 16 0.392271512645983 0.607728392134267 9.5219749932156e-08 7.43433401481036e-27 9.23278605028808e-59 1.54778955603881e-103 3.32066272530241e-161 8.90186764317585e-232 2.94394637541556e-315 0 0 0 0 0 0 0 0 0 0 0 0
18 19 0 0.1820759272384 0.588150550350053 0.219880657739511 0.00984737988780789 4.54651901548562e-05 1.95933235873159e-08 7.49385072347433e-13 2.47927407961515e-18 6.99531094325344e-25 1.6689691971845e-32 3.34859409654482e-41 5.62895461490885e-51 7.90666933110799e-62 9.26222514694495e-74 9.03556027755843e-87 7.33195046815932e-101 4.94446656788033e-116 2.76912457024541e-132 1.28716498088845e-149 4.96280837169733e-168
19 17 0 0.151125096907864 0.639706988395248 0.204706156489159 0.00445674989744441 5.00805801754161e-06 2.52267261948108e-10 5.36575195040669e-16 4.68572346936295e-23 1.65489022652038e-31 2.34283889795956e-41 1.32199435945813e-52 2.96185982609693e-65 2.62766809360836e-79 9.21269439669026e-95 1.27457211413998e-111 6.95029492329112e-130 1.49248129503754e-149 1.2611461539741e-170 4.19098093141378e-193 5.47471205752958e-217
19 18 0 0.27317996632605 0.672367145059357 0.0543736525335032 7.92347242335251e-05 1.35685656954156e-09 2.37572872423966e-16 4.03500099285182e-25 6.48612220746956e-36 9.7371494700087e-49 1.35429532004323e-63 1.73616591466799e-80 2.04427570577112e-99 2.2053231552941e-120 2.17565370005282e-143 1.96013604866444e-168 1.61098592890819e-195 1.20679847445689e-224 8.23410244636656e-256 5.1143709166639e-289 0
19 20 0 0 0.665293456828091 0.33200854239835 0.00269785134314555 1.49430371152637e-07 4.21130327853854e-14 5.51149844404032e-23 3.22634411425506e-34 8.29126524103788e-48 9.25550886950847e-64 4.4586156211615e-82 9.22860634801696e-103 8.18275108069607e-126 3.10129798764764e-151 5.01606104945907e-179 3.45793631053688e-209 1.01504027775617e-241 1.26772404440883e-276 6.73237780575036e-314 0
19 21 0 0.732849956193957 0.267150043806021 5.92489889633024e-19 4.18240094615182e-65 3.22761333351205e-140 2.35352503178439e-244 0 0 0 0 0 0 0 0 0 0 0 0 0 0
20 19 0 0 0.893642647908078 0.106352294023872 5.05806803134149e-06 1.79398876644223e-14 3.51939500300681e-27 3.51071461412812e-44 1.72073347077306e-65 4.07338905258826e-91 4.61168050541743e-121 2.48178263159437e-155 6.32265759366086e-194 7.60379469670751e-237 4.30782514442167e-284 0 0 0 0 0 0
20 21 0.325200333399937 0.674778398341944 2.12682581189992e-05 4.10364760475417e-18 1.6949617832e-39 1.26803476476998e-69 1.62705847099439e-108 3.49437091357619e-156 1.23986081928489e-212 7.21182140325987e-278 0 0 0 0 0 0 0 0 0 0 0
20 23 0 0.630596178583515 0.364772857787737 0.00463036642143549 5.97206725318229e-07 5.87145812056312e-13 4.01214103037469e-21 1.83445608750865e-31 5.50699549731836e-44 1.07384936178282e-58 1.35117898333276e-75 1.09224618869899e-94 5.65516259358751e-116 1.87125237658988e-139 3.95067271412233e-165 5.31516692800765e-193 4.55244094340401e-223 2.48035699117605e-255 8.59116422496919e-290 0 0
21 14 0 0.944549774634823 0.055450082058242 1.4330693499442e-07 2.28728761693402e-18 1.67660770759303e-34 5.20036834926263e-56 6.6012888872182e-83 3.37229054021277e-115 6.86672180328034e-153 5.53978081273798e-196 1.7636596828228e-244 2.20952396042246e-298 0 0 0 0 0 0 0 0
21 19 0 0.425752037761682 0.574247903863844 5.83744740917359e-08 2.79773111717641e-27 2.12199478259613e-59 2.16958319129909e-104 2.83726968686531e-162 4.63497291548031e-233 9.33935254727583e-317 0 0 0 0 0 0 0 0 0 0 0
21 20 0.624883088425913 0.375116911574084 2.41200656251484e-15 2.32454309183631e-53 1.08644169550289e-115 2.11622234002844e-202 1.63424736185016e-313 0 0 0 0 0 0 0 0 0 0 0 0 0 0
21 22 0 1.00000000000004 0 0 0 0 0 0 0 0 0 0 0 0 0 0 0 0 0 0 0
22 13 0 0.420142747390761 0.574506592276297 0.00535059696727302 6.33656683661101e-08 5.63289372441164e-16 3.29430974097479e-27 1.20763629268237e-41 2.71266373550973e-59 3.68783488998431e-80 3.01175439892541e-104 1.47039872127476e-131 4.27735621268292e-162 7.39620614253795e-196 7.58880087396551e-233 4.61411154926894e-273 1.66074386281479e-316 0 0 0 0
22 21 0 0.413513960340935 0.583061673123463 0.0034243564194182 1.0116183696489e-08 8.38821132627644e-18 1.70184127178914e-30 8.04068346521245e-47 8.64579877378435e-67 2.08944692784035e-90 1.12643198752719e-117 1.34805894158564e-148 3.5693865105642e-183 2.08604451254703e-221 2.68617053831571e-263 7.61100726929241e-309 0 0 0 0 0
22 23 0.414543494919535 0.58545643631032 6.87701445918035e-08 3.87824831756702e-27 3.46704824023664e-59 4.1799868035058e-104 6.44706979825568e-162 1.24225965356039e-232 2.95262745465895e-316 0 0 0 0 0 0 0 0 0 0 0 0
23 12 0 0.997955546945091 0.00204445305490931 3.48180850092003e-24 3.42124218368815e-67 1.24034420111445e-132 1.50642381881621e-220 0 0 0 0 0 0 0 0 0 0 0 0 0 0
23 20 0 0.921963490356779 0.0780352228635635 1.28677965687188e-06 7.45687612394453e-16 1.13749619776259e-29 4.20940838833274e-48 3.65460092292052e-71 7.31965487541423e-99 3.34952575936984e-131 3.48095428997785e-168 8.18256394614811e-210 4.33845215684211e-256 5.17781427276377e-307 0 0 0 0 0 0 0
23 22 0.228672667297512 0.771079849419619 0.000247483282859698 8.46232019780367e-15 9.67162711356309e-33 3.07939065603098e-58 2.57724239494392e-91 5.52615592803388e-132 2.99485875138939e-180 4.06935468170591e-236 1.37922356921254e-299 0 0 0 0 0 0 0 0 0 0
