0 1 0 0 0.803489648992544 0.19646453717175 4.58138340533113e-05 1.65300781430275e-12 6.51402100918847e-24 2.55179932022894e-39 9.57299097337075e-59 3.37639847738113e-82 1.10802302432956e-109 3.36153979490658e-141 9.38801824628338e-177 2.40641533404529e-216 5.64935260167922e-260 1.21273043048663e-307 0 0 0 0 0
0 2 0 0.546480876925501 0.453116194335851 0.000402928713150725 2.54974666255025e-11 6.63476114414063e-23 6.25957045333728e-39 2.04501145085706e-59 2.26404193594875e-84 8.39385336323549e-114 1.03467531034113e-147 4.22063875557819e-186 5.67917109545418e-229 2.5149059912097e-276 0 0 0 0 0 0 0
1 0 0 0 0.999999844311021 1.55688984344287e-07 3.60230367775057e-35 3.78289053127631e-85 1.40474762890595e-157 1.72188761745033e-252 0 0 0 0 0 0 0 0 0 0 0 0 0
1 5 0 0.0541356593895294 0.496007868803111 0.40612716144274 0.0432089958203011 0.000519687168061975 6.27305034740808e-07 7.12209670253832e-11 7.36071477364578e-16 6.80451298779045e-22 5.56915882502051e-29 4.00957769827841e-37 2.52846361111672e-46 1.39238322336429e-56 6.68125858707762e-68 2.78899324135505e-80 1.01154133783881e-93 3.18450348500368e-108 8.6952624264168e-124 2.05793582657708e-140 4.2188436286364e-158
2 0 0 0.976720250683142 0.0232797493168576 6.36578297697289e-16 7.97496840269456e-45 2.81772781365244e-89 2.53370613869288e-149 5.57902421897747e-225 2.95267414386248e-316 0 0 0 0 0 0 0 0 0 0 0 0
2 3 0 0.458823277779693 0.53672504253723 0.00445162410944581 5.55736304234351e-08 6.42729627311034e-16 6.07735588462963e-27 4.48418051352053e-41 2.52557051062959e-58 1.07273744523268e-78 3.41117091305666e-102 8.082002382425e-129 1.42205993856792e-158 1.8538816354191e-191 1.78754649677432e-227 1.273122639432e-266 6.69073870902371e-309 0 0 0 0
2 11 0 1 4.32919829600688e-52 0 0 0 0 0 0 0 0 0 0 0 0 0 0 0 0 0 0
3 2 0 0.691206637780078 0.308767831026071 2.55311938342964e-05 1.67872215377888e-14 5.32936138234804e-29 7.28213638126179e-49 4.10371099500997e-74 9.3450260989375e-105 8.50304403128746e-141 3.07021944081274e-182 4.37933025389202e-229 2.46001444396091e-281 0 0 0 0 0 0 0 0
3 4 0.142427154062442 0.835177707279622 0.0223948694077579 2.69250176763065e-07 5.56435408949924e-16 1.62650886509845e-28 6.31289417124977e-45 3.16436543467856e-65 2.01892750735481e-89 1.62563312881046e-117 1.64297460923347e-149 2.07658870650202e-185 3.27381185256602e-225 6.42560538145841e-269 1.56786125062639e-316 0 0 0 0 0 0
3 10 0 0 0.479388769422737 0.494793894645828 0.0257746033311632 4.27308719619832e-05 1.72830850664726e-09 1.54474595880904e-15 2.92761997653245e-23 1.15270383414322e-32 9.3214204705195e-44 1.53725372798559e-56 5.14632624906151e-71 3.48616652797281e-87 4.76759056580669e-105 1.31403747330792e-124 7.28968110567012e-146 8.13129750775129e-169 1.82226213232635e-193 8.19932474586134e-220 7.40358681192667e-248
4 3 0.74385876647838 0.256141233521652 1.27275073375119e-20 3.0238162762757e-71 1.1497577777188e-153 6.04499957649256e-268 0 0 0 0 0 0 0 0 0 0 0 0 0 0 0
4 5 0 0.249763740265041 0.70173548026551 0.0484649704171074 3.580888279107e-05 1.69550824264134e-10 4.422967755406e-18 6.01566935122205e-28 4.1589215180835e-40 1.44171371604918e-54 2.48567901937004e-71 2.12034710234092e-90 8.91702178182428e-112 1.84410716405577e-135 1.87196918788663e-161 9.31422154728718e-190 2.2691147178555e-220 2.70429605113792e-253 1.57557508094939e-288 0 0
4 8 0 0.084821287479382 0.796360933255746 0.118688112685674 0.000129666112454918 4.66742719354177e-10 4.4654915391775e-18 1.05815617332657e-28 6.02326661565404e-42 8.10664671853734e-58 2.55610525436716e-76 1.87723984769042e-97 3.19867630896499e-121 1.2610705715389e-147 1.14804349341144e-176 2.40976226501209e-208 1.16488726069465e-242 1.29566188132652e-279 3.31493345077184e-319 0 0
5 1 0 0.996352692599918 0.00364730740008176 9.96726294921418e-62 4.52151479974073e-203 0 0 0 0 0 0 0 0 0 0 0 0 0 0 0 0
5 4 0 0.471739340563069 0.525077968455928 0.00318267223526864 1.87457343217641e-08 6.51717886249064e-17 1.17974942850019e-28 1.06138109093627e-43 4.64251627453563e-62 9.75438811214087e-84 9.77323914367216e-109 4.64733333703161e-137 1.04538807597896e-168 1.10979784334269e-203 5.55073659530677e-242 1.3062470098725e-283 0 0 0 0 0
5 7 0.999798360564808 0.000201639435192288 1.74714456704809e-88 2.26754311072493e-288 0 0 0 0 0 0 0 0 0 0 0 0 0 0 0 0 0
6 7 0 1.00000000000001 1.15270424512387e-32 7.29710842722524e-146 0 0 0 0 0 0 0 0 0 0 0 0 0 0 0 0 0
6 17 0.233699812167586 0.764998683426658 0.00130150439454968 1.12053037225209e-11 1.79980250742708e-25 4.52147508599479e-45 1.67734632145525e-70 8.95669537865228e-102 6.79157313449311e-139 7.2543910356627e-182 1.08593017387214e-230 2.27014188783728e-285 0 0 0 0 0 0 0 0 0
7 5 1 1.14528081953244e-62 0 0 0 0 0 0 0 0 0 0 0 0 0 0 0 0 0 0 0
7 6 0 0.999202393909811 0.000797606090188698 1.63986964589451e-16 7.06024720769737e-40 4.90286550601219e-74 5.10817608044216e-119 7.7481004543172e-175 1.68484650239893e-241 5.2069578415209e-319 0 0 0 0 0 0 0 0 0 0 0
7 8 0 0 0 0.0352030286754804 0.145957830652478 0.277794041107494 0.295391758882338 0.175510601055995 0.0582138984190849 0.0107587501230805 0.00110515726738289 6.29194853354012e-05 1.97967322090641e-06 3.43291110583881e-08 3.27282665176185e-10 1.71176779474056e-12 4.90273622573748e-15 7.6779252443277e-18 6.56619384726995e-21 3.06334580790588e-24 7.79955174797926e-28
7 15 0 0.0784935554504934 0.819001260945964 0.102453101117027 5.2082443785623e-05 4.27304521498772e-11 4.51908532023997e-20 5.73343463144414e-32 8.46097718372217e-47 1.42940950863768e-64 2.73912734026186e-85 5.91912449575323e-109 1.4367998869029e-135 3.90694073265005e-165 1.18770881033477e-197 4.0305346022107e-233 1.52507689853951e-271 6.42837950808033e-313 0 0 0
8 4 0 0.201364232506259 0.795710661246847 0.00292510608817102 1.5872222438349e-10 4.57786082153246e-23 5.84582780063284e-41 3.11523743616255e-64 6.74886362542638e-93 5.86223841129666e-127 2.02507510901271e-166 2.76753374384276e-211 1.49100362553042e-261 3.15870248257215e-317 0 0 0 0 0 0 0
8 7 0 0 0 0.544553533911064 0.454947685160551 0.000498780873320936 5.506426112593e-11 3.57639711638927e-22 1.20604683129996e-37 2.01714549993175e-57 1.63753393273978e-81 6.37648472552011e-110 1.18247234497334e-142 1.03940889389112e-179 4.31687754541734e-221 8.45159579986636e-267 7.78664750143409e-317 0 0 0 0
8 9 0 0.999999951046257 4.89537101395705e-08 5.4156356754508e-38 3.31099229113816e-92 8.70262038085081e-171 9.17860908972357e-274 0 0 0 0 0 0 0 0 0 0 0 0 0 0
9 8 0 1 0 0 0 0 0 0 0 0 0 0 0 0 0 0 0 0 0 0 0
9 10 0 0.0536600150271621 0.460849227674573 0.421357305778456 0.0627415353728947 0.00138775741918567 4.15713546326233e-06 1.59218942598813e-09 7.55603986079805e-14 4.36662531376245e-19 3.04152102628409e-25 2.53695719061791e-32 2.52308441659105e-40 2.9828510341237e-49 4.1827168833466e-59 6.94543163961034e-70 1.36397702672047e-81 3.16485408592642e-94 8.66957227097708e-108 2.80196294264515e-122 1.06767192151694e-137
9 14 0 0 0.999846435664162 0.000153564335837658 2.30187533567956e-21 1.20909266428389e-52 1.68605314147684e-98 5.79461478345417e-159 4.76025174188965e-234 0 0 0 0 0 0 0 0 0 0 0 0
9 15 0 0.180304873789055 0.665987591161606 0.151963326787092 0.00174348209393426 7.26158801231136e-07 9.51174315781915e-12 3.69819729593898e-18 4.15426733367312e-26 1.32886110762806e-35 1.20006827899815e-46 3.04284259237574e-59 2.15813475673041e-73 4.27027004785425e-89 2.35270915099575e-106 3.60397855180016e-125 1.53322670102975e-145 1.80989617311546e-167 5.92397793999265e-191 5.37319584589247e-216 1.349952224776e-242
9 16 0 0 1 1.02951896821955e-24 0 0 0 0 0 0 0 0 0 0 0 0 0 0 0 0 0
10 3 0 0 0.203079702186019 0.520228850722956 0.253608783958888 0.022734947857239 0.000346872116309349 8.4284562103368e-07 3.12950363223384e-10 1.7342606506664e-14 1.41486788653265e-19 1.68511725466621e-25 2.91397780383279e-32 7.28896762571393e-40 2.63038248300201e-48 1.36678097067253e-57 1.0210959700343e-67 1.09553678894808e-78 1.6865125055932e-90 3.7225523177671e-103 1.17738247887282e-116
10 9 0 0.474225967862037 0.525774028174539 3.96342338743634e-09 2.64779139312727e-31 5.2969256775999e-68 2.71142644063433e-119 3.37258076394606e-185 9.95818289835695e-266 0 0 0 0 0 0 0 0 0 0 0 0
10 11 0 0 0.196998051110553 0.48350567024245 0.280530595154834 0.0378273326800867 0.00113118617043665 7.1553849572461e-06 9.25428675348182e-09 2.39533187956933e-12 1.2245806217614e-16 1.2263309184822e-21 2.39254975673082e-27 9.05993202019528e-34 6.64115614397258e-41 9.40516842373744e-49 2.56950956430219e-57 1.35268523233384e-66 1.3709230691407e-76 2.67290626443912e-87 1.00246857615924e-98
10 13 0 0.363117649179394 0.624622236538526 0.0122594117730337 7.02508977054297e-07 6.9570694370442e-14 1.03848681741216e-23 2.2223439692711e-36 6.66039675693532e-52 2.76025749511124e-70 1.56978217699081e-91 1.21904509387376e-115 1.28831026701482e-142 1.84838390449023e-172 3.59385119080798e-205 9.45662042240932e-241 3.36405212190732e-279 1.64523860065135e-320 0 0 0
11 2 0 0.966440167143841 0.0335598328561175 4.16594241629965e-14 1.83963618808154e-39 1.79186269108934e-78 3.47428417028888e-131 1.29018943688465e-197 9.00665053052463e-278 0 0 0 0 0 0 0 0 0 0 0 0
11 10 0 0 0.575307924009887 0.41764692841075 0.00704389811001964 1.24946763626518e-06 1.70693723274977e-12 1.6269206059861e-20 1.03938407957947e-30 4.36384940346504e-43 1.19076853349618e-57 2.09740103346067e-74 2.37399270705968e-93 1.72134961734005e-114 7.97767809436577e-138 2.35926600638177e-163 4.44648306072654e-191 5.33535501298265e-221 4.07261031999829e-253 1.97636418880261e-287 0
11 12 0 0.514700926987697 0.471217809608757 0.0140741752562756 7.08810298173565e-06 4.42883864531386e-11 3.09985015535577e-18 2.33171436749837e-27 1.84691546486087e-38 1.52300583003104e-51 1.29836941294074e-66 1.13904559165269e-83 1.02506400147297e-102 9.44139130534777e-124 8.88503717599775e-147 8.53215040487036e-172 8.3520891958796e-199 8.32761034358716e-228 8.45186461835325e-259 8.72691216134109e-292 0
12 11 0 0.955292106675536 0.0447078687879647 2.45364989829541e-08 1.69095929704649e-20 1.07604545115981e-38 5.81866054867216e-63 2.58523284090142e-93 9.27973863989626e-130 2.66528981344091e-172 6.08849691684193e-221 1.10176769080452e-275 0 0 0 0 0 0 0 0 0
12 23 0 0.233699812167586 0.644343319514629 0.120655363912029 0.0013008903910542 6.14003495477147e-07 1.1205296216932e-11 7.50558895366028e-18 1.79980250590225e-25 1.52418876704308e-34 4.52147508447254e-45 4.67370247175734e-57 1.67734632145525e-70 2.08476372548581e-85 8.95669537865228e-102 1.32824561435818e-119 6.79157313449311e-139 1.19631580392524e-159 7.2543910356627e-182 1.51351912593927e-205 1.08597119909816e-230
13 10 0 0.992892073874413 0.00710792612558763 3.08354380029552e-19 2.84734977773663e-53 3.57656051098438e-105 5.54316319882673e-175 1.02141061843992e-262 0 0 0 0 0 0 0 0 0 0 0 0 0
13 14 0 0.402584609696095 0.597415357530381 3.27735242347784e-08 1.37537440418932e-28 1.38812621314596e-62 2.860306720192e-110 1.14098868788253e-171 8.60343532941458e-247 0 0 0 0 0 0 0 0 0 0 0 0
13 22 0 1 3.24057303770233e-16 3.50383138084746e-118 1.25671772840294e-317 0 0 0 0 0 0 0 0 0 0 0 0 0 0 0 0
14 9 0 0 0.156757469883398 0.420161472212253 0.336886762751689 0.0804800155727686 0.00560316316794152 0.000110513196068747 6.0232476865676e-07 8.90758734076618e-10 3.53037603314633e-13 3.71898511406042e-17 1.03548984160669e-21 7.59107115909377e-27 1.46114545904955e-32 7.36939659682953e-39 9.72411301776533e-46 3.35298172686325e-53 3.01834288781394e-61 7.0882014736443e-70 4.34411241024638e-79
14 13 0 0.148364078312642 0.820286656310631 0.0313478392130336 1.42616366107983e-06 3.29092378272147e-14 3.19050793852833e-25 1.22102862052778e-39 1.79454731936419e-57 9.98299831377192e-79 2.08422228125345e-103 1.62422367678071e-131 4.70730595864691e-163 5.0605358042574e-198 2.01414947225283e-236 2.9637006398392e-278 0 0 0 0 0
14 18 0 0.563957930132394 0.429494974072419 0.00654626811144007 8.27683124139401e-07 6.22690017312835e-13 2.51656635368512e-21 5.2443289406037e-32 5.52332713116053e-45 2.90710163598799e-60 7.59399961586922e-78 9.8008176088541e-98 6.2297908396004e-120 1.94591403341443e-144 2.98183733095316e-171 2.23871007057867e-200 8.22679994807992e-232 1.47855547941869e-265 1.29878881784376e-301 0 0
14 21 0 1 0 0 0 0 0 0 0 0 0 0 0 0 0 0 0 0 0 0 0
15 7 0 0.19858016043379 0.798959985225983 0.0024598542704247 6.98020752317026e-11 6.3772561012119e-24 1.56004860190013e-42 9.62907957250641e-67 1.46076950994784e-96 5.37179524856277e-132 4.74948018821689e-173 1.00435961544428e-219 5.0618344390554e-272 0 0 0 0 0 0 0 0
15 9 0 0.142564427544216 0.607901387508086 0.240896941258912 0.00861483517820356 2.24047818979076e-05 3.72864736100929e-09 3.74460155966791e-14 2.20617216571448e-20 7.51021602322366e-28 1.46397262003181e-36 1.62474414824787e-46 1.02264103528066e-57 3.64047616388034e-70 7.31509601151307e-84 8.28426158271001e-99 5.28146417381636e-115 1.89375557842887e-132 3.81631253852532e-151 4.31971603654794e-171 2.74495495955917e-192
15 16 0.999967591459597 3.2408540403587e-05 1.47636866036541e-107 0 0 0 0 0 0 0 0 0 0 0 0 0 0 0 0 0 0
15 17 0 0.964207172152327 0.0357928070702415 2.07774312519685e-08 2.59978268891043e-20 5.27133151177774e-38 1.59979511435576e-61 7.03438781985884e-91 4.40823554801862e-126 3.90013064592044e-167 4.84283239448633e-214 8.40638810697737e-267 0 0 0 0 0 0 0 0 0
16 9 0 0 0.942378443461534 0.0576215565384664 2.12987283798255e-34 5.26880914358508e-115 3.39355779514408e-244 0 0 0 0 0 0 0 0 0 0 0 0 0 0
16 15 0.248865478955029 0.750943667785251 0.000190853259714976 4.91560396793707e-15 4.207721064755e-33 1.0018879125014e-58 6.26694763315102e-92 1.00401724710068e-132 4.06479217580394e-181 4.12558943248352e-237 1.04439171861486e-300 0 0 0 0 0 0 0 0 0 0
16 18 0.252824452809468 0.746546040687479 0.000629506502217163 8.35422708648414e-13 6.37651755574264e-28 2.35248529666156e-49 3.96373734455112e-77 2.97400240131073e-111 9.804156733052e-152 1.4088110180823e-198 8.77907097375827e-252 2.36422136111523e-311 0 0 0 0 0 0 0 0 0
17 6 0.211173516433513 0.787786598672042 0.00103988489205272 2.39281910112731e-12 3.20831476698349e-27 2.08657495174378e-48 6.2063421198742e-76 8.22619122789397e-110 4.79254440211942e-150 1.21734507447263e-196 1.34117450726365e-249 6.38630845895883e-309 0 0 0 0 0 0 0 0 0
17 15 0 0.662547486035738 0.334435447603763 0.00301685451990863 2.11840503354449e-07 8.69120228514634e-14 1.90276648240612e-22 2.1414352845939e-33 1.21601911735637e-46 3.44746733128936e-62 4.84773334669413e-80 3.36646442945553e-100 1.15105969233174e-122 1.93359072873604e-147 1.5931942629798e-174 6.43087853727938e-204 1.27041810689595e-235 1.227329004307e-269 5.79482711566717e-306 0 0
17 19 0 0.999667312729528 0.000332687270472157 2.33894028203522e-31 2.61003578499678e-87 2.96292433194809e-172 3.11061687233825e-286 0 0 0 0 0 0 0 0 0 0 0 0 0 0
18 14 0 1 0 0 0 0 0 0 0 0 0 0 0 0 0 0 0 0 0 0 0
18 16 0.986333594769639 0.013666405230361 1.2726668793454e-51 6.12666181797616e-172 0 0 0 0 0 0 0 0 0 0 0 0 0 0 0 0 0
18 19 0 1 1.99430339463656e-71 0 0 0 0 0 0 0 0 0 0 0 0 0 0 0 0 0 0
19 17 0 0.873672535706268 0.126327462373655 1.92007686500403e-09 1.08715379920879e-26 1.36396602890513e-53 3.39562900737817e-90 1.6102608383626e-136 1.42638887846334e-192 2.33467398722448e-258 0 0 0 0 0 0 0 0 0 0 0
19 18 0 0.999998433740664 1.56625934324037e-06 5.39253285508e-49 1.24759273998392e-134 1.28314605366601e-263 0 0 0 0 0 0 0 0 0 0 0 0 0 0 0
19 20 0 0 0.683470302178476 0.31554999219142 0.000979699887475288 5.74262924390977e-09 4.51900990848439e-17 4.33079998437105e-28 4.86184306370912e-42 6.27238843979892e-59 9.20002455305682e-79 1.52400053355722e-101 2.83870021005126e-127 5.92751878122437e-156 1.38450064917513e-187 3.61135888527735e-222 1.05066097564167e-259 3.40599950178612e-300 0 0 0
19 21 0 0.994325678736955 0.00567432126304493 1.25536771480834e-60 4.77244268753479e-201 0 0 0 0 0 0 0 0 0 0 0 0 0 0 0 0
20 19 0 0 0.930886015296468 0.0691132901948007 6.94508731598501e-07 1.63986964589442e-16 6.82351659966191e-31 4.61357101336099e-50 4.90286553598536e-74 8.05318424212628e-103 2.02497275011298e-136 7.74809992745476e-175 4.49319992573417e-218 3.93806552343455e-266 5.20473454611461e-319 0 0 0 0 0 0
20 21 0.383530970495729 0.616468501378274 5.28125997447499e-07 5.85019096819424e-24 2.80187830706685e-52 4.92681811413498e-92 3.01552378295674e-143 6.27243281149329e-206 4.37750176047495e-280 0 0 0 0 0 0 0 0 0 0 0 0
20 23 0 0.999951147909447 4.88520905530602e-05 1.41124599383985e-22 1.38882026793908e-54 3.60708060227658e-101 2.30392072693656e-162 3.5138684783767e-238 0 0 0 0 0 0 0 0 0 0 0 0 0
21 14 0 1.00000000000003 0 0 0 0 0 0 0 0 0 0 0 0 0 0 0 0 0 0 0
21 19 0 0.164581744088869 0.831673475312629 0.00374478042628704 1.72214684828676e-10 2.58560865242917e-23 1.04327299484348e-41 1.0636799913632e-65 2.66739597509547e-95 1.62211468291611e-130 2.37232293132901e-171 8.29955578860418e-218 6.92088528372435e-270 0 0 0 0 0 0 0 0
21 20 0.897290889563316 0.102709110436684 8.61964890163642e-30 9.30458236197409e-101 4.77672365964314e-215 0 0 0 0 0 0 0 0 0 0 0 0 0 0 0 0
21 22 0 0.999999986343244 1.36565953396716e-08 1.01502425221003e-63 1.44449066578265e-173 0 0 0 0 0 0 0 0 0 0 0 0 0 0 0 0
22 13 0 0.195784574766975 0.685067523603014 0.118422187375018 0.000725606758915432 1.07495746142579e-07 3.31913662766729e-13 2.01686677855749e-20 2.34851789062352e-29 5.16629033705499e-40 2.12886443876459e-52 1.63433404177914e-66 2.32893172727788e-82 6.14415121451176e-100 2.99518869095909e-119 2.69410984947682e-140 4.46631430825065e-163 1.3634607912403e-187 7.65927268591002e-214 7.91285134578857e-242 1.50272813015097e-271
22 21 0 0.373932184996104 0.620036678083065 0.00603108655279613 5.03680349676324e-08 1.99601867346387e-16 3.25835475186228e-28 2.08270156967456e-43 5.09152829698942e-62 4.70042837031301e-84 1.62620738530057e-109 2.09805367109149e-138 1.00598539630917e-170 1.78835558663532e-206 1.17660302348184e-245 2.86109913031743e-288 0 0 0 0 0
22 23 0.992973068130538 0.0070269318694624 4.42008738943724e-60 4.86431660572525e-200 0 0 0 0 0 0 0 0 0 0 0 0 0 0 0 0 0
23 12 0 0.999987032506445 1.29674935561623e-05 6.421744121034e-43 6.16111920070623e-119 7.44798907189991e-234 0 0 0 0 0 0 0 0 0 0 0 0 0 0 0
23 20 0 0.980087591142662 0.0199124081865356 6.70802724103971e-10 3.98408324668897e-24 3.12674764955754e-45 2.99636395084725e-73 3.3946780445462e-108 4.47319909827255e-150 6.79176033008055e-199 1.18123998487992e-254 2.34413151161723e-317 0 0 0 0 0 0 0 0 0
23 22 0.849284424507566 0.150715575492499 4.71399298884801e-24 3.37137963731345e-81 2.04984097556541e-173 9.22118379673054e-301 0 0 0 0 0 0 0 0 0 0 0 0 0 0 0
