0 1 0 0 0.723358140001813 0.262872117510347 0.0129424907513552 0.000759083859903578 6.08243822927745e-05 6.36141073894166e-06 8.25555167559758e-07 1.27733245974528e-07 2.28587525360934e-08 4.62302825211129e-09 1.03779325085023e-09 2.54935151264773e-10 6.775186546052e-11 1.92991537734945e-11 5.84702591709829e-12 1.87202828474999e-12 6.29946373040208e-13 2.21762486014838e-13 1.47619483772685e-13
0 2 0 0.255375843107521 0.64139720977925 0.0909630629570424 0.0104934735421679 0.00145962119784408 0.000246476797258912 4.9069549610189e-05 1.11986950782344e-05 2.86435409039229e-06 8.06665175497341e-07 2.46666475678326e-07 8.09941378405425e-08 2.83028177780062e-08 1.04484656219653e-08 4.05026107659622e-09 1.64025039030216e-09 6.90975247760952e-10 3.01676434270332e-10 1.36072315482055e-10 1.49230818433563e-10
1 0 0 0 0.999999999878449 9.19579638897675e-11 8.05426616920077e-15 1.56096224502237e-17 1.30128130144524e-19 2.58244871224973e-21 9.16473511083316e-23 4.94771433435947e-24 3.67315773300571e-25 3.50494979260306e-26 4.09881342999264e-27 5.67302801576575e-28 9.05084042811545e-29 1.63073519377779e-29 3.264715802293e-30 7.16773353429668e-31 1.70736714550241e-31 4.37325985501933e-32 1.71739188442749e-32
1 5 0 0.000262887261790209 0.389418443345386 0.453211574568326 0.123213726489897 0.0263356801456407 0.00573294768180321 0.00134484840821664 0.00034309682214142 9.48480193510443e-05 2.82154354308873e-05 8.96610588712391e-06 3.02288815108419e-06 1.07477483710664e-06 4.00867196379004e-07 1.56128975941165e-07 6.32471067866117e-08 2.65564186561859e-08 1.15227705883902e-08 5.15288178953702e-09 5.49651365737892e-09
2 0 0 0.993173999420617 0.00681963489493163 6.31880984040555e-06 4.58799406407312e-08 9.56812205531027e-10 3.81404910379484e-11 2.36859017231727e-12 2.03595777768441e-13 2.24698271272149e-14 3.02586761071054e-15 4.79454552875868e-16 8.70198833813991e-17 1.77238274718387e-17 3.98658834278418e-18 9.77672213378988e-19 2.58714801833769e-19 7.32432244186976e-20 2.20256448835634e-20 6.99335580335398e-21 3.89021406615772e-21
2 3 0 0.999606121206507 0.00039385798192538 2.07802002566585e-08 2.42267257946458e-11 1.27943929217381e-13 1.67840662731412e-15 4.07380890168862e-17 1.5466227196722e-18 8.26406746059562e-20 5.78849758719669e-21 5.0541533992853e-22 5.30094798107216e-23 6.49326735673164e-24 9.0878518101607e-25 1.42816371252449e-25 2.48476490254137e-26 4.7309247303214e-27 9.76259766275008e-28 2.16575771876215e-28 6.71029636484335e-29
2 11 0 0.558478584827928 0.419198847423782 0.0207968091471163 0.00137221029458351 0.000132802078712006 1.72400429959077e-05 2.8003901194277e-06 5.42288266120852e-07 1.20980861053228e-07 3.03284340675943e-08 8.3849985263289e-09 2.52009365902709e-09 8.14073077548585e-10 2.80084937057781e-10 1.01876069753024e-10 3.89354278992563e-11 1.55552293073221e-11 6.46811953830815e-12 2.78892124205453e-12 2.79420683497294e-12
3 2 0 0.72930060932679 0.267021580498038 0.00358648753451489 8.72470560078885e-05 3.79767794490694e-06 2.52057730732281e-07 2.28929070375096e-08 2.64874725847892e-09 3.71663414874471e-10 6.10567062518122e-11 1.14408257557993e-11 2.39705137129517e-12 5.52890383630429e-13 1.38661791427604e-13 3.74335841310704e-14 1.07883525206661e-14 3.29637846337979e-15 1.06163622152467e-15 3.58603220424843e-16 2.21224197674775e-16
3 4 0.807863364931376 0.192104040227371 3.25203991276166e-05 7.3750571829617e-08 6.76565137311228e-10 1.42455435732601e-11 5.23104454268239e-13 2.87027932671895e-14 2.13754125500026e-15 2.02602476507058e-16 2.33589801195972e-17 3.16901023681756e-18 4.93329444141807e-19 8.64193198162678e-20 1.67729713746563e-20 3.56196723156215e-21 8.19182825624942e-22 2.02285237580384e-22 5.32488510896711e-23 1.48510731414865e-23 6.54690379065982e-24
3 10 0 0 0.574987474140679 0.382713722802366 0.0379387312363296 0.00380327678104511 0.00046993863875756 7.08293745638268e-05 1.26269572678307e-05 2.58939120147578e-06 5.97284096790682e-07 1.52254443137951e-07 4.22936386578181e-08 1.26593392289553e-08 4.04583598937941e-09 1.3702509996501e-09 4.8872751189343e-10 1.82607805282631e-10 7.11561912201348e-11 2.88057621990624e-11 2.52340258568589e-11
4 3 0.999620919246045 0.000379080736350264 1.19269992631857e-11 5.39383686527715e-16 3.65455258224041e-19 1.07521268192254e-21 8.07093868217225e-24 1.16664821715425e-25 2.74447701786665e-27 9.41962749852191e-29 4.37503458366766e-30 2.604745104005e-31 1.90909620042914e-32 1.66992890222029e-33 1.70136075508186e-34 1.9799377601173e-35 2.59039767177313e-36 3.76050047764145e-37 5.99138557424125e-38 1.03797403324666e-38 2.2835245956759e-39
4 5 0 0.547011607742758 0.437010264794375 0.0152533796710437 0.000674425297134826 4.54438816525306e-05 4.26738735608413e-06 5.17556038535258e-07 7.67925963787912e-08 1.34098514070571e-08 2.67876356202308e-09 5.99176350454443e-10 1.47606741971874e-10 3.95299176830609e-11 1.13884166022595e-11 3.49947898720596e-12 1.13886083845372e-12 3.90200930290421e-13 1.4004705792753e-13 5.2427835295112e-14 3.93023443407558e-14
4 8 0 0.892727268201704 0.107252666284568 1.99948473524288e-05 6.96925702728951e-08 9.51869463645448e-10 2.85730066245478e-11 1.44194060830415e-12 1.05546065470405e-13 1.02337540251435e-14 1.23769332209872e-15 1.79017385263306e-16 3.0028728558443e-17 5.7078323640138e-18 1.2075322473843e-18 2.80312907027789e-19 7.0586568952288e-20 1.91008738452006e-20 5.51119652204811e-21 1.684420567994e-21 8.78391670384973e-22
5 1 0 0.795357388086277 0.204480996614699 0.000160403390577169 1.18330721955484e-06 2.72764418815832e-08 1.23024460380687e-09 8.6841589800866e-11 8.46764934490291e-12 1.05544203143855e-12 1.59689608685819e-13 2.8279836275462e-14 5.70745757912924e-15 1.28646547949604e-15 3.18804438239087e-16 8.57843280110858e-17 2.48126361347556e-17 7.65115252300315e-18 2.49793592367032e-18 8.58461930034337e-19 5.53899350889437e-19
5 4 0 0.810972941331427 0.187050978534086 0.0019295631093157 4.44376643792528e-05 1.93391081956161e-06 1.31008671591066e-07 1.22560836677037e-08 1.46690675188075e-09 2.13339013685442e-10 3.63522448200006e-11 7.0658011556637e-12 1.53515550762922e-12 3.66991914565699e-13 9.53313817054941e-14 2.66375194630489e-14 7.93999212526239e-15 2.50732646238417e-15 8.33945311296264e-16 2.90703099642948e-16 1.90683941844321e-16
5 7 0.140190133214137 0.839129605725376 0.0201953088827894 0.000464444515807758 1.91552048306612e-05 1.22849368510058e-06 1.09345171309337e-07 1.25145457806351e-08 1.74784137916097e-09 2.87014142564661e-10 5.39167061798943e-11 1.1348584083044e-11 2.63357594971841e-12 6.65225510126244e-13 1.81013823955313e-13 5.26116747892038e-14 1.62184494523712e-14 5.27120217088704e-15 1.79716041903401e-15 6.39965790533684e-16 4.34171964088025e-16
6 7 0 0.703984149515079 0.267924630397467 0.024759322212157 0.00281897603664067 0.000415488964595731 7.55756096395152e-05 1.6252358845384e-05 4.00094540878074e-06 1.10083177737074e-06 3.32462167204243e-07 1.08687224920938e-07 3.80430819322678e-08 1.41328192287543e-08 5.53278078936629e-09 2.26917311112509e-09 9.70220211790682e-10 4.30677853755895e-10 1.97779242034495e-10 9.36776635246407e-11 1.14456635412539e-10
6 17 0.578163307510655 0.421089482394731 0.000741225458467186 5.85054590204375e-06 1.28414669832814e-07 5.33180769817672e-09 3.42643892963353e-10 3.03275677450185e-11 3.43290283719107e-12 4.72595633441646e-13 7.63458089749619e-14 1.40947835304277e-14 2.91441082362598e-15 6.64382363546791e-16 1.64892481528517e-16 4.41029526835278e-17 1.26057235635626e-17 3.82344274817197e-18 1.22336744630151e-18 4.10849902650219e-19 2.51110949334111e-19
7 5 0.311718138136303 0.680374029724244 0.00773959810847639 0.000160868305268656 6.84141971746617e-06 4.71639026173817e-07 4.58251129377217e-08 5.75682811124847e-09 8.83617831195135e-10 1.59336063950526e-10 3.28105800015535e-11 7.5534371153441e-12 1.91254285061149e-12 5.25806799219801e-13 1.55347344172724e-13 4.89083490808393e-14 1.6294209363884e-14 5.7110418717236e-15 2.09545468007505e-15 8.01461777520847e-16 6.27684795662669e-16
7 6 0 0.993657076896931 0.00630541955703463 3.67791106533548e-05 6.95808225456544e-07 2.68054347902769e-08 1.65911839707094e-09 1.44410740838377e-10 1.62765326321869e-11 2.24870336042733e-12 3.66426047050905e-13 6.84692413200121e-14 1.43622213793134e-14 3.32658952301332e-15 8.39745998935227e-16 2.2860272647239e-16 6.65331691820417e-17 2.05537819912319e-17 6.69903706557352e-18 2.29174104077603e-18 1.45347030170833e-18
7 8 0 0 0 0.669491268531642 0.32489106167587 0.00546505484300434 0.000145476270669033 6.63814430478706e-06 4.529913478186e-07 4.18579182883718e-08 4.89591893875492e-09 6.91604388039842e-10 1.14056621400848e-10 2.14113960056946e-11 4.48768042870957e-12 1.0343288450686e-12 2.58990634744654e-13 6.97609494762132e-14 2.00497045126455e-14 6.10684678686042e-15 3.16606198475258e-15
7 15 0 0.00424666605924536 0.564302565021529 0.33546837220584 0.074617663199258 0.016087432640547 0.00382266221051494 0.00101225542169218 0.000295871502824067 9.42799785153413e-05 3.23811757524829e-05 1.18717081062237e-05 4.60862178887523e-06 1.88167978091016e-06 8.03519956519627e-07 3.57166254688266e-07 1.64598464959821e-07 7.83745242103459e-08 3.84447471054671e-08 1.93776760670464e-08 2.70929820108059e-08
8 4 0 0.648859765599239 0.350685190256461 0.000451672141898867 3.29865553653776e-06 7.0258380286533e-08 2.88200447767902e-09 1.84561673061098e-10 1.63553040105231e-11 1.85871441806142e-12 2.57347721340639e-13 4.18575974965695e-14 7.78603875604025e-15 1.62285306457886e-15 3.73030824739301e-16 9.33691108734703e-17 2.5187673022177e-17 7.26145024231143e-18 2.22149109612029e-18 7.16914700035781e-19 4.10572609581791e-19
8 7 0 0 0 0.706598779194949 0.288601352297155 0.00466335421610106 0.000129734391685921 6.27449641863093e-06 4.54510386309482e-07 4.45050080451853e-08 5.50203442917004e-09 8.19268846115191e-10 1.42048917047194e-10 2.79679783571423e-11 6.13442760122134e-12 1.47661756514682e-12 3.85432902427919e-13 1.08043701406223e-13 3.22660480149352e-14 1.01973751191585e-14 5.65274421573079e-15
8 9 0 0.890065671517054 0.107213886503085 0.00260745048074112 0.000105621088788011 6.69600526827068e-06 5.94492822790103e-07 6.83064268892443e-08 9.61810687830113e-09 1.59671814831053e-09 3.03779159209789e-10 6.48302761072570e-11 1.52646709737756e-11 3.91373775704635e-12 1.08119337241392e-12 3.19057349343447e-13 9.98560058935793e-14 3.29462443823943e-14 1.14010964608855e-14 4.12000475396731e-15 2.87923889722796e-15
9 8 0 0.99984173955071 0.000157967583159881 2.89773507054518e-07 3.01161148436597e-09 7.87814644664912e-11 3.69233590629523e-12 2.59792595503096e-13 2.47114692393582e-14 2.96980455860321e-15 4.30454790862465e-16 7.27739270488271e-17 1.39972994317926e-17 3.00485113404906e-18 7.09223047258902e-19 1.81841177995336e-19 5.01520609001198e-20 1.47587605269452e-20 4.60286271241852e-21 1.51262036957172e-21 8.95188184607224e-22
9 10 0 0.0043659029350757 0.582126174166288 0.327435109677383 0.0680436866523455 0.0138089641681378 0.00311140632665775 0.000785851944900298 0.000220104827524362 6.74602795054811e-05 2.23543397836436e-05 7.92764502704728e-06 2.9834426606446e-06 1.18312425276059e-06 4.91514572510338e-07 2.12861280466427e-07 9.56972186732856e-08 4.45038393918818e-08 2.13432474684965e-08 1.05277488371109e-08 1.40225499710164e-08
9 14 0 0 0.468551916194254 0.440466858181572 0.0756593262392029 0.0123274119207892 0.00231559357894948 0.000503990753245252 0.000124718947577596 3.44127721890841e-05 1.04146159420779e-05 3.4113342709001e-06 1.19648219683155e-06 4.45463535675377e-07 1.74802457339864e-07 7.187032839688e-08 3.08087294454351e-08 1.37122130349065e-08 6.31401064708682e-09 2.99873489841803e-09 3.68734389415216e-09
9 15 0 0.999999999999994 4.8261121680431e-31 5.3403420153822e-47 1.610728835095e-56 1.74140897650321e-63 4.87914677745814e-69 1.10764842705371e-73 1.0914612380001e-77 3.20402446851343e-81 2.19188646333567e-84 2.94929252305205e-87 6.90671236810986e-90 2.56942773151912e-92 1.41581136970374e-94 1.09374978720707e-96 1.13367942884473e-98 1.52127605363497e-100 2.56614072017715e-102 5.30923589751359e-104 1.35041746731627e-105
9 16 0 0 0.000211092291362928 0.351089527814749 0.461254463176171 0.14252665516904 0.0339446828332911 0.00810282377799045 0.00205978101682701 0.000564363440157248 0.000166386718091286 5.2489869181798e-05 1.76065743621652e-05 6.24143669451277e-06 2.32557879309138e-06 9.06403862462771e-07 3.67982305320616e-07 1.55042060720877e-07 6.75761484114586e-08 3.03832696007085e-08 3.2915642006337e-08
10 3 0 0 0.194024923447652 0.545055515458314 0.196677262686992 0.0482332763859612 0.0117178683929609 0.00304294632053614 0.000855916517486263 0.000260065652005403 8.47865482665155e-05 2.94450507317112e-05 1.08196770444746e-05 4.1816563503911e-06 1.69110452368539e-06 7.12430252905329e-07 3.11450515203474e-07 1.40818148708946e-07 6.56579211057896e-08 3.14897311699875e-08 3.92546060808661e-08
10 9 0 0.601244878146013 0.398459665550456 0.000294271944519296 1.16898499678687e-06 1.49623156373588e-08 3.97269406528433e-10 1.73862407708957e-11 1.09713680368844e-12 9.16977997632339e-14 9.58316611270885e-15 1.20207726678677e-15 1.75586049758917e-16 2.91858055521149e-17 5.42199467536921e-18 1.10973265939801e-18 2.47338422032338e-19 5.94583962144603e-20 1.52935387564135e-20 4.18065016261908e-21 1.79086980681356e-21
10 11 0 0 0.422692945581597 0.489817123532471 0.0756990775071438 0.00997071045348409 0.00149196975818141 0.000260153537690546 5.21265160873112e-05 1.17787153787132e-05 2.95108165991936e-06 8.08258020480152e-07 2.3919236413518e-07 7.57565400255848e-08 2.54762781900771e-08 9.0371919655096e-09 3.3628374330846e-09 1.30650383176058e-09 5.27837648789667e-10 2.20987631943441e-10 2.06831295712142e-10
10 13 0 0.279165137295068 0.653760814274258 0.0619380619440084 0.00463606142326146 0.000438124568524766 5.24685096130252e-05 7.67072424957186e-06 1.32226464813464e-06 2.61408581950903e-07 5.80059552550103e-08 1.42048339832217e-08 3.78776991066272e-09 1.08798347032056e-09 3.33672574516245e-10 1.08469868330181e-10 3.7148091998646e-11 1.33340135406548e-11 4.99423543824849e-12 1.94452795253561e-12 1.56850022536429e-12
11 2 0 0.988274786906354 0.0117122012469333 1.29119160984539e-05 9.71468323446736e-08 2.03053167274833e-09 8.01207365712037e-11 4.89813571160517e-12 4.13387520886107e-13 4.47408566892688e-14 5.90545172310285e-15 9.17075694517145e-16 1.63149320969646e-16 3.25795190354497e-17 7.18708417233577e-18 1.72930008950983e-18 4.49153102129751e-19 1.2485615423835e-19 3.68819045023908e-20 1.15075440801413e-20 6.19593874634696e-21
11 10 0 0 0.193066257874564 0.523071786490211 0.204977828739778 0.0566402300061529 0.0155337329933888 0.00452881465703083 0.0014204046332253 0.000478035871555698 0.000171575724500004 6.52409248985721e-05 2.61205911311465e-05 1.09517855446859e-05 4.78604897362421e-06 2.17114977892182e-06 1.01881015374497e-06 4.93016586401286e-07 2.45380519728972e-07 1.25319591448926e-07 1.79982414671505e-07
11 12 0 0.999960902724185 3.90782462515098e-05 1.89547201428732e-08 7.37044772407226e-11 8.76438515130415e-13 2.11586924991094e-14 8.37027254842927e-16 4.77762979164275e-17 3.62392639960004e-18 3.45214616476013e-19 3.96533116184332e-20 5.32820164795122e-21 8.18252416360548e-22 1.41013450452888e-22 2.68744677765985e-23 5.59685134256459e-24 1.2612186637061e-24 3.04998116926588e-25 7.86020414875765e-26 3.05808561388022e-26
12 11 0 0.905692640398414 0.0906107780730108 0.00344251331128682 0.000227626370226306 2.27372531540353e-05 3.05647556826121e-06 5.13375323080637e-07 1.02568074867817e-07 2.35569699092571e-08 6.06783492952876e-09 1.72083443394873e-09 5.29754546606539e-10 1.75063459511253e-10 6.15483710160684e-11 2.2854454801445e-11 8.90922064690079e-12 3.62769552401194e-12 1.53634544769793e-12 6.74261788653179e-13 7.01752329254964e-13
12 23 0 0.826759263862277 0.171259697122155 0.00192797419874945 5.03860811592892e-05 2.4699899337546e-06 1.86474046136922e-07 1.92557335108461e-08 2.52331793370201e-09 3.99051388492741e-10 7.3511682075347e-11 1.53705502206521e-11 3.57690567629018e-12 9.12423561740587e-13 2.52063636241331e-13 7.46811409265108e-14 2.35408505305356e-14 7.84247409041777e-15 2.74581892327822e-15 1.00556816377148e-15 7.25909601778323e-16
13 10 0 0.72930060932679 0.267021580498038 0.00358648753451489 8.72470560078885e-05 3.79767794490694e-06 2.52057730732281e-07 2.28929070375096e-08 2.64874725847892e-09 3.71663414874471e-10 6.10567062518122e-11 1.14408257557993e-11 2.39705137129517e-12 5.52890383630429e-13 1.38661791427604e-13 3.74335841310704e-14 1.07883525206661e-14 3.29637846337979e-15 1.06163622152467e-15 3.58603220424843e-16 2.21224197674775e-16
13 14 0 0.00180628207680784 0.42502739389095 0.393297598046583 0.126946106863196 0.0364605790499375 0.0109393763043574 0.00352887299426768 0.00122467656305871 0.000454480769897953 0.000179060605549288 7.43949732809519e-05 3.24015536236553e-05 1.47178756076786e-05 6.94192954814622e-06 3.38721579590923e-06 1.704251406884e-06 8.81746465258435e-07 4.67975507808714e-07 2.54246434047119e-07 4.21067724967232e-07
13 22 0 0.950663168592799 0.0491535295909971 0.000180537023761274 2.6693692007901e-06 8.98186733772872e-08 5.13081557093325e-09 4.25000584611415e-10 4.64410509291644e-11 6.29542258063241e-12 1.01471314919867e-12 1.8861265421545e-13 3.95163471921325e-14 9.16906525363476e-15 2.32383665485724e-15 6.36202329848276e-16 1.86448557999835e-16 5.80551438935506e-17 1.90858907618475e-17 6.58967846056134e-18 4.2642352410854e-18
14 9 0 0 0.999824639480684 0.000175227633705893 1.32283850474755e-07 6.48761584558959e-10 8.97932888371659e-12 2.42044051239659e-13 1.04266984988246e-14 6.3740492854297e-16 5.11788970025202e-17 5.11619452674853e-18 6.12633665330655e-19 8.53678450897402e-20 1.35382687295851e-20 2.40102309832936e-21 4.69551563026073e-22 1.00100647976767e-22 2.30424847001064e-23 5.68200886769234e-24 2.07429083216197e-24
14 13 0 0.000708796869172788 0.41574933039148 0.422950177796058 0.121282893716446 0.0292128203173543 0.00728556860938338 0.00196144988382484 0.000572470229594808 0.000180170551594127 6.0695609586442e-05 2.1727420826812e-05 8.21084270454521e-06 3.25694977773143e-06 1.34937736079331e-06 5.81442818622759e-07 2.59618997869144e-07 1.19739900752126e-07 5.68865803232184e-08 2.7771218039325e-08 3.59753203127386e-08
14 18 0 0.908920901017424 0.0889930454714738 0.00200118293644227 7.93460641421826e-05 5.01604183687236e-06 4.47630582410763e-07 5.18988184236427e-08 7.38917416380758e-09 1.24170442275112e-09 2.39262903680387e-10 5.17288114694001e-11 1.23397988241995e-11 3.20521358635348e-12 8.96934037491632e-13 2.68068294922198e-13 8.49544589340062e-14 2.83767020506916e-14 9.93920603052072e-15 3.63459022241777e-15 2.6015903152129e-15
14 21 0 0.82250509537501 0.171293508749481 0.00589068832501612 0.000287798062311787 2.06198491900331e-05 1.9994111891094e-06 2.45759999905008e-07 3.65153187261758e-08 6.33502933021643e-09 1.25058606643152e-09 2.7542349939945e-10 6.66375852555219e-11 1.74960587424048e-11 4.93570218961524e-12 1.48388057571577e-12 4.72212514220873e-13 1.58153211597727e-13 5.54760247277137e-14 2.02956955186949e-14 1.4497089204771e-14
15 7 0 0.0370045530428105 0.880451750311061 0.0787480387847142 0.00355100079908147 0.000222842811536077 1.92914566341668e-05 2.16379944444415e-06 2.9855687593401e-07 4.87471024338686e-08 9.14945741778099e-09 1.93106644014911e-09 4.50536970190767e-10 1.14636740080017e-10 3.14668591781244e-11 9.23548361139904e-12 2.87704457954686e-12 9.45444505732317e-13 3.26031732696005e-13 1.17457053243113e-13 8.1660150278003e-14
15 9 0 0.955530858457522 0.044260518045724 0.000204648521874902 3.80662163516218e-06 1.56377736637974e-07 1.0641791254064e-08 1.03033741496305e-09 1.29642891270654e-10 1.9993200344866e-11 3.62984428402336e-12 7.53655554014519e-13 1.75121973251584e-13 4.47894407370156e-14 1.24452927610494e-14 3.71775550539643e-15 1.1838454126358e-15 3.99007996120911e-16 1.41505622964728e-16 5.2541052971988e-17 3.91508869407966e-17
15 16 0.997322989207317 0.00267700546299289 5.33555918534532e-09 2.51336785331698e-12 9.2374743322458e-15 1.03815859996983e-16 2.38364924663435e-18 9.03062283812403e-20 4.9674599551905e-21 3.65068186149693e-22 3.38472735096629e-23 3.79851652948102e-24 5.0029026223481e-25 7.55152613698702e-26 1.28216187120848e-26 2.41237848989577e-27 4.96871838129927e-28 1.10907360057404e-28 2.66028905757669e-29 6.80847776343624e-30 2.62505961816236e-30
15 17 0 0.750765612915835 0.232503058366264 0.0152637179327571 0.00129321438506269 0.000147980580987323 2.15715182971759e-05 3.80854080019169e-06 7.8446509672712e-07 1.83370950743018e-07 4.76449961042691e-08 1.35429301666016e-08 4.1590047213648e-09 1.36619370506347e-09 4.76168940745439e-10 1.74918711508621e-10 6.7347176747614e-11 2.70502070848276e-11 1.12889184683656e-11 4.87833368855441e-12 4.88925951663496e-12
16 9 0 0 0.0270439201579377 0.859842775622597 0.106473422694599 0.00612651509164736 0.000460415081224044 4.60320035407665e-05 5.82509108540641e-06 8.92036804039087e-07 1.59691950791885e-07 3.25542877566001e-08 7.40645337715167e-09 1.85121514127064e-09 5.02016304273366e-10 1.46220118227543e-10 4.53660031638089e-11 1.48903235609459e-11 5.14070011687638e-12 1.85762941721863e-12 1.30661556513731e-12
16 15 0.294375424099195 0.700922965271687 0.00464575736699364 5.43540722114097e-05 1.4290013749464e-06 6.53042880422278e-08 4.4265338160329e-09 4.03267498879971e-10 4.62729495018884e-11 6.392792796997e-12 1.02923034294871e-12 1.88443127021734e-13 3.85055133447872e-14 8.65174783936489e-15 2.11229349318309e-15 5.54951269382013e-16 1.5563690407669e-16 4.62807133057302e-17 1.45089950219635e-17 4.77203470651547e-18 2.7952473779428e-18
16 18 0.945402529116575 0.0545932652204717 4.19529533562866e-06 1.0239312746828e-08 1.11948541342021e-10 2.86051739078616e-12 1.27282506029384e-13 8.40380130586754e-15 7.46760758601777e-16 8.3745144878726e-17 1.13330062918048e-17 1.79134080714243e-18 3.22705942725392e-19 6.50127248487735e-20 1.44293103601294e-20 3.48585163951275e-21 9.07614498235592e-22 2.52619795946551e-22 7.46486692405798e-23 2.3282723557492e-23 1.25064792625822e-23
17 6 0.999657908996775 0.000342091002674545 6.71187401159362e-13 4.69912630146087e-18 7.74485625576044e-22 7.21003937521045e-25 2.0379285011313e-27 1.25629278261158e-29 1.38444784256774e-31 2.39591932234277e-33 5.95413251737568e-35 1.99193268599175e-36 8.54859396132217e-38 4.53512973251233e-39 2.88877771679928e-40 2.1584153810956e-41 1.85608790680883e-42 1.80836295457365e-43 1.97012037742317e-44 2.37354699184305e-45 3.37683156098803e-46
17 15 0 0.996535670691459 0.00345306428769932 1.11260847183751e-05 1.35114117808507e-07 3.64168125584296e-09 1.66734675147269e-10 1.11650200506024e-11 9.96897357854934e-13 1.11620613396955e-13 1.50130104229808e-14 2.35063015801731e-15 4.18411893430541e-16 8.31290881150238e-17 1.8168326460334e-17 4.31711130046659e-18 1.10461425998551e-18 3.01923214862774e-19 8.75655253842164e-20 2.67942876446257e-20 1.38615629495933e-20
17 19 0 0.254196325494712 0.660559380672896 0.0773316839724226 0.00700567653623575 0.000777806412764147 0.000107040592660332 1.76896762396537e-05 3.40361218171542e-06 7.43562340011556e-07 1.80839310860614e-07 4.82084884955675e-08 1.39135043868698e-08 4.30420489548291e-09 1.41560489789084e-09 4.91634289813853e-10 1.7927859878409e-10 6.83147558411601e-11 2.70905605929558e-11 1.11404687566759e-11 1.00439567015027e-11
18 14 0 0.807116531581598 0.180414322620135 0.0113123138764792 0.00100804040378255 0.000124261279624002 1.96347891715131e-05 3.75916103782937e-06 8.38172909776176e-07 2.11549583659718e-07 5.91844778315447e-08 1.80632975841093e-08 5.94013363462996e-09 2.08416648714714e-09 7.74022968875266e-10 3.02293839371958e-10 1.2348251482295e-10 5.25174275986927e-11 2.31655150138811e-11 1.05628107855705e-11 1.19012914303626e-11
18 16 0.999991743252417 8.25698496515761e-06 2.33219585397656e-12 8.02550177770401e-16 2.79881166501154e-18 3.25698677658091e-20 8.03322902225045e-22 3.32552526533114e-23 2.01489631551001e-24 1.63670263195014e-25 1.67893047966336e-26 2.08389072296495e-27 3.03202446643247e-28 5.04776278265417e-29 9.43534026903094e-30 1.95053503570097e-30 4.40522762033118e-31 1.07602286920413e-31 2.81877755131474e-32 7.86333033248276e-33 3.51096437796466e-33
18 19 0 0.317816415396333 0.620778703493537 0.0564309826059622 0.00445229160213323 0.000451966266319347 5.8304697357968e-05 9.16740081561812e-06 1.69463449327144e-06 3.58128559014624e-07 8.46823001900235e-08 2.20331731496051e-08 6.22531352450752e-09 1.8899433769687e-09 6.11220895530772e-10 2.0908485172047e-10 7.52045919118424e-11 2.83001006744759e-11 1.10942861479775e-11 4.51424061174379e-12 3.98763060433637e-12
19 17 0 0.999999999999989 3.60550566465924e-18 4.32719922593496e-32 7.35534959381001e-41 1.97503100947583e-47 9.57049422681065e-53 3.0909921949873e-57 3.8501049801368e-61 1.32261310570125e-64 1.0041261237215e-67 1.44358576715407e-70 3.5124212775494e-73 1.32929001563185e-75 7.33150173385556e-78 5.59772490160153e-80 5.67733805435965e-82 7.39528342338567e-84 1.20317281909239e-85 2.38846622409982e-87 5.8061298117741e-89
19 18 0 0.247273027536324 0.625345244799931 0.108314668132557 0.01566849290587 0.00267766683291382 0.000543908677426735 0.000127964998454385 3.40128085928116e-05 1.00103785056904e-05 3.21114203650295e-06 1.10883744211852e-06 4.08103212637568e-07 1.58813530020972e-07 6.49191403165941e-08 2.77246293778754e-08 1.23136949047889e-08 5.66585976592903e-09 2.69194920842224e-09 1.31691689642831e-09 1.72659320732332e-09
19 20 0 0 0.312362188261673 0.492956995250254 0.145254380973783 0.0358986863855192 0.00944680374748927 0.00273270641182132 0.000865811560653975 0.000297430432351343 0.000109653642305997 4.29952673511153e-05 1.77938609107433e-05 7.72331870360672e-06 3.49706566632325e-06 1.64443916561363e-06 8.00002386898017e-07 4.01338750500721e-07 2.07043579899888e-07 1.09569727266128e-07 1.71427907252862e-07
19 21 0 0.00993781970910903 0.635733767014092 0.282804845003929 0.0561300828644405 0.0116150186027289 0.00272950246698352 0.000725335829176411 0.000214447953375507 6.94367214796927e-05 2.42992668638744e-05 9.0918748609207e-06 3.60553073822339e-06 1.50464482943007e-06 6.56878630950282e-07 2.98529496219659e-07 1.40651253674198e-07 6.8458671997024e-08 3.43190419625701e-08 1.76740395180285e-08 2.60062583376771e-08
20 19 0 0 0.988292234115544 0.0116387002951938 6.78583587311855e-05 1.16490860244805e-06 4.00462860309375e-08 2.21079831561221e-09 1.72304358906154e-10 1.74771480876081e-11 2.18414724780487e-12 3.23515903034885e-13 5.51982699450504e-14 1.06162077597956e-14 2.26311551425844e-15 5.2761289562311e-16 1.33070581340969e-16 3.59858866049068e-17 1.03571144924537e-17 3.15270128434626e-18 1.62481254457459e-18
20 21 0.535445059393438 0.463615154993416 0.000932248498696085 7.37131524817482e-06 1.5892423424148e-07 6.44955576768035e-09 4.04664455153478e-10 3.49752048439078e-11 3.86841504665138e-12 5.20786952058038e-13 8.23419892215621e-14 1.48908897269622e-14 3.01844205065761e-15 6.75061672707214e-16 1.64483316381852e-16 4.3218149281106e-17 1.21424500724609e-17 3.62224532863319e-18 1.14049445686868e-18 3.77090606071474e-19 2.23765730325e-19
20 23 0 0.862935058577966 0.130453235317846 0.00610600920098734 0.000449416967016217 4.80194854044132e-05 6.76491563120188e-06 1.17637175342381e-06 2.41398223712268e-07 5.66305082731152e-08 1.48396666280646e-08 4.26844006692151e-09 1.32960116124672e-09 4.43759483837694e-10 1.57332740556183e-10 5.88418868047805e-11 2.30792768066804e-11 9.44723840669362e-12 4.01916694694394e-12 1.77082734474179e-12 1.85565165442299e-12
21 14 0 0.607310126541641 0.359525180061306 0.0301940116241272 0.00263383539598454 0.000289445111550783 3.94166654581551e-05 6.42395846471388e-06 1.21528241813723e-06 2.60480957016164e-07 6.20651968785539e-08 1.61949415519788e-08 4.57257085558387e-09 1.38346524154814e-09 4.44973411185209e-10 1.51138132841348e-10 5.39093698183036e-11 2.00977265369131e-11 7.79937081115566e-12 3.13964301912036e-12 2.70382008644344e-12
21 19 0 0.00886077415267816 0.642317704767596 0.28235159305042 0.0530104715093397 0.0103405993851965 0.00229800175455333 0.0005798118533605 0.000163374211922867 5.05834059983815e-05 1.69757653399542e-05 6.10671258959394e-06 2.33349640008258e-06 9.40176495782518e-07 3.96969551669993e-07 1.7475741853173e-07 7.98693871995412e-08 3.77579004693964e-08 1.84060917890323e-08 9.22721277270057e-09 1.27705463180814e-08
21 20 0.998830057671258 0.00116994192300342 4.05219995872303e-10 7.10819582704522e-14 1.2814495486689e-16 8.19083298871329e-19 1.17462286687109e-20 2.96631349792043e-22 1.14112795443673e-23 6.08635869921153e-25 4.21797258243688e-26 3.62460798025969e-27 3.72964949704108e-28 4.47387573200009e-29 6.12577739934477e-30 9.41392229732732e-31 1.60155529574621e-31 2.98224014090911e-32 6.02069637291756e-33 1.30727086855759e-33 3.92105058933273e-34
21 22 0 0.178261853932584 0.626941618922246 0.156814935300621 0.0296500681047473 0.00623437349720091 0.00150125354963076 0.000408314658309337 0.000123202831254863 4.05973972579029e-05 1.44226459568502e-05 5.46710534373777e-06 2.19274814779113e-06 9.24184533819216e-07 4.07011122222019e-07 1.86413695461618e-07 8.84387134108919e-08 4.33139435934668e-08 2.18358794684322e-08 1.13026263619773e-08 1.68061855571084e-08
22 13 0 0.532247274701668 0.438136602144996 0.0271590234190988 0.00216636728385278 0.000245591036337165 3.65204629186038e-05 6.68501702570897e-06 1.4407142728219e-06 3.54195891373904e-07 9.70680467518123e-08 2.91433676336199e-08 9.45849483730869e-09 3.2835434473822e-09 1.20899373899184e-09 4.68883368323206e-10 1.90450416067389e-10 8.06297821740221e-11 3.54359971559881e-11 1.61110708956333e-11 1.80774042905854e-11
22 21 0 0.449652195354338 0.502061283094569 0.0433316367687996 0.00426883930727052 0.000565296806100383 9.51429490304317e-05 1.93132728622241e-05 4.55006206481583e-06 1.20987184111117e-06 3.5566600113344e-07 1.13791732559448e-07 3.91428444660962e-08 1.43375394893448e-08 5.5487705383418e-09 2.2545031561735e-09 9.56621342177793e-10 4.22022891325014e-10 1.92842451285634e-10 9.09785654501987e-11 1.10515646037383e-10
22 23 0.202775270081066 0.785885159297412 0.0111352615308776 0.000197012997017733 6.87092452899264e-06 3.8981117607149e-07 3.15087962470137e-08 3.33146721490125e-09 4.35049419479788e-10 6.7395036504842e-11 1.20258817932068e-11 2.41751264558353e-12 5.38179379063122e-13 1.30886455069683e-13 3.43969933155437e-14 9.68088909238876e-15 2.89635408191523e-15 9.15417899446383e-16 3.04031347986544e-16 1.05627817166344e-16 6.84532856036277e-17
23 12 0 0.98330908415948 0.016653935041374 3.6513137832881e-05 4.52776678699366e-07 1.40451742864128e-08 7.70291324792698e-10 6.25673696530086e-11 6.78736321661803e-12 9.20483656453021e-13 1.49187144448508e-13 2.79805917118582e-14 5.92935379760991e-15 1.39393117078147e-15 3.58374443253618e-16 9.96140894037121e-17 2.96584347316883e-17 9.3860414317062e-18 3.13714927309522e-18 1.10141400320134e-18 7.37814156800214e-19
23 20 0 0.995872456021235 0.00410092532199012 2.60305057083564e-05 5.6157801519852e-07 2.46568689367257e-08 1.72615898730426e-09 1.68531065427723e-10 2.11436080707283e-11 3.22937072975732e-12 5.78265128489136e-13 1.18110241848873e-13 2.69541443039672e-14 6.76392902276392e-15 1.84296509610644e-15 5.39702845337855e-16 1.68456857707037e-16 5.5655961525399e-17 1.935073849318e-17 7.04534154282704e-18 5.04198123792904e-18
23 22 0.402379261306631 0.593226027640587 0.00431554233237747 7.60079759945105e-05 2.94891276967793e-06 1.914516571784e-07 1.78218838958427e-08 2.16781472618208e-09 3.24453947333468e-10 5.73343945191073e-11 1.16124096823397e-11 2.63678882885624e-12 6.59954890783535e-13 1.79663715572391e-13 5.26363546118297e-14 1.64521039077399e-14 5.44694646593871e-15 1.89878305027684e-15 6.93400823216246e-16 2.64117960469377e-16 2.05423178097018e-16
