0 1 0 0 0.965260280402819 0.0347397193060409 2.91140398678641e-10 4.34951213400837e-21 4.37653492347857e-33 9.88237733066819e-46 8.62999277104609e-59 3.90468116904047e-72 1.09075002413928e-85 2.10707533254029e-99 3.04190994014285e-113 3.46892460869077e-127 3.25551422063351e-141 2.5938588099704e-155 1.79761642933281e-169 1.10463348584354e-183 6.11282711383771e-198 3.08516142982833e-212 1.43503600410571e-226
0 2 0 0.641381747558859 0.358617399802684 8.52638454044316e-07 5.62990713485033e-15 4.23320051773562e-24 1.03108658113374e-33 1.25871222072987e-43 9.63319832567996e-54 5.26424335601927e-64 2.23040509905891e-74 7.74429516244604e-85 2.29141911684348e-95 5.94526783398768e-106 1.38211473085505e-116 2.92721106526479e-127 5.72273350255104e-138 1.04368268261224e-148 1.79092282048236e-159 2.91209854447937e-170 4.51716024899164e-181
1 0 0 0 0.999999999869821 1.30179611708179e-10 3.20495351923192e-30 1.18104937814977e-51 7.63138067923908e-74 1.89153591353715e-96 2.55390514868183e-119 2.26604411955077e-142 1.47824542169359e-165 7.62292364900668e-189 3.26521000856512e-212 1.20357970130277e-235 3.91886962904015e-259 1.14971759104048e-282 3.08653278249967e-306 0 0 0 0
1 5 0 2.11546169088176e-06 0.662754764792242 0.336498014865546 0.000745029108344571 7.57705735384012e-08 1.60220935036941e-12 1.32812772663035e-17 5.92072300347859e-23 1.69851082607364e-28 3.50546417211627e-34 5.60443291479475e-40 7.30844307625189e-46 8.06977454152517e-52 7.75863648938896e-58 6.63616470045704e-64 5.1352958171663e-70 3.6439094441436e-76 2.39695194327794e-82 1.47480919681231e-88 8.52764205019867e-95
2 0 0 0.999965450686153 3.45493138299393e-05 2.17729101535757e-28 4.24915984102485e-56 2.2897677983426e-85 1.96160584659511e-115 5.47840234503694e-146 7.18870621551955e-177 5.47617796020158e-208 2.76766910812583e-239 1.01509326940939e-270 2.8779251728052e-302 0 0 0 0 0 0 0 0
2 3 0 0.481349554370798 0.518638083055676 1.23625725668056e-05 9.59393047555069e-13 8.60839001167845e-21 2.51309153168245e-29 3.68384940660849e-38 3.38860240277713e-47 2.2268992730691e-56 1.13504880381774e-65 4.74221062621109e-75 1.6886649498334e-84 5.27354828497588e-94 1.47573271448448e-103 3.76253276057995e-113 8.85556913650367e-123 1.94440815307355e-132 4.01714527102018e-142 7.86468634535116e-152 1.46912975571528e-161
2 11 0 1 2.08256710245239e-31 2.31373957138118e-95 1.78689628771285e-161 2.5315701961567e-228 1.50814342427596e-295 0 0 0 0 0 0 0 0 0 0 0 0 0 0
3 2 0 0.904561462692458 0.0954385373023421 4.66001273822339e-12 4.38113719301637e-26 1.96341897764926e-41 1.83522396489838e-57 6.58442606908436e-74 1.23807673205843e-90 1.46150783360809e-107 1.21402243692279e-124 7.66183971278425e-142 3.87785415510626e-159 1.63743601145688e-176 5.94266491546376e-194 1.89681799917947e-211 5.42209502794188e-229 1.40837678317195e-246 3.36374355528121e-264 7.45972639457294e-282 1.54840951673431e-299
3 4 0.0116419339572916 0.987482722211125 0.000875343529987076 3.01597627608444e-10 7.6705722793253e-18 5.60231551536295e-26 1.96750572804569e-34 4.26823196262265e-43 6.58318953087552e-52 7.87410417456124e-61 7.7352692180862e-70 6.49531858888267e-79 4.79871503337083e-88 3.18729836550309e-97 1.93499839950825e-106 1.08775215982823e-115 5.72091283517254e-125 2.83877711699679e-134 1.33820932655245e-143 6.0274921291815e-153 2.60897726500224e-162
3 10 0 0 0.517381517404438 0.481511033775657 0.00110735572220102 9.30959937895515e-08 1.70906348205186e-12 1.32887461554232e-17 5.95635066430334e-23 1.82010455823541e-28 4.19582401484383e-34 7.79338073560736e-40 1.22022660807411e-45 1.66344394238085e-51 2.02223562046724e-57 2.2326980717006e-63 2.27075423569585e-69 2.15153773091399e-75 1.91654662838636e-81 1.61703096997655e-87 1.29625330376124e-93
4 3 0.911445763564232 0.0885542364349139 5.37510761115595e-26 4.28054580741088e-57 6.02525678445481e-90 1.2874214662448e-123 9.18976623814266e-158 3.19949872575885e-192 6.70988606452804e-227 9.6511970087281e-262 1.03714448151573e-296 0 0 0 0 0 0 0 0 0 0
4 5 0 0.0573386319187908 0.941973055615218 0.000688312341038075 1.24952963075842e-10 7.33675364848887e-19 7.1521162427283e-28 2.31413641615903e-37 3.55036014963698e-47 3.17895175239963e-57 1.89475623040417e-67 8.213894764745e-78 2.75682811611715e-88 7.49886981917958e-99 1.71111757930467e-109 3.3637881155356e-120 5.81786500024649e-131 9.00336888628264e-142 1.26391179781455e-152 1.62787883290218e-163 1.94338362755969e-174
4 8 0 0.000751397200509112 0.978527011479179 0.0207212338895673 3.57430374543939e-07 3.69806112275077e-13 9.75351833910206e-20 1.14956892781461e-26 7.96736983907814e-34 3.78998892944973e-41 1.36156768192613e-48 3.93553038908394e-56 9.56445048494841e-64 2.01771620674302e-71 3.78402460399218e-79 6.4251003944541e-87 1.00198147564121e-94 1.45164399256578e-102 1.97201143109008e-110 2.53116076601945e-118 3.08954654903234e-126
5 1 0 0.999992908920828 7.09107919147675e-06 1.78677825167465e-50 8.35695173825736e-101 1.45204497708523e-152 5.43689714466001e-205 8.34470153370659e-258 7.14451311030078e-311 0 0 0 0 0 0 0 0 0 0 0 0
5 4 0 0.497552024269023 0.502447727273677 2.48457299495784e-07 3.09076776211365e-17 1.79253021837027e-28 2.12581597548846e-40 9.54197603153409e-53 2.22194711631976e-65 3.22355912917874e-78 3.27142219148633e-91 2.51054641206867e-104 1.53915279656001e-117 7.84735818946069e-131 3.4295785564154e-144 1.31518679751937e-157 4.50784385115943e-171 1.40154870391278e-184 4.00071565229307e-198 1.0589513437515e-211 2.62090054225163e-225
5 7 0.999997091805702 2.90819428593613e-06 3.24540301644517e-45 4.25364190432731e-88 5.81176376967493e-132 2.76663570589488e-176 7.13620742336363e-221 1.23246980821509e-265 1.60368049746448e-310 0 0 0 0 0 0 0 0 0 0 0 0
6 7 0 1.00000000000294 2.26166013649584e-26 4.95550727674496e-64 2.87482190944284e-103 3.73894750096009e-143 2.13925547031445e-183 7.2765324588038e-224 1.72824619962051e-264 3.15541368972645e-305 0 0 0 0 0 0 0 0 0 0 0
6 17 0.0655197062250082 0.934478516214117 1.77756087262996e-06 1.63237187677849e-16 8.12214959568707e-28 1.01709984096465e-39 5.68671031050813e-52 1.87253284004056e-64 4.24024757258336e-77 7.26525302412677e-90 1.00324889026035e-102 1.16655632789458e-115 1.17899264686276e-128 1.0604861038786e-141 8.64501709712967e-155 6.47835643585314e-168 4.51362969862715e-181 2.95080770870145e-194 1.82385693307389e-207 1.07251904998457e-220 6.03297277903429e-234
7 5 0.999999999999998 7.68058062609745e-18 1.14973949135325e-98 4.48599921977531e-183 2.27158416913646e-268 0 0 0 0 0 0 0 0 0 0 0 0 0 0 0 0
7 6 0 0.999999763057597 2.36942674007669e-07 8.83006975541026e-23 3.83445107244473e-40 2.6122734163633e-58 6.41328506961299e-77 8.24049226590109e-96 6.76748442756129e-115 4.00348018976249e-134 1.84306551422659e-153 6.96109178561955e-173 2.23988618629012e-192 6.31377411516456e-212 1.59243998717415e-231 3.65342550843791e-251 7.72454357046103e-271 1.52109085678035e-290 2.81377891090173e-310 0 0
7 8 0 0 0 4.38703904353526e-05 0.0620296775034724 0.422538134415375 0.383358004577079 0.113311181888037 0.0169717005199801 0.00162676548646366 0.000114014215631871 6.34297365975734e-06 2.95605373591738e-07 1.19765559142178e-08 4.33219305130849e-10 1.4269222458105e-11 4.34433577473939e-13 1.23693426478051e-14 3.32423566289018e-16 8.49576408359644e-18 2.12917335316513e-19
7 15 0 0.00445989654204999 0.956727183396984 0.0388005457384504 1.23737162794932e-05 6.06222263757086e-10 1.18422491273485e-14 1.34204615954076e-19 1.06120545405647e-24 6.498978367397e-30 3.28857095444507e-35 1.43520346701726e-40 5.56602986072675e-46 1.96025027972957e-51 6.37158545502958e-57 1.93532158305382e-62 5.54705685008135e-68 1.51202028888221e-73 3.94440752744249e-79 9.89900883683321e-85 2.39080938269978e-90
8 4 0 0.0699001239754307 0.929959824572008 0.000140051424828978 2.77281556673394e-11 7.21454825370801e-19 7.12809873811413e-27 3.99129117386861e-35 1.53823015330334e-43 4.55052433093612e-52 1.10530534174427e-60 2.30470739795802e-69 4.25507637499183e-78 7.11355052002359e-87 1.09501690819773e-95 1.57210985139999e-104 2.12637026548908e-113 2.73132747035652e-122 3.3536168111316e-131 3.95713714756306e-140 4.51097963315542e-149
8 7 0 0 0 0.638892505510964 0.361105628963397 1.86552559218479e-06 4.23556569803002e-14 1.28901707525263e-22 1.38143330331559e-31 7.8071435700775e-41 2.8624757955224e-50 7.680977979029e-60 1.6279702840649e-69 2.86901915397078e-79 4.35921393127195e-89 5.86383811287405e-99 7.12413839762693e-109 7.93894765586747e-119 8.21410224509423e-129 7.96831034925679e-139 7.31210243257643e-149
8 9 0 0.99999999999592 4.07955295828549e-12 4.58014476227882e-35 3.46943483896905e-60 3.32357725359199e-86 1.02100928041398e-112 1.52550052671834e-139 1.38515464702075e-166 8.73238431469447e-194 4.16554163218045e-221 1.59456519818965e-248 5.10817250216662e-276 1.41254283583321e-303 0 0 0 0 0 0 0
9 8 0 0.999999999999985 1.35679666424433e-179 0 0 0 0 0 0 0 0 0 0 0 0 0 0 0 0 0 0
9 10 0 0.000109299639413555 0.590527821364328 0.400714402631005 0.00861645417528042 3.19746522920455e-05 4.74970463993367e-08 4.06059962066715e-11 2.40175656923458e-14 1.09220363562115e-17 4.07899514535224e-21 1.30723974211153e-24 3.70723822643204e-28 9.51330331954389e-32 2.24626042920209e-35 4.943314985199e-39 1.02420732194252e-42 2.01405807687073e-46 3.78368592928784e-50 6.82744626663204e-54 1.19038867585796e-57
9 14 0 0 0.99999881102322 1.18897678766313e-06 1.25388074315653e-20 2.07337261197586e-36 6.06810578272341e-53 6.83598047044809e-70 4.20185610187985e-87 1.69883453875832e-104 5.05263696621642e-122 1.18834129975105e-139 2.32214306919532e-157 3.90562299297321e-175 5.80327260592181e-193 7.77043239397303e-211 9.52142727300711e-229 1.08082036032197e-246 1.14784150002898e-264 1.14971758939921e-282 1.0932333581788e-300
9 15 0 0.0239054519412586 0.947024721278946 0.0290647739451665 5.05275423501698e-06 8.03940170301969e-11 3.56550352508848e-16 7.1726121636767e-22 8.43407836789824e-28 6.72536956192536e-34 3.99687154819542e-40 1.88680771857364e-46 7.40112134427974e-53 2.49322777102381e-59 7.39496382701934e-66 1.9687092106491e-72 4.77635671066211e-79 1.0690047697377e-85 2.22919799502821e-92 4.3668674932391e-99 8.07715565581157e-106
9 16 0 0 1 1.09003014384533e-35 4.87298409490052e-200 0 0 0 0 0 0 0 0 0 0 0 0 0 0 0 0
10 3 0 0 0.0390093820490724 0.845096853214883 0.115375414384396 0.000517996033122254 3.54237811668972e-07 8.07054816013746e-11 9.01481252016446e-15 6.11778184437499e-19 2.8745216850849e-23 1.0184432436017e-27 2.88554607528196e-32 6.81947231075542e-37 1.38703174838542e-41 2.48647805421758e-46 4.00232953493284e-51 5.87057813027228e-56 7.94082793509403e-61 1.00025068401728e-65 1.177715482731e-70
10 9 0 0.517081409667171 0.482918589730371 6.02460728680924e-10 3.63091890254045e-22 2.80141974025215e-35 8.20949358501938e-49 1.36738800916392e-62 1.57209999258077e-76 1.39079476073395e-90 1.01230152714745e-104 6.33584397402614e-119 3.5162029702365e-133 1.76910622089416e-147 8.20421965766164e-162 3.55169672935735e-176 1.44966161052815e-190 5.6230744439901e-205 2.08616897242414e-219 7.44197680678991e-234 2.56368533680094e-248
10 11 0 0 0.0441458541771801 0.784701816903467 0.168736628584577 0.00240795800125484 7.73202180947227e-06 1.03039666640754e-08 7.74091113743377e-12 3.89082988380817e-15 1.45305665658069e-18 4.31850887895902e-22 1.07094993033895e-25 2.29283003267768e-29 4.3462865243761e-33 7.43670465633062e-37 1.16597338994642e-40 1.69525146148757e-44 2.30787356033745e-48 2.96524380138894e-52 3.61920542678717e-56
10 13 0 0.231867742349538 0.768121344769184 1.09128812522767e-05 2.62758370569006e-14 2.26494934188405e-24 3.46144707693527e-35 1.83260210174701e-46 4.73945138720293e-58 7.311116081645e-70 7.63347297464807e-82 5.87323988514722e-94 3.53585513551071e-106 1.74030724505903e-118 7.23822823355829e-131 2.60978744849766e-143 8.32319110790201e-156 2.3861834302554e-168 6.23108388844024e-181 1.49826220234226e-193 3.34834403725775e-206
11 2 0 0.996273679308004 0.00372632069192102 7.34616713818041e-14 1.79531354543346e-26 9.36487697357875e-40 2.20544584918275e-53 3.19498191273602e-67 3.33439137936293e-81 2.74742740792488e-95 1.89382192266386e-109 1.13542913748851e-123 6.0855914532272e-138 2.97495292934258e-152 1.34665560223471e-166 5.71085872117991e-181 2.28987069175684e-195 8.74563474911043e-210 3.20076721177298e-224 1.1281183205625e-238 3.8446602601103e-253
11 10 0 0 0.678344373326078 0.321388913054018 0.00026670359080717 1.00290045138672e-08 9.36302059700278e-14 3.99224457220684e-19 1.03055744413199e-24 1.87691832555788e-30 2.64498418788681e-36 3.06223649398744e-42 3.03496574771501e-48 2.65188156699533e-54 2.08788565163736e-60 1.50597207740202e-66 1.00808185925331e-72 6.32700468029452e-79 3.7542210105565e-85 2.12033867283508e-91 1.1431682843636e-97
11 12 0 0.581630540046046 0.418343617228455 2.5842719987316e-05 5.49434619692257e-12 9.2730086099767e-20 3.79932064495702e-28 6.30856296559728e-37 5.59932542254887e-46 3.13772182688852e-55 1.23655657454231e-64 3.68999172913393e-74 8.79007940265515e-84 1.73815530345074e-93 2.93914216620419e-103 4.34944912903239e-113 5.7372100562647e-123 6.84622862445526e-133 7.48083929834982e-143 7.56067948069914e-153 7.13419458076447e-163
12 11 0 0.999367793776357 0.000632206223639023 3.26461830833906e-15 5.68025738913749e-29 9.05343763059798e-44 3.85492629875045e-59 7.09949077325061e-75 7.32259968008442e-91 4.9377970763016e-107 2.40587973390304e-123 9.06978814713732e-140 2.77791759927524e-156 7.16672692943108e-173 1.60073164712775e-189 3.16214226893814e-206 5.61902844934669e-223 9.10515399853332e-240 1.36053978644376e-256 1.89214046694304e-273 2.46774021007694e-290
12 23 0 0.0894516665566822 0.888246117919433 0.0222886928018867 1.35211080641863e-05 1.61384775139928e-09 8.07272085332966e-14 2.35485528981499e-18 4.75991467552769e-23 7.37696966682089e-28 9.34925360649244e-33 1.01204125380349e-37 9.64961948202083e-43 8.28924611462008e-48 6.52549472196857e-53 4.77012530833217e-58 3.27177044413466e-63 2.12325435257984e-68 1.31264274159952e-73 7.77428961559874e-79 4.41260219913483e-84
13 10 0 0.999899228846975 0.000100771153025592 2.59558685462012e-20 3.54284334971132e-38 7.81512855240363e-57 6.7627980732865e-76 3.30635488232897e-95 1.09989180965796e-114 2.77271737495655e-134 5.66963139534156e-154 9.8434629971214e-174 1.49854234796061e-193 2.04805489059059e-213 2.55779977993029e-233 2.95930290209641e-253 3.20624272365999e-273 3.28130518335954e-293 3.19449106437713e-313 0 0
13 14 0 0.396507482157213 0.603492498987567 1.88552175399958e-08 4.07399040656666e-19 1.19831824618264e-30 1.37533182305885e-42 9.10980942998206e-55 4.20630720189495e-67 1.50479763309746e-79 4.45173612975997e-92 1.13691720333566e-104 2.58256966836555e-117 5.33190096149258e-130 1.01677334020974e-142 1.81320482680348e-155 3.05320061433224e-168 4.89220748115571e-181 7.50612017830731e-194 1.10846756589541e-206 1.58263350948418e-219
13 22 0 0.999999999999952 1.02286277200915e-18 2.90745803528965e-63 2.00779913678359e-110 1.7675237345311e-158 5.4286705806372e-207 8.7813358452564e-256 9.22299051810399e-305 0 0 0 0 0 0 0 0 0 0 0 0
14 9 0 0 0.0256782551156514 0.649898769505528 0.308321650026026 0.01586545168273 0.000234231138962265 1.63552828354104e-06 6.98169805125945e-09 2.10725568731097e-11 4.91894763140084e-14 9.42006162600073e-17 1.54169204110471e-19 2.22063338241332e-22 2.87734022605836e-25 3.41032457446574e-28 3.74589211257655e-31 3.8528064508732e-34 3.74202104161343e-37 3.45566180320691e-40 3.08642483832297e-43
14 13 0 0.0126341675271126 0.986106140639109 0.00125969084988835 9.83887623100763e-10 6.50332481183843e-17 1.31551853283319e-24 1.32769120019075e-32 8.47932093868744e-41 3.91627227365132e-49 1.4205465283166e-57 4.27358853323924e-66 1.1075403454441e-74 2.54143629549964e-83 5.27058788391705e-92 1.00352641897552e-100 1.77598917381757e-109 2.95029401105427e-118 4.63732746314855e-127 6.94217557211706e-136 9.96009295068004e-145
14 18 0 0.670796432185549 0.32917843374117 2.51340575224225e-05 1.57651364287649e-11 1.16921002861999e-18 2.62830898295379e-26 2.75773825773289e-34 1.70561294709142e-42 7.1552341586165e-51 2.22998780712423e-59 5.49533571995138e-68 1.11959937245321e-76 1.94909799217201e-85 2.97306143103658e-94 4.0518589222854e-103 5.01089627626354e-112 5.69400512168923e-121 6.00630004769663e-130 5.93154461117287e-139 5.52793853082229e-148
14 21 0 0.999999999999847 7.95823434844325e-131 1.15083342915804e-282 0 0 0 0 0 0 0 0 0 0 0 0 0 0 0 0 0
15 7 0 0.0176140533579878 0.982385590848969 3.55793045446235e-07 1.14803613126866e-19 5.79833986367186e-34 4.11732386367949e-49 9.30205283135999e-65 9.91391694465786e-81 6.2125322443726e-97 2.62168123223542e-113 8.14827437049615e-130 1.98489882497958e-146 3.96393560968319e-163 6.71130477299398e-180 9.88436196145868e-197 1.29210830675143e-213 1.5234788025242e-230 1.64141320433951e-247 1.63339971342467e-264 1.51441596301254e-281
15 9 0 0.0344289916721345 0.824113048204672 0.139858503078743 0.00159445045161747 4.99887464744925e-06 7.71055415302217e-09 7.6238860707807e-12 5.56092902033447e-15 3.25170909797034e-18 1.60760793789152e-21 6.96665761411524e-25 2.71492127863406e-28 9.69488296341488e-32 3.21776087195707e-35 1.00362538767294e-38 2.96738466523495e-42 8.37523726773009e-46 2.26944187352474e-49 5.9318132138385e-53 1.50643561015147e-56
15 16 0.999999974103736 2.58953710753555e-08 6.07576381874215e-62 7.50611284953994e-121 4.51362999256116e-181 6.63838367434395e-242 4.30835426598678e-303 0 0 0 0 0 0 0 0 0 0 0 0 0 0
15 17 0 0.999104397685914 0.000895602313496554 5.90976730737072e-13 7.30255436133878e-24 1.68817037895912e-35 1.54423388373239e-47 7.83631209379859e-60 2.64486628496443e-72 6.6192745166023e-85 1.31787503724632e-97 2.19023708424057e-110 3.14476311075149e-123 4.0012831550115e-136 4.59952620282715e-149 4.84902737483145e-162 4.74460613966696e-175 4.35035726828733e-188 3.7674340580484e-201 3.10165795427787e-214 2.44123129642803e-227
16 9 0 0 0.994134978411063 0.00586502159126052 1.54949107038517e-27 2.19069718033698e-56 2.5704024110065e-86 9.42757235257729e-117 1.75812519256948e-147 2.10535395491922e-178 1.84403357361642e-209 1.27985511182227e-240 7.42038901139931e-272 3.7280292402661e-303 0 0 0 0 0 0 0
16 15 0.142714961583219 0.857269899425733 1.51389907176325e-05 3.3206113227099e-13 1.02785021269009e-21 1.25455390941656e-30 8.87877427685094e-40 4.39162182838425e-49 1.68568607967367e-58 5.35637340581396e-68 1.47044172359104e-77 3.59251527202633e-87 7.98085682025069e-97 1.63819637885993e-106 3.14548544460277e-116 5.70424585491867e-126 9.8454692954364e-136 1.62745660157558e-145 2.58965956630367e-155 3.98371125469075e-165 5.95132909699324e-175
16 18 0.0989273253562223 0.901071258601645 1.41604213428106e-06 2.40067128980348e-16 2.87962744264048e-27 9.86196385389753e-39 1.62318598681046e-50 1.6512567423628e-62 1.19529092590148e-74 6.71522989933494e-87 3.10082703520251e-99 1.22469613062302e-111 4.25821734010692e-124 1.33174073488602e-136 3.80859657851267e-149 1.00895779940348e-161 2.50160997364643e-174 5.85373839197821e-187 1.30165712542419e-199 2.76624526578622e-212 5.64692065410984e-225
17 6 0.0714338717063788 0.928544022740456 2.21055529705949e-05 1.87126204136083e-13 1.47085007367488e-22 3.73736824050092e-32 4.90268030872422e-42 4.16489969957971e-52 2.60165670235604e-62 1.29244118980095e-72 5.37741118728901e-83 1.94253875161641e-93 6.25328710454755e-104 1.82908639212559e-114 4.93424418974718e-125 1.24204992351471e-135 2.94466980103663e-146 6.62513369566089e-157 1.42334616496294e-167 2.93513757565912e-178 5.83965281212468e-189
17 15 0 0.843352027687164 0.156644730605553 3.24170627176699e-06 1.06992891716431e-12 5.7790515588934e-20 1.13716294632012e-27 1.17502595246462e-35 7.76725687531345e-44 3.69850582014111e-52 1.37001850964542e-60 4.16151865033485e-69 1.07637972938532e-77 2.43765784843454e-86 4.93720046992207e-95 9.09191899283651e-104 1.54235338522602e-112 2.43587085847255e-121 3.61262298784214e-130 5.06760120493823e-139 6.76945652857815e-148
17 19 0 0.999999427696037 5.72304111357368e-07 6.77146296759362e-30 8.80108201406643e-56 1.08898546579619e-82 4.0383695659081e-110 7.18479090584431e-138 7.79191189831117e-166 5.9169121445824e-194 3.43368177159501e-222 1.61495399679423e-250 6.41607283049086e-279 2.21934322458418e-307 0 0 0 0 0 0 0
18 14 0 0.999999999999894 0 0 0 0 0 0 0 0 0 0 0 0 0 0 0 0 0 0 0
18 16 0.999975589492693 2.44105072948969e-05 4.71512638681804e-55 1.29401756284636e-112 3.92597439873693e-172 1.45993016206178e-232 1.60360173048984e-293 0 0 0 0 0 0 0 0 0 0 0 0 0 0
18 19 0 1 0 0 0 0 0 0 0 0 0 0 0 0 0 0 0 0 0 0 0
19 17 0 0.988743526487433 0.0112564735125668 6.38103674431973e-16 1.18977246017603e-32 1.32915606496985e-50 3.49420182751948e-69 3.79831939828691e-88 2.27589422414653e-107 8.87924709030671e-127 2.50584787011177e-146 5.49029368239604e-166 9.8159675759545e-186 1.48519765347381e-205 1.95462569066249e-225 2.28544142404929e-245 2.41409469148165e-265 2.33470779450944e-285 2.08997856226575e-305 0 0
19 18 0 0.999999999995701 4.29863039906068e-12 1.70284506798002e-48 1.47205930603849e-88 7.06320286997782e-130 7.72338432519891e-172 3.4311441970781e-214 8.30922254159235e-257 1.30023728714661e-299 0 0 0 0 0 0 0 0 0 0 0
19 20 0 0 0.855770278979385 0.144229263956813 4.57063614752094e-07 8.44092919110605e-15 1.66598755193314e-23 9.47381158568644e-33 2.43823003949877e-42 3.62266604689903e-52 3.59637988667894e-62 2.6223788124872e-72 1.4985320699584e-82 7.02904971330841e-93 2.80070062680404e-103 9.72950356142545e-114 3.00727287005858e-124 8.40424621456351e-135 2.15131577596675e-145 5.09802086928223e-156 1.12919747211118e-166
19 21 0 0.999987290415108 1.27095848956057e-05 7.61173149794019e-53 8.10399632111544e-107 1.78837416786423e-162 6.4815034204823e-219 8.22371343237073e-276 0 0 0 0 0 0 0 0 0 0 0 0 0
20 19 0 0 0.997559832584531 0.00244016741141797 4.05121903165898e-12 8.83006975536336e-23 3.08627465250666e-34 3.91768956103796e-46 2.61227341631364e-58 1.11551677296423e-70 3.43555166540423e-83 8.24049226561533e-96 1.62248215467569e-108 2.72262948183591e-121 4.00348018957765e-134 5.2685834443266e-147 6.30794838684479e-160 6.96109178523945e-173 7.15524459515548e-186 6.90976927869056e-199 6.31483096320729e-212
20 21 0.289477958056167 0.71052204194367 1.62929937134122e-13 1.19039892529471e-32 1.59344222940415e-53 3.26858495300832e-75 2.24853504512894e-97 7.55929761848661e-120 1.53252282999289e-142 2.13241508137811e-165 2.21785729900654e-188 1.8294586484127e-211 1.24920493960354e-234 7.29025868673735e-258 3.72632162946504e-281 1.70047183198049e-304 0 0 0 0 0
20 23 0 0.999999999994208 5.7924739082784e-12 4.19842483749463e-37 4.45395218989659e-65 3.17985652105988e-94 5.14817576309444e-124 3.2549973949056e-154 1.07481069302632e-184 2.20527557719581e-215 3.14537121520476e-246 3.36710502653447e-277 2.85746670600099e-308 0 0 0 0 0 0 0 0
21 14 0 1 0 0 0 0 0 0 0 0 0 0 0 0 0 0 0 0 0 0 0
21 19 0 0.0209674987144585 0.978990043610936 4.24576744898168e-05 1.15045513109021e-13 1.53282166442408e-23 4.88105956016345e-34 6.72584981994555e-45 5.34528316464061e-56 2.87806947714546e-67 1.15948979798203e-78 3.73208145282836e-90 1.00450526198634e-101 2.33663208456915e-113 4.81458125477585e-125 8.95473438896531e-137 1.52578493176282e-148 2.40992599572416e-160 3.56235795115323e-172 4.96717120488281e-184 6.57909291073436e-196
21 20 0.993798945448001 0.00620105455199934 3.90274259681458e-36 2.10282744550599e-76 1.8875290663387e-118 2.50795998238232e-161 1.0977061799695e-204 2.32243907676259e-248 2.94134601799509e-292 0 0 0 0 0 0 0 0 0 0 0 0
21 22 0 0.999999999995602 4.40156100119982e-12 1.91757532234953e-44 1.82703259440348e-79 2.12629775636837e-115 8.43887426745141e-152 1.73912812878375e-188 2.30477714261639e-225 2.22281961848983e-262 1.68676448644961e-299 0 0 0 0 0 0 0 0 0 0
22 13 0 0.0616264038726537 0.906453233523906 0.0318963999578445 2.39594273953479e-05 3.21802759600047e-09 1.71658089658212e-13 5.16258294804967e-18 1.05133822866416e-22 1.61432750414551e-27 2.00146299521546e-32 2.09846739203357e-37 1.92250137546689e-42 1.5763820321549e-47 1.17802513387007e-52 8.13639061001578e-58 5.25166948383603e-63 3.19602475867626e-68 1.84720966322012e-73 1.02003334530604e-78 5.38507693909364e-84
22 21 0 0.30009481880797 0.699829425645928 7.57555295926475e-05 1.65094960945484e-11 3.27115362364072e-19 1.85504213802036e-27 4.87980041246944e-36 7.63349225101282e-45 8.20586555737357e-54 6.64336521014917e-63 4.3082916465006e-72 2.3376390047e-81 1.09556945635389e-90 4.5427939633353e-100 1.69779634252199e-109 5.80340861880596e-119 1.83576267856899e-128 5.42552514631437e-138 1.51004508356404e-147 3.9878526949502e-157
22 23 0.999820043661074 0.000179956338928817 2.6951855424068e-40 2.4204416788605e-81 1.06807444623893e-123 1.15591590368886e-166 5.52677291585808e-210 1.5479951867863e-253 2.97253389965924e-297 0 0 0 0 0 0 0 0 0 0 0 0
23 12 0 0.999997501153717 2.49884628087203e-06 4.09530149427543e-24 8.71014394348244e-44 4.11360812426727e-64 8.97735455868369e-85 1.22341372106997e-105 1.21370972509796e-126 9.5797751466252e-148 6.36288398842125e-169 3.69299457962127e-190 1.92335333968452e-211 9.16481621636263e-233 4.05435030962293e-254 1.68404165209703e-275 6.62645673014344e-297 2.48831221871485e-318 0 0 0
23 20 0 0.997882475988073 0.00211752385710866 1.61559353837918e-10 8.05516028674293e-19 1.26361102605242e-27 1.04397152736403e-36 5.73518114821674e-46 2.3749174017649e-55 7.99225647632461e-65 2.29489133944197e-74 5.81308787814226e-84 1.33030855134322e-93 2.79931439312172e-103 5.48938853250547e-113 1.01367179572352e-122 1.77731578310405e-132 2.97868205156546e-142 4.79786823184511e-152 7.46110831293008e-162 1.12550928470551e-171
23 22 0.981465475466819 0.0185345245331806 1.07929967463813e-29 4.81881032880676e-63 6.10432442718272e-98 1.46542523382688e-133 1.33734122198188e-169 6.47864772411153e-206 2.00702742728462e-242 4.45841444803199e-279 7.65848563773876e-316 0 0 0 0 0 0 0 0 0 0
