0 1 0 0 0.750145780549426 0.249854105487632 1.13962942064838e-07 1.92558415006521e-22 6.54258531060132e-46 3.95475562074708e-78 4.06947085873589e-119 6.98220098366558e-169 1.97481982640062e-227 9.1438358126266e-295 0 0 0 0 0 0 0 0 0
0 2 0 0.0774608813135734 0.917567114766222 0.00497200389632703 2.38770769895236e-11 1.8891043821692e-26 1.9449092653071e-48 2.43118517112967e-77 3.58319773677748e-113 6.13331694294063e-156 1.20857272342696e-205 2.72637714812928e-262 0 0 0 0 0 0 0 0 0
1 0 0 0 1 0 0 0 0 0 0 0 0 0 0 0 0 0 0 0 0 0 0
1 5 0 0.00136741866707788 0.232783805583796 0.702213012403471 0.0635557517001574 8.00107998665702e-05 8.45630637302082e-10 6.42340826180225e-17 3.31339587582437e-26 1.13084896851351e-37 2.51831301884875e-51 3.62902562661862e-67 3.36617707990755e-85 2.00254894708443e-105 7.62108325751853e-128 1.85191376843217e-152 2.86931160391529e-179 2.83145359758119e-208 1.77802680461454e-239 7.10004043368357e-273 1.80188600019023e-308
2 0 0 0.999999999999656 3.43985127284891e-13 6.99979944795613e-123 0 0 0 0 0 0 0 0 0 0 0 0 0 0 0 0 0
2 3 0 1 2.46425981425785e-37 0 0 0 0 0 0 0 0 0 0 0 0 0 0 0 0 0 0
2 11 0 0.431852998204005 0.568146669436361 3.32359633568305e-07 2.38781574904718e-24 7.3796628357345e-53 8.36210911004631e-93 3.296343734684e-144 4.41473643879908e-207 1.98346547603351e-281 0 0 0 0 0 0 0 0 0 0 0
3 2 0 0.817204092941368 0.182795907058704 1.31868096396924e-21 4.11828526900787e-73 2.04312183664543e-156 1.39869311017143e-271 0 0 0 0 0 0 0 0 0 0 0 0 0 0
3 4 0.87568499125933 0.12431500874067 3.6719805395197e-51 2.83785414882686e-183 0 0 0 0 0 0 0 0 0 0 0 0 0 0 0 0 0
3 10 0 0 0.470832994096613 0.529159100283676 7.90561971150118e-06 1.55576527557391e-18 1.70005332097262e-39 8.87315000147837e-69 2.10226204469113e-106 2.20911675412147e-152 1.01682974786354e-206 2.03479624002112e-269 0 0 0 0 0 0 0 0 0
4 3 1.00000000000002 0 0 0 0 0 0 0 0 0 0 0 0 0 0 0 0 0 0 0 0
4 5 0 0.427824246339928 0.572175686449939 6.72101325541156e-08 3.79027243651488e-27 3.38840020158385e-59 4.08516615466826e-104 6.30082164721877e-162 1.21407969225608e-232 2.88564845724919e-316 0 0 0 0 0 0 0 0 0 0 0
4 8 0 0.997979858726346 0.00202014127369706 2.40628893768519e-142 0 0 0 0 0 0 0 0 0 0 0 0 0 0 0 0 0
5 1 0 0.87568499125933 0.12431500874067 3.6719805395197e-51 2.83785414882686e-183 0 0 0 0 0 0 0 0 0 0 0 0 0 0 0 0
5 4 0 0.957485348377183 0.0425146516228132 4.9032681645923e-32 6.32555206042711e-105 3.8386364309748e-221 0 0 0 0 0 0 0 0 0 0 0 0 0 0 0
5 7 0.0163243259728178 0.983675673282235 7.44947189402623e-10 3.10275429837804e-46 1.60461434579227e-111 8.08509711593553e-206 0 0 0 0 0 0 0 0 0 0 0 0 0 0 0
6 7 0 0.736163649024857 0.263836311259868 3.9715274952922e-08 2.61779382056958e-24 3.91311912585865e-50 1.16903401142295e-85 6.67326904269097e-131 7.12719565122171e-186 1.40785334931643e-250 0 0 0 0 0 0 0 0 0 0 0
6 17 0.469341652842028 0.530658347157972 1.95174418772364e-43 3.64214072356412e-168 0 0 0 0 0 0 0 0 0 0 0 0 0 0 0 0 0
7 5 0.148613865390489 0.851386134556603 5.29417070268723e-11 1.39979340953351e-44 1.9091007153404e-102 1.10224608758711e-184 2.53882330870254e-291 0 0 0 0 0 0 0 0 0 0 0 0 0 0
7 6 0 0.999999999999918 8.21769071198407e-14 1.00752465287491e-77 2.08033654142164e-196 0 0 0 0 0 0 0 0 0 0 0 0 0 0 0 0
7 8 0 0 0 0.670029300499625 0.329970699500365 1.08611576592125e-14 4.03782432226925e-50 5.95690602778942e-108 3.00889179818125e-188 4.95404312518255e-291 0 0 0 0 0 0 0 0 0 0 0
7 15 0 0.000799741843818366 0.43957326267899 0.557440997682768 0.00218599533651817 2.45790592101773e-09 4.37603754552313e-19 1.07597193274438e-32 3.4784906717252e-50 1.44520608131359e-71 7.62125410404741e-97 5.06328374023862e-126 4.2173616105524e-159 4.38944283973724e-196 5.69517225898443e-237 9.19540756278965e-282 0 0 0 0 0
8 4 0 0.630558094340578 0.369441905659422 2.28942925455869e-53 2.09305238410269e-202 0 0 0 0 0 0 0 0 0 0 0 0 0 0 0 0
8 7 0 0 0 0.766470283437513 0.233529716562484 2.57263842850451e-19 8.67244406286943e-66 3.18646351331553e-141 1.10534808211179e-245 0 0 0 0 0 0 0 0 0 0 0 0
8 9 0 0.995338802129746 0.00466119787028815 5.62929420300581e-23 4.10600490441112e-65 1.11236540961596e-129 1.01171400654511e-216 0 0 0 0 0 0 0 0 0 0 0 0 0 0
9 8 0 1 1.75730477786571e-59 1.38373223800786e-287 0 0 0 0 0 0 0 0 0 0 0 0 0 0 0 0 0
9 10 0 0.00234358646696167 0.479202232024592 0.515220032280203 0.00323412939063611 1.98376080429945e-08 7.19100556874907e-17 1.35778830695033e-28 1.27438112122017e-43 5.81574204117394e-62 1.27496300887874e-83 1.33289493733546e-108 6.61348610925228e-137 1.55231550711089e-168 1.71959819516273e-203 8.97465980783626e-242 2.20383841670395e-283 0 0 0 0
9 14 0 0 0.279280859897102 0.718252126857299 0.00246701297649982 2.69099019357179e-10 3.85362888840955e-22 6.11737418834271e-39 1.01749532045697e-60 1.7290411785214e-87 2.96176065572428e-119 5.07340526372818e-156 8.64625453496802e-198 1.46090359968339e-244 2.44120552841e-296 0 0 0 0 0 0
9 15 0 1 0 0 0 0 0 0 0 0 0 0 0 0 0 0 0 0 0 0 0
9 16 0 0 0.000120003322948874 0.144911877157324 0.794484102543808 0.060468064113288 1.59528561076735e-05 6.5235280691917e-12 3.39990283495824e-21 2.11623415061026e-33 1.52883211064326e-48 1.26287683219266e-66 1.18238775012695e-87 1.24777895767982e-111 1.47864311546328e-138 1.9623936977764e-168 2.91114476191413e-201 4.82016262545645e-237 8.89794548734324e-276 1.82961648869462e-317 0
10 3 0 0 0.0920768116212304 0.664806921640033 0.239841956037481 0.00327324994412252 1.06075042156019e-06 6.71229923517442e-12 7.71656435844882e-19 1.56109136575277e-27 5.46643146143883e-38 3.28156164504518e-50 3.35684805797495e-64 5.827731931352e-80 1.71218888858605e-97 8.49554052896662e-117 7.10795717856829e-138 1.0016030628824e-160 2.37485558281102e-185 9.46770232511062e-212 6.34258725548148e-240
10 9 0 0.53320654639289 0.466793453607127 1.04238398111489e-51 4.01902383042112e-199 0 0 0 0 0 0 0 0 0 0 0 0 0 0 0 0
10 11 0 0 0.210597119103697 0.788463303870904 0.000939577024302608 1.09561822038449e-12 3.92971086904816e-28 3.5930750903494e-50 7.88984938477047e-79 4.05295440871685e-114 4.80366015375042e-156 1.3029394772046e-204 8.04562012347106e-260 1.1116477031428e-321 0 0 0 0 0 0 0
10 13 0 0.0897778411688164 0.909878684690174 0.000343474141008929 2.11867928522083e-16 3.38868404355575e-38 1.12231351621749e-69 7.20452985460735e-111 8.71494129817841e-162 1.95771426810883e-222 8.09753977273669e-293 0 0 0 0 0 0 0 0 0 0
11 2 0 0.999999999999932 6.80923928889394e-14 1.26644198178626e-142 0 0 0 0 0 0 0 0 0 0 0 0 0 0 0 0 0
11 10 0 0 0.047330123349349 0.709877243831116 0.241707123165823 0.0010854821331915 2.75205181446567e-08 3.03154918787083e-15 1.33507257405078e-24 2.27006441941433e-36 1.46424424092086e-50 3.54694447761703e-67 3.20649785721532e-86 1.07728015213047e-107 1.34116198391371e-131 6.17405490973147e-158 1.04932415961093e-186 6.57615201989977e-218 1.51825220451961e-251 1.29031609978558e-287 0
11 12 0 0.999999999999998 6.62076224435753e-97 0 0 0 0 0 0 0 0 0 0 0 0 0 0 0 0 0 0
12 11 0 0.997263260413151 0.00273673958683751 1.78656306770432e-21 1.06584860576039e-58 3.80803697186468e-115 7.41540499911193e-191 7.59090509807569e-286 0 0 0 0 0 0 0 0 0 0 0 0 0
12 23 0 0.913059750864761 0.0869402491352393 5.64501797239299e-18 2.93250235653504e-56 5.85541691997267e-117 3.96685020411034e-200 8.7267336441638e-306 0 0 0 0 0 0 0 0 0 0 0 0 0
13 10 0 0.776366730828941 0.223633269171056 8.60219388645946e-16 3.25355377769516e-52 4.82576874640036e-111 2.4426274902969e-192 4.02460658617264e-296 0 0 0 0 0 0 0 0 0 0 0 0 0
13 14 0 0.000135516487921903 0.181513310984814 0.78383290392096 0.0345155277574662 2.74084866242575e-06 1.76151057490539e-13 7.61987390902564e-24 2.08579273343379e-37 3.51529889499572e-54 3.59549020631569e-74 2.21293230767532e-97 8.15151993154367e-124 1.79051449134654e-153 2.33915965636041e-186 1.81409103565235e-222 8.33973560888045e-262 2.27016586914929e-304 0 0 0
13 22 0 0.999886758163938 0.000113241836061942 9.3953046447974e-51 1.84488128423872e-151 4.81158797574346e-307 0 0 0 0 0 0 0 0 0 0 0 0 0 0 0
14 9 0 0 0.999999999999964 2.50383926715082e-31 5.3028650762998e-156 0 0 0 0 0 0 0 0 0 0 0 0 0 0 0 0
14 13 0 0.000941870453057949 0.233648226703969 0.715395261735201 0.0499846836489093 2.99573712222182e-05 8.76402082982695e-11 1.0668190949791e-18 5.10337701855566e-29 9.34735705411658e-42 6.46458075354083e-57 1.67425163351236e-74 1.61520228164424e-94 5.78356598083146e-117 7.66687103361021e-142 3.75560213487376e-169 6.7883462303944e-199 4.52266544127932e-231 1.10967110911059e-265 1.00198378666532e-302 0
14 18 0 0.986743765929557 0.0132562340704409 2.18715654683387e-15 1.1947723851161e-41 1.42340713429709e-81 3.36317550847356e-135 1.51941404190129e-202 1.28926028190961e-283 0 0 0 0 0 0 0 0 0 0 0 0
14 21 0 0.914872393274951 0.0851276066885276 3.65211453377448e-11 1.05510825111895e-31 1.22031907904365e-63 5.06700491741086e-107 7.25436724693447e-162 3.51248042581859e-228 5.69009483275172e-306 0 0 0 0 0 0 0 0 0 0 0
15 7 0 0.0134598607076361 0.98077641324876 0.00576372604341446 1.89092309099883e-13 1.77661621955767e-33 3.53214387981429e-63 1.3720067558951e-102 1.00806199449105e-151 1.37832793923236e-210 3.47448463327147e-279 0 0 0 0 0 0 0 0 0 0
15 9 0 0.999982122034033 1.78779659629778e-05 7.43891629573094e-59 1.91783270670977e-174 0 0 0 0 0 0 0 0 0 0 0 0 0 0 0 0
15 16 0.999999999999999 2.23328536508746e-17 0 0 0 0 0 0 0 0 0 0 0 0 0 0 0 0 0 0 0
15 17 0 0.848565378692909 0.15143462126268 4.44107145369416e-11 3.68795112982941e-33 4.58545163189711e-68 7.56487584775831e-116 1.58576572528741e-176 4.13836525413729e-250 0 0 0 0 0 0 0 0 0 0 0 0
16 9 0 0 0.010172408515827 0.970747901688954 0.0190796897440321 5.11871532843603e-11 9.58071773059751e-28 9.03794001919579e-53 3.95017078146662e-86 7.7335933934698e-128 6.66873652696857e-178 2.50855168496501e-236 4.09176249889628e-303 0 0 0 0 0 0 0 0
16 15 0.0912098287073338 0.908790171292666 2.22477938382018e-18 4.62229551263913e-78 4.969538240065e-181 0 0 0 0 0 0 0 0 0 0 0 0 0 0 0 0
16 18 0.999855511571101 0.000144488428898892 9.59090507916134e-151 0 0 0 0 0 0 0 0 0 0 0 0 0 0 0 0 0 0
17 6 0.999999999999999 2.23328536508746e-17 0 0 0 0 0 0 0 0 0 0 0 0 0 0 0 0 0 0 0
17 15 0 1 2.74125697916998e-18 7.78560816453274e-103 5.5289696986537e-259 0 0 0 0 0 0 0 0 0 0 0 0 0 0 0 0
17 19 0 0.0651605540587425 0.933880183846452 0.000959262094800105 5.91085021630219e-15 2.99580003779321e-35 9.83483912480707e-65 1.952087874614e-103 2.27551927986663e-151 1.53464452392024e-208 5.93601371900741e-275 0 0 0 0 0 0 0 0 0 0
18 14 0 0.914872393274951 0.0851276066885276 3.65211453377448e-11 1.05510825111895e-31 1.22031907904365e-63 5.06700491741086e-107 7.25436724693447e-162 3.51248042581859e-228 5.69009483275172e-306 0 0 0 0 0 0 0 0 0 0 0
18 16 1.00000000000009 2.52865878009509e-155 0 0 0 0 0 0 0 0 0 0 0 0 0 0 0 0 0 0 0
18 19 0 0.17400823757157 0.823533139511298 0.00245862289066733 2.64642890030931e-11 3.09443649343345e-25 3.2291696941682e-45 2.82721125001963e-71 2.02146290416675e-103 1.16377847003857e-141 5.35001886640081e-186 1.9535001353451e-236 5.64524986025631e-293 0 0 0 0 0 0 0 0
19 17 0 1 7.32014868156379e-295 0 0 0 0 0 0 0 0 0 0 0 0 0 0 0 0 0 0
19 18 0 0.0829831587624717 0.89811041072972 0.0189064152491009 1.52587074467733e-08 1.12871382207031e-19 6.05133855164125e-36 2.19165764884437e-57 5.20458564441157e-84 7.98033985533865e-116 7.83071210044458e-153 4.88962127379941e-195 1.93551512763817e-242 4.8440183847777e-295 0 0 0 0 0 0 0
19 20 0 0 0.0772589623448629 0.87088488812538 0.0518547008520694 1.44867768240871e-06 5.42769673620548e-15 2.14733562975984e-27 8.3418825210576e-44 3.0855614228024e-64 1.06966918069629e-88 3.44376982728422e-117 1.02372113916642e-149 2.79905552257415e-186 7.02008515711595e-227 1.61180526100164e-271 3.40164197161698e-320 0 0 0 0
19 21 0 0.00624397735299721 0.576359326294058 0.415503352669754 0.00189333179647627 1.18867144552026e-08 6.77635487458185e-17 3.13731973322792e-28 1.13013202994446e-42 3.10271723058629e-60 6.41835015003619e-81 9.93422125769627e-105 1.14520579741742e-131 9.80165894383409e-162 6.21434320849915e-195 2.91365222277212e-231 1.00894629188172e-270 2.57780575499727e-313 0 0 0
20 19 0 0 0.99999999989438 1.05619460572153e-10 1.11805279146953e-64 3.90471867710501e-167 3.27558112208059e-318 0 0 0 0 0 0 0 0 0 0 0 0 0 0
20 21 0.387546997704935 0.612453002295065 1.51598037387896e-36 6.09675047185604e-143 5.33590897508546e-321 0 0 0 0 0 0 0 0 0 0 0 0 0 0 0 0
20 23 0 0.965879516957907 0.0341204830415436 5.49067863722229e-13 1.12841485803789e-35 1.88906318481006e-70 2.33124235372987e-117 2.04184088498655e-176 1.246083249914e-247 0 0 0 0 0 0 0 0 0 0 0 0
21 14 0 0.531780342666908 0.468103015188004 0.000116642144920569 1.66946110707734e-13 7.17969747263967e-28 8.10660793582316e-48 2.29090418677485e-73 1.58474006870281e-104 2.65117550271926e-141 1.06481873003324e-183 1.02189991680189e-231 2.33572743128458e-285 0 0 0 0 0 0 0 0
21 19 0 0.00393180071946582 0.597829350232804 0.397453370840315 0.000785477545557876 6.61857688218225e-10 1.51350491655359e-19 8.37719476866591e-33 1.07473372221822e-49 3.13030014184557e-70 2.04630507358224e-94 2.98135365442553e-122 9.63664375852518e-154 6.88866705997633e-189 1.08656516366474e-227 3.77533519360654e-270 2.8858641169036e-316 0 0 0 0
21 20 1 3.98834180362719e-18 0 0 0 0 0 0 0 0 0 0 0 0 0 0 0 0 0 0 0
21 22 0 0.0206310525375812 0.928097772342864 0.0512711191284818 5.59910736105166e-08 1.35887017324076e-19 5.37997471899083e-37 3.19587609643403e-60 2.75363393413551e-89 3.383493333835e-124 5.87166282247404e-165 1.4304320116036e-211 4.87230692649348e-264 0 0 0 0 0 0 0 0
22 13 0 0.361347610677365 0.638652364364831 2.49578048524658e-08 1.05676039307966e-29 1.36321070732718e-65 4.52035459319748e-116 3.64903629705026e-181 6.99908385822272e-261 0 0 0 0 0 0 0 0 0 0 0 0
22 21 0 0.193061879219797 0.806937978452569 1.42327634248892e-07 4.31725359658764e-29 4.18588732583908e-66 1.06973712952178e-118 6.7927937854993e-187 1.0444947358353e-270 0 0 0 0 0 0 0 0 0 0 0 0
22 23 0.0587518814620925 0.94124811834671 1.91421188708867e-10 2.28417981055371e-45 9.75510925510474e-107 1.19851461064862e-194 3.97710127841907e-309 0 0 0 0 0 0 0 0 0 0 0 0 0 0
23 12 0 0.999999999411427 5.88572772943017e-10 5.65912969620501e-99 2.08884933714574e-285 0 0 0 0 0 0 0 0 0 0 0 0 0 0 0 0
23 20 0 0.999999999999996 2.15781832024994e-19 1.58514469355595e-105 2.87231586999775e-263 0 0 0 0 0 0 0 0 0 0 0 0 0 0 0 0
23 22 0.233318145177357 0.766681854822367 4.510152216283e-14 2.05841260829571e-55 1.08261687811891e-125 5.45407730092327e-225 0 0 0 0 0 0 0 0 0 0 0 0 0 0 0
