0 1 0 0 0.999999874997814 1.25002184872661e-07 2.11925435673542e-31 5.71178359141274e-73 1.98265304376083e-132 8.32874611975418e-210 4.12230725711334e-305 0 0 0 0 0 0 0 0 0 0 0 0
0 2 0 0.200654563830782 0.480734709685961 0.272174996451584 0.0443822221736678 0.00202821787924284 2.52067560082892e-05 8.31511608215674e-08 7.15777107040428e-11 1.58977225204835e-14 9.04247327570848e-19 1.31049089962201e-23 4.82214292127514e-29 4.49366242878425e-35 1.0585136078202e-41 6.29369902898979e-49 9.43508428376086e-57 3.56314376896947e-65 3.38735579510642e-74 8.10171362752829e-84 4.87699861396792e-94
1 0 0 0 0.281925220099106 0.396208783992338 0.246029080171469 0.0673337086178509 0.00807300409657453 0.000420663602992086 9.44825417900684e-06 9.0793849275654e-08 3.70998638542194e-10 6.41483830184813e-13 4.67594872876161e-16 1.43279256187176e-19 1.84152706588861e-23 9.91113755282156e-28 2.23074545071206e-32 2.09752816110081e-37 8.23259368979516e-43 1.34785906861549e-48 9.28345287269211e-55
1 5 0 0.253315838893207 0.727641581036546 0.0190410397790568 1.54029097154901e-06 2.18275841495079e-13 4.68258412744173e-23 1.44278043971444e-35 6.23163122938729e-51 3.72391027975214e-69 3.05481204976823e-90 3.42262089774656e-114 5.21942081407915e-141 1.08070437873909e-170 3.03267051752727e-203 1.15180864259208e-238 5.91437637797609e-277 4.10242468367821e-318 0 0 0
2 0 0 0.996506605308605 0.00349339469139527 1.3777871869821e-18 2.19416851901243e-49 9.6592338382054e-96 1.07503733714094e-157 2.92115063060615e-235 0 0 0 0 0 0 0 0 0 0 0 0 0
2 3 0 0.273251753376649 0.544019464484897 0.172515640060363 0.0101113696954905 0.000101607155726405 1.65184926204958e-07 4.19463474924855e-11 1.63059966625996e-15 9.58872005940767e-21 8.46655474429061e-27 1.11701177556428e-33 2.19454058488023e-41 6.40484576483246e-50 2.77185458082228e-59 1.77636977318062e-69 1.68396869624805e-80 2.35941742547272e-92 4.88257970654584e-105 1.49150722828656e-118 6.72169049062358e-133
2 11 0 0.311555131117654 0.562676754717987 0.12227455599142 0.003482029096029 1.15249628995982e-05 4.11385821117681e-09 1.52296018353401e-13 5.7271369213977e-19 2.16187136415022e-25 8.13157361354879e-33 3.03301882270519e-41 1.11810862244576e-50 4.06407711317063e-61 1.45391250516836e-72 5.1124158113615e-85 1.76509756001288e-98 5.97865263285753e-113 1.98535200063477e-128 6.4599925147239e-145 2.05833045087197e-162
3 2 0 0.999993498946186 6.50105381413345e-06 1.25319633253536e-38 5.12676996319607e-103 3.07735442730307e-199 0 0 0 0 0 0 0 0 0 0 0 0 0 0 0
3 4 0.348239987342033 0.65087147719938 0.000888535426572705 3.201448089589e-11 1.47128096821683e-23 7.43323107752136e-41 3.92146976183871e-63 2.10998301112367e-90 1.14328268472181e-122 6.19108187477119e-160 3.33411666442638e-202 1.77965593221826e-249 9.39270015010685e-302 0 0 0 0 0 0 0 0
3 10 0 0 0.255016055191194 0.390674095403897 0.264447884199195 0.0789308845744118 0.0103285784959094 0.000587912919699203 1.44367498809456e-05 1.51785544830005e-07 6.78980942980947e-10 1.28582151733661e-12 1.02689533804633e-15 3.44839436809742e-19 4.85822428737869e-23 2.86653646281215e-27 7.074118748566e-32 7.29392511301573e-37 3.13946639609281e-42 5.63712206696327e-48 4.25968149516356e-54
4 3 1.00000000000009 1.33087408276707e-149 0 0 0 0 0 0 0 0 0 0 0 0 0 0 0 0 0 0 0
4 5 0 0.309347281169071 0.547960752665477 0.137119866742646 0.0055390995085098 3.29727658918124e-05 2.71454226158477e-08 2.98178849602192e-12 4.28403744215053e-17 7.95757770176831e-23 1.89722130740652e-29 5.77818436670241e-37 2.24061021949963e-45 1.10359741297795e-54 6.89220577841801e-65 5.45035746755137e-76 5.45200025212207e-88 6.89270283036616e-101 1.10061255812983e-114 2.21846171472059e-129 5.64104848142839e-145
4 8 0 0.0964464721919362 0.507806802877941 0.341415043522831 0.052552852721086 0.00176647676748768 1.23346606064841e-05 1.72533861711044e-08 4.72525743392644e-12 2.49874768096556e-16 2.5291546834513e-21 4.87203255455247e-27 1.77925720502322e-33 1.22846682426549e-40 1.60031666755188e-48 3.92738802127669e-57 1.81361724236062e-66 1.57444876966824e-76 2.5676135036146e-87 7.86115504822397e-99 4.51749934980314e-111
5 1 0 0.0588116076441775 0.282075195860343 0.339523545641182 0.222781243404464 0.0796176363277752 0.015466597167405 0.00162862687650568 9.26607734426955e-05 2.83918566420204e-06 4.67057401261473e-08 4.11360180251254e-10 1.9351435928176e-12 4.85257101617362e-15 6.47555882945552e-18 4.59237318784006e-21 1.72888783831569e-24 3.4519834332797e-28 3.65271408406756e-32 2.04709019707003e-36 6.0470260232772e-41
5 4 0 0.356560028108716 0.577107216491266 0.0658567646209265 0.000475815258479568 1.75517612574168e-07 2.99919174044405e-12 2.27454805559868e-18 7.49418752121925e-26 1.05997720514678e-34 6.38892869335927e-45 1.63318462958352e-56 1.76474725250339e-69 8.04155033538852e-84 1.5425660360313e-99 1.24397979519379e-116 4.21304396915831e-135 5.98732262234321e-155 3.56807213852793e-176 8.91172573232247e-199 9.32469506281466e-223
5 7 0.322263050629854 0.675011342116889 0.00272560541198076 1.84127619510315e-09 1.06232671427359e-19 4.51981679408868e-34 1.34693489725588e-52 2.74575763844388e-75 3.78028765846748e-102 3.48827369103942e-133 2.146699208297e-168 8.78090219980075e-208 2.3815931098947e-251 4.2754690594633e-299 0 0 0 0 0 0 0
6 7 0 0.985924188154043 0.0140758073125114 4.53344547942449e-09 8.22623782144025e-21 6.70934572717063e-38 2.29709294375097e-60 3.20642554643628e-88 1.7974559890554e-121 4.01117999816546e-160 3.54360105692547e-204 1.23466425920399e-253 1.69214261701164e-308 0 0 0 0 0 0 0 0
6 17 0.507952227085606 0.492042507215959 5.26569843514555e-06 1.62422728050163e-18 6.79135134047464e-39 3.34563056615042e-67 1.84985032827048e-103 1.12257599983266e-147 7.38659909589716e-200 5.23173569368474e-260 0 0 0 0 0 0 0 0 0 0 0
7 5 0.905499729476297 0.0945002705237058 7.41589755420492e-22 1.41333943829807e-70 2.87884753972023e-148 5.5057131639248e-255 0 0 0 0 0 0 0 0 0 0 0 0 0 0 0
7 6 0 0.800514782757467 0.198537997901859 0.000947172839440328 4.65012146010335e-08 1.90620397079456e-14 6.07217639704631e-23 1.45672189206698e-33 2.58953246078274e-46 3.37898772343917e-61 3.21730983979874e-78 2.22644603278066e-97 1.11668697384015e-118 4.05104477715245e-142 1.06134245878695e-167 2.00579394035382e-195 2.73185766612742e-225 2.6794749514105e-257 1.89147377205051e-291 0 0
7 8 0 0 0 0.999991986251756 8.01374824415911e-06 2.30872372642676e-38 1.41852327057052e-102 1.27985615692047e-198 0 0 0 0 0 0 0 0 0 0 0 0 0
7 15 0 0.195889361551943 0.743298420213175 0.0607377222477517 7.44951291035514e-05 8.58025744401979e-10 8.01229617485684e-17 5.74411759636772e-26 3.08272105792798e-37 1.2217547273403e-50 3.54687231730197e-66 7.50325073606662e-84 1.15252859886481e-103 1.28219807102936e-125 1.03122275598672e-149 5.98732579203971e-176 2.50681870604673e-204 7.56220383656296e-235 1.64251125819318e-267 2.56718593064101e-302 0
8 4 0 0.998501326562852 0.00149867343714775 6.96516581806352e-57 1.40651179289014e-181 0 0 0 0 0 0 0 0 0 0 0 0 0 0 0 0
8 7 0 0 0 0.0793416361332015 0.169365936724905 0.209307968322291 0.205603376017894 0.160530915327683 0.0996230227636426 0.0491373483378091 0.0192612002827066 0.00599976604665093 0.00148496536413741 0.000291994147135778 4.56086057254535e-05 5.65807533521239e-06 5.57405203273147e-07 4.35996022644644e-08 2.70726603403493e-09 1.33426994680418e-10 5.33448910203278e-12
8 9 0 0.682416530007381 0.310147250709882 0.00742981062058446 6.40849695992683e-06 1.65192593575144e-10 1.18327936744635e-16 2.28005223997595e-24 1.16210222039105e-33 1.55145689659863e-44 5.39212453367969e-57 4.85869654826677e-71 1.13179807470417e-86 6.8014016997303e-104 1.05275428485319e-122 4.19209683347463e-143 4.29042696919986e-165 1.12773332610236e-188 7.60821257650984e-214 1.31677043273962e-240 5.8441118847818e-269
9 8 0 0.708895255821642 0.285770434439592 0.00533126137790214 3.0483166146648e-06 4.42488245195927e-11 1.51758804284665e-17 1.19104492719228e-25 2.10381884432842e-35 8.28327180803263e-47 7.22550489504382e-60 1.39072236872733e-74 5.88952179467346e-91 5.47628203750706e-109 1.11630277396696e-128 4.98252025983609e-150 4.86495774011664e-173 1.03835508513269e-197 4.84155409537894e-224 4.92921642994164e-252 1.09534906194236e-281
9 10 0 0.19481122889567 0.732302560446461 0.0727258632511956 0.000160342218956854 5.1877146852843e-09 2.13949864296134e-15 1.06610015202629e-23 6.25998764272002e-34 4.27333090841875e-46 3.36405283553599e-60 3.03807443733298e-76 3.13640241627335e-94 3.69204440484818e-114 4.94649080161361e-136 7.53202952708399e-160 1.30208121171187e-185 2.55329627312051e-213 5.67545340122066e-243 1.42919202306363e-274 4.07538277447883e-308
9 14 0 0 0.561759285815292 0.399975494060064 0.0378489005560116 0.000415844932612308 4.74583075848088e-07 5.29441059353669e-11 5.59765909929774e-16 5.5157075846068e-22 5.0155647988672e-29 4.18267100583465e-37 3.18557767935493e-46 2.20928153731944e-56 1.39224955974985e-67 7.95963284892324e-80 4.12331380137246e-93 1.93356785154027e-107 8.20159852123829e-123 3.14480016612947e-139 1.08929816921728e-156
9 15 0 0.803623479036561 0.196365158576461 1.13623869611478e-05 1.73709292153612e-14 4.80033188830011e-28 2.17491435380132e-46 1.55520756307237e-69 1.7226854767817e-97 2.92507378280238e-130 7.56425637290835e-168 2.96643994154702e-210 1.75895039689851e-257 1.57357385664126e-309 0 0 0 0 0 0 0
9 16 0 0 0.034828249308485 0.149963299587134 0.206775056862726 0.220746372230437 0.182463274862955 0.11677009091828 0.0578540568387215 0.0221890501625933 0.00658702216178143 0.0015132675397414 0.000268991706588197 3.69888505727174e-05 3.9338482800999e-06 3.23505102303815e-07 2.05665344323769e-08 1.01054742414309e-09 3.83678922689107e-11 1.12537441400426e-12 2.61927886209973e-14
10 3 0 0 0.224499172048655 0.334153264991453 0.276590388684425 0.127271927942489 0.0325102501606849 0.00459968683371009 0.000359467512573085 1.5471400040259e-05 3.65659363358149e-07 4.73300376114509e-09 3.3472005810964e-11 1.29071342179529e-13 2.70919466965989e-16 3.09098979836028e-19 1.91466984615199e-22 6.43295347224831e-26 1.17138938517359e-29 1.15526017313228e-33 6.14572339739941e-38
10 9 0 0.0557171787999406 0.283348979985975 0.351270865848853 0.22351868896639 0.0729101388793456 0.0121567337860023 0.00103202604938108 4.44124153053346e-05 9.64676425819879e-07 1.05345811194924e-08 5.76425231719608e-11 1.57593434043718e-13 2.14787508024283e-16 1.45665123707803e-19 4.90835323461633e-23 8.2079310763598e-27 6.80506678636823e-31 2.79506978112399e-35 5.68376489111813e-40 5.6927370779209e-45
10 11 0 0 0.999998559778397 1.44022160299817e-06 5.63431530705873e-27 7.25558381257737e-63 2.48004736292837e-114 2.11207014665158e-181 4.36133648872113e-264 0 0 0 0 0 0 0 0 0 0 0 0
10 13 0 0.212890227372696 0.483273570984933 0.260855104819105 0.0411154842370969 0.00184272209800127 2.28141973231427e-05 7.6223227620081e-08 6.76021707057102e-11 1.57417503698156e-14 9.5540863210775e-19 1.50387807843909e-23 6.11807838683716e-29 6.41665067271672e-35 1.73175057699349e-41 1.20096831448646e-48 2.13781110302459e-56 9.75933410080332e-65 1.14177178008974e-73 3.42135140453045e-83 2.626993626226e-93
11 2 0 0.652648513125373 0.346789919285502 0.000561566989804798 5.99320021456732e-10 2.86835717325504e-19 5.55157209464539e-32 4.1734435955555e-48 1.19493595830993e-67 1.28884094766658e-90 5.20151130330468e-117 7.8200374694021e-147 4.36619751960535e-180 9.03341314481298e-217 6.91414968261073e-257 1.955317113497e-300 0 0 0 0 0
11 10 0 0 0.556314299229111 0.411160605798879 0.0323016465376418 0.000223330397092839 1.18032826763228e-07 4.44902460242462e-12 1.15683198608906e-17 2.03889954735762e-24 2.41108057885673e-32 1.90079750810933e-41 9.94747932003468e-52 3.44545811437471e-63 7.88129038733362e-76 1.18866900008158e-89 1.18058837096491e-104 7.714139967112e-121 3.31352994381946e-138 9.35051406816828e-157 1.73246679695499e-176
11 12 0 0.904725425497239 0.0952414940310999 3.30804566240998e-05 1.50373358289433e-11 7.18389460975472e-21 3.36183072485021e-33 1.49499105871748e-48 6.21923012811524e-67 2.398326175591e-88 8.52414732743752e-113 2.78153655343277e-140 8.31051823200167e-171 2.26891695467237e-204 5.65207356064285e-241 1.28320461818779e-280 0 0 0 0 0
12 11 0 1 0 0 0 0 0 0 0 0 0 0 0 0 0 0 0 0 0 0 0
12 23 0 0.245459424805546 0.533031154380953 0.20487556793976 0.0163769364695473 0.000256171479914459 7.44535466149876e-07 3.88778082675728e-10 3.57494938041241e-14 5.71938543686265e-19 1.57996868715164e-24 7.4988505918173e-31 6.09379877085516e-38 8.45771266826586e-46 2.00121018729536e-54 8.0612419221401e-64 5.52217231101743e-74 6.42752396615106e-85 1.27028960716493e-96 4.26031347189018e-109 2.42365980011659e-122
13 10 0 0.99650111969625 0.00349888030374968 2.29050636928178e-19 4.94051397501977e-52 2.36390042255099e-101 2.29016784802001e-167 4.33611861760614e-250 0 0 0 0 0 0 0 0 0 0 0 0 0
13 14 0 0.128156221567032 0.622010245224135 0.238445475991443 0.0113302350127467 5.77934874554124e-05 2.87158656776881e-08 1.3220818809403e-12 5.49758054860172e-18 2.03565550186564e-24 6.65504313083137e-32 1.91039837013278e-40 4.79733928307244e-50 1.05106357222478e-60 2.00523024615514e-72 3.32634871469789e-85 4.79232063126798e-99 5.99113388174882e-114 6.49448403107289e-130 6.10095912475415e-147 4.96359227298358e-165
13 22 0 1.00000000000002 0 0 0 0 0 0 0 0 0 0 0 0 0 0 0 0 0 0 0
14 9 0 0 0.844749631937436 0.155027835960293 0.000222531028530655 1.07374064661608e-09 1.38492123084479e-17 4.43410335703778e-28 3.41393074657836e-41 6.2185457708631e-57 2.65465914772597e-75 2.6401894848888e-96 6.09314790088888e-120 3.25400098737384e-146 4.01311054368699e-175 1.14122197908082e-206 7.47438199022831e-241 1.12640938857238e-277 3.90312848345876e-317 0 0
14 13 0 0.180943872607878 0.708710153694123 0.109585769288701 0.000760031434364238 1.72973797620014e-07 1.13525347580973e-12 2.03908620828368e-19 9.77714265380005e-28 1.23466192475516e-37 4.07303637846941e-49 3.49179147318043e-62 7.75154706788133e-77 4.44463843877414e-93 6.57024049362917e-111 2.50039601918774e-130 2.44705171189319e-151 6.15330058263094e-174 3.97284197906833e-198 6.58227229398545e-224 2.79732084675024e-251
14 18 0 0.98786182682824 0.012138171790124 1.38163645555052e-09 3.17240230578383e-22 1.16234699109831e-40 6.33816938914535e-65 4.99381427410315e-95 5.59923837553607e-131 8.85537494147931e-173 1.96441541921062e-220 6.08936635156224e-274 0 0 0 0 0 0 0 0 0
14 21 0 0.979076603645736 0.0209233717739431 2.45803206560278e-08 4.10946928564876e-19 7.77997383469477e-35 1.55627615448899e-55 3.19365498193426e-81 6.62164582644947e-112 1.37489268493028e-147 2.84288614861932e-188 5.83175152729397e-234 1.18367565846093e-284 0 0 0 0 0 0 0 0
15 7 0 0.121380383011798 0.573987667659139 0.27977952239099 0.0244962944548761 0.00035533491737934 7.97300517880504e-07 2.65286990099326e-10 1.27806184586352e-14 8.79293147811267e-20 8.56626354597722e-26 1.17528785557636e-32 2.26239448028846e-40 6.09410218784261e-49 2.29255794805245e-58 1.20270506111074e-68 8.78881514288966e-80 8.93804661013176e-92 1.26410142955671e-104 2.48480549214281e-118 6.78422685594755e-133
15 9 0 0.449817151297602 0.525149383895189 0.024998614859102 3.48488625001749e-05 1.0856065175497e-09 6.84533153699006e-16 8.38462488509765e-24 1.95477997817493e-33 8.57574057730039e-45 7.02996619149621e-58 1.07186060505761e-72 3.02999352367464e-89 1.58440824363346e-107 1.52993979342306e-127 2.72457513865341e-149 8.93922731363867e-173 5.39917972721381e-198 5.9992824755919e-225 1.22569601402727e-253 4.60248653081535e-284
15 16 0.955323299214909 0.0446767007850908 1.96256555315706e-29 2.60518571649473e-95 4.58254596018331e-200 0 0 0 0 0 0 0 0 0 0 0 0 0 0 0 0
15 17 0 0.998947391653213 0.0010526083467703 1.61073100379559e-14 5.74446236027477e-34 3.79066822181082e-62 4.32617327058653e-99 8.2978123207736e-145 2.63550161995551e-199 1.37420207833409e-262 0 0 0 0 0 0 0 0 0 0 0
16 9 0 0 0.0402440179235924 0.171934974391044 0.229029708929198 0.229392806594637 0.172754071442973 0.0978164945046203 0.0416372097385152 0.0133218580581734 0.00320309458203585 0.000578612735601831 7.85050958156623e-05 7.99775669826258e-06 6.11592027373518e-07 3.50944709872524e-08 1.51063239806568e-09 4.87623238658581e-11 1.18000006090872e-12 2.14004985688526e-14 2.99136364429529e-16
16 15 0.742504723778199 0.257495276219507 2.29380011339178e-12 1.09596453556434e-39 1.23732715193563e-83 2.88454603223935e-144 1.32552802101643e-221 1.17511389381063e-315 0 0 0 0 0 0 0 0 0 0 0 0 0
16 18 1.00000000000005 1.5953590956039e-37 0 0 0 0 0 0 0 0 0 0 0 0 0 0 0 0 0 0 0
17 6 0.205386416003539 0.74878114476532 0.0458062612465764 2.61779013356116e-05 8.32295633929270e-11 1.26719554808378e-18 8.74793614459812e-29 2.67008417776217e-41 3.55483713065758e-56 2.04775857961138e-73 5.0774226316486e-93 5.39978455435684e-115 2.45689036477827e-139 4.77383684441257e-166 3.95560915633585e-195 1.39621276539983e-226 2.09753601250903e-260 1.340253659199e-296 0 0 0
17 15 0 0.567218767305962 0.401399806964602 0.0311597646499739 0.000221535024217296 1.26049878093071e-07 5.36657707721862e-12 1.65485055087936e-17 3.63269940595026e-24 5.62003584151565e-32 6.08887241797922e-41 4.60029488343956e-51 2.4165745539025e-62 8.80739090227016e-75 2.22345591364113e-88 3.8833631225598e-103 4.68776255808219e-119 3.90810322000022e-136 2.24873056947369e-154 8.92599009256804e-174 2.44297291504907e-194
17 19 0 0.741823944544376 0.258070767906083 0.000105287540302127 9.23927263977222e-12 1.21105621993536e-22 2.15075215435088e-37 4.98010761731949e-56 1.47546172370069e-78 5.53421217266847e-105 2.61084861323628e-135 1.54251989389302e-169 1.13789282375408e-207 1.04581083421618e-249 1.19559714774119e-295 0 0 0 0 0 0
18 14 0 0.843675154216639 0.1560702870377 0.000254557112578314 1.63308256334052e-09 3.2928662833634e-17 1.93950729568862e-27 3.2335371034913e-40 1.50137682521799e-55 1.92329211723515e-73 6.75731449682929e-94 6.48567725064448e-117 1.69582477161282e-142 1.20551091626277e-170 2.32629747568368e-201 1.21717991128193e-234 1.72520228262533e-270 6.61913364886966e-309 0 0 0
18 16 0.384293867402043 0.615462091979392 0.000244040618196166 3.69867367578993e-13 1.00518112211382e-27 4.22525171402736e-48 2.61075991262481e-74 2.31669241398679e-106 2.91540217671193e-144 5.16394367589727e-188 1.28114581433507e-237 4.43711470855459e-293 0 0 0 0 0 0 0 0 0
18 19 0 0.207510435819021 0.474985467690724 0.268734041862963 0.0463529624894368 0.00238144010775909 3.55016003562636e-05 1.50251974108753e-07 1.77707476034547e-10 5.8108662425331e-14 5.21535850251052e-18 1.27845918977212e-22 8.52983111463911e-28 1.5450937008184e-33 7.58438776335702e-40 1.00744517680519e-46 3.61724865467019e-54 3.50761344347695e-62 9.17943169056102e-71 6.47949044059669e-80 1.23424433583013e-89
19 17 0 0.202772572205518 0.442664853170284 0.282082363071493 0.0665543082331081 0.00574517985635371 0.000178740091581869 1.97569251822411e-06 7.66877694768468e-09 1.03616298089221e-11 4.84238556351376e-15 7.7916935586517e-19 4.30234830563372e-23 8.13243370194495e-28 5.25268266563079e-33 1.15765252728487e-38 8.69633463503879e-45 2.2247318773787e-51 1.9368592444935e-58 5.73519842744775e-66 5.77609299037659e-74
19 18 0 0.291160233990112 0.552590943798786 0.14963754116323 0.0065686002425795 4.26424327144821e-05 3.83679668121671e-08 4.61154991140422e-12 7.25456809890258e-17 1.47605567241406e-22 3.85581389247885e-29 1.28689167501956e-36 5.46919438044819e-45 2.95266122896567e-54 2.0213279695214e-64 1.75227409811903e-75 1.9215400837336e-87 2.66326323358388e-100 4.6623158493261e-114 1.03031854753288e-128 2.87236861767773e-144
19 20 0 0 0.579709989861101 0.388585883762167 0.0314414094013013 0.000262516530797022 2.00431491439688e-07 1.31426623212574e-11 7.17399748312289e-17 3.20573869476971e-23 1.16122522192535e-30 3.38866594052881e-39 7.93337701127217e-49 1.48572198217696e-59 2.22098537297774e-71 2.64601334980789e-84 2.5092622131599e-98 1.89230671685707e-113 1.13395553560524e-129 5.39622223589273e-147 2.03795405567848e-165
19 21 0 0.634451924792913 0.365548072956912 2.25017500484356e-09 4.88515297343665e-30 1.62988112723928e-63 7.27095165099742e-110 4.13484998994467e-169 2.93231515876838e-241 0 0 0 0 0 0 0 0 0 0 0 0
20 19 0 0 0.809839690101388 0.189581191001433 0.000579107921499896 1.0975677917038e-08 1.03012565070035e-15 4.44383286558088e-25 8.533017564065e-37 7.17406038637973e-51 2.61578926996634e-67 4.11160410829238e-86 2.77491009988463e-107 8.01852542912969e-131 9.90055003772263e-157 5.21526760344112e-185 1.17066724277881e-215 1.11873444335419e-248 4.54815205808471e-284 8.89318162514244e-322 0
20 21 0.328193270275836 0.669599230338534 0.00220749851151999 8.74110480884449e-10 2.1022341169529e-20 2.65095546675441e-35 1.66491590525945e-54 5.08619539265708e-78 7.46226590058128e-106 5.2180291345112e-138 1.73043548402563e-174 2.7123881440355e-215 2.00470422081089e-260 6.9739534378107e-310 0 0 0 0 0 0 0
20 23 0 0.569150966295678 0.400760811395372 0.0298926928265303 0.00019543202249937 9.74564583238385e-08 3.46248618339165e-12 8.48174195183548e-18 1.40791725762932e-24 1.56777414028452e-32 1.16372028880965e-41 5.73367230135102e-52 1.86960413527495e-63 4.02591879117728e-76 5.7158399616219e-90 5.34390278761647e-105 3.28685210294937e-121 1.32895247089659e-138 3.52999807665373e-157 6.15675326399756e-177 7.04762217076526e-198
21 14 0 0.856463912309904 0.143353782553366 0.000182304364454067 7.72275576196945e-10 8.72262652603297e-18 2.44310970938788e-28 1.64474162120736e-41 2.61891818282294e-57 9.77150700633838e-76 8.49300927727657e-97 1.71281447263581e-120 7.99292474145876e-147 8.61334445903124e-176 2.14018190506515e-207 1.22471705338512e-241 1.61260778670029e-278 4.88213438266257e-318 0 0 0
21 19 0 0.404366065606498 0.595438356615512 0.000195577777751424 2.38393829417611e-13 5.18765625041939e-28 1.74380236008869e-48 8.61183552895117e-75 6.10607976436949e-107 6.13888417067559e-145 8.68613099712481e-189 1.72134786333903e-238 4.76185118043296e-294 0 0 0 0 0 0 0 0
21 20 0.539237291089288 0.460761921105796 7.87804915878493e-07 2.13284605431909e-21 4.16224113160242e-45 5.08619537192175e-78 3.70780522680072e-120 1.57692153725328e-171 3.86560682670962e-232 5.42215869868385e-302 0 0 0 0 0 0 0 0 0 0 0
21 22 0 1 2.63278987918959e-115 0 0 0 0 0 0 0 0 0 0 0 0 0 0 0 0 0 0
22 13 0 0.401013739628788 0.552458581254668 0.0463247148095051 0.00020292724565419 3.70611273828068e-08 2.56547324023648e-13 6.45885761317639e-20 5.79337771784256e-28 1.83003076546738e-37 2.02133673861707e-48 7.77033043275675e-61 1.03623112749822e-74 4.78278406169982e-90 7.62715543965458e-107 4.19692141672434e-125 7.96049633014932e-145 5.20039947711674e-166 1.16932383784813e-188 9.04483058776767e-213 2.40578130019984e-238
22 21 0 0.400364354301248 0.557686063605858 0.0418138422460111 0.000135724969408278 1.48774246697146e-08 4.98534078178979e-14 4.89592722362132e-21 1.37998019965388e-29 1.10337028894041e-39 2.48462159995253e-51 1.56835516251308e-64 2.76606687630686e-79 1.35988298570841e-95 1.86041168972422e-113 7.07313933601947e-133 7.46559538870882e-154 2.18580338533898e-176 1.77404984045183e-200 3.98927664299834e-226 2.4843714699129e-253
22 23 0.39579858263925 0.603924876732878 0.00027654062707677 7.9504327052082e-13 6.96415720019586e-27 1.60824550210309e-46 9.31172864654551e-72 1.32093021144803e-102 4.53401740799029e-139 3.73752813827314e-181 7.3633557549498e-229 3.4555293408116e-282 0 0 0 0 0 0 0 0 0
23 12 0 0.97138628614919 0.0286137138454342 5.37533904311439e-12 9.39986618387107e-32 1.03758968999208e-61 6.59005773758871e-102 2.32306986039444e-152 4.46525491356883e-213 4.63328303076788e-284 0 0 0 0 0 0 0 0 0 0 0
23 20 0 0.855919248232352 0.143937452556543 0.000143298870449499 3.4065600640355e-10 1.53043643946335e-18 1.20602642320263e-29 1.61478848016029e-43 3.61410958682584e-60 1.33940950616507e-79 8.17095546568442e-102 8.17248795303397e-127 1.33643359277351e-154 3.56591344520404e-185 1.55011180509869e-218 1.09651603280227e-254 1.26103342018751e-293 0 0 0 0
23 22 0.260860186422333 0.722705324357392 0.0164335321086981 9.57111495588322e-07 8.04229193929268e-14 8.42957720189509e-24 1.04595512494983e-36 1.4997000692001e-52 2.45252723178791e-71 4.53885810712215e-93 9.45827069105178e-118 2.21163925596486e-145 5.78881006721542e-176 1.69297895496297e-209 5.52466112861839e-246 2.00950635540789e-285 0 0 0 0 0
