0 1 0 0 0.647526601966802 0.351105306876777 0.00136808082619 1.03302307451795e-08 1.05390296223843e-16 1.31239136448882e-27 1.91637061611304e-41 3.21760211662411e-58 6.14398515044703e-78 1.32525168029945e-100 3.21474175180877e-126 8.74291451105171e-155 2.65989853050534e-186 9.03764462453243e-221 3.42514185835308e-258 1.44646062630939e-298 0 0 0
0 2 0 0.227173487004295 0.664081961516725 0.107997363983273 0.000747029547319135 1.57947496275069e-07 8.92064429034409e-13 1.27516963186528e-19 4.49765769491634e-28 3.86074757550957e-38 7.99916253309436e-50 3.97926013678179e-63 4.73563157841019e-78 1.34480184518125e-94 9.09547042591756e-113 1.46305125392491e-132 5.59090435617573e-154 5.07123840047457e-177 1.091066187682e-201 5.56474232625657e-228 6.72518231130091e-256
1 0 0 0 1 0 0 0 0 0 0 0 0 0 0 0 0 0 0 0 0 0 0
1 5 0 0.026212371697286 0.299076046235249 0.48720151576582 0.174130382032504 0.0131798784160137 0.000199233033975586 5.72516261169774e-07 3.02862058611025e-10 2.89304001062628e-14 4.93223498296264e-19 1.48973979625524e-24 7.93291582851302e-31 7.42236155929e-38 1.21725697933369e-45 3.4927715105366e-54 1.75109426909641e-63 1.53227308605233e-73 2.33820147466922e-84 6.21798883572871e-96 2.88071692723135e-108
2 0 0 0.999913486401748 8.65135982525289e-05 3.07401633252513e-35 2.48632422032512e-97 2.98327565665832e-191 4.83889128701031e-317 0 0 0 0 0 0 0 0 0 0 0 0 0 0
2 3 0 0.999999999895833 1.04166723255614e-10 1.42454443869952e-82 5.60764341674835e-226 0 0 0 0 0 0 0 0 0 0 0 0 0 0 0 0
2 11 0 0.448264758877056 0.547423992754669 0.00431120640658297 4.19616919388636e-08 3.04674241977642e-16 1.45246305879557e-27 4.33649025433286e-42 7.92987231129024e-60 8.77399414465797e-81 5.83082755569173e-105 2.31623720471778e-132 5.48185122086355e-163 7.71152765397555e-197 6.43673886033557e-234 3.18367021174848e-274 9.32116599085242e-318 0 0 0 0
3 2 0 0.651473922453316 0.348514416701085 1.16608455993044e-05 3.75646083035144e-16 6.4902593570207e-33 5.31162113958443e-56 1.96866306382101e-85 3.23532025125661e-121 2.33037744663013e-163 7.30529232397555e-212 9.92095852390265e-267 0 0 0 0 0 0 0 0 0
3 4 0.7585972581885 0.241402741811551 8.16241367137075e-21 1.29240529941392e-71 3.27007943979471e-154 1.1436076315192e-268 0 0 0 0 0 0 0 0 0 0 0 0 0 0 0
3 10 0 0 0.476981715033426 0.501689000312084 0.0213085657805377 2.07185316127144e-05 3.4233988790869e-10 8.66532132984954e-17 3.22074411093913e-25 1.72168023065204e-35 1.30837487458019e-47 1.40348103788587e-61 2.11519795115243e-77 4.4644567193694e-95 1.31660548413074e-114 5.41585680550697e-136 3.1033818848533e-159 2.47466852203669e-184 2.74385277153758e-211 4.22748833743403e-240 9.04596760500881e-271
4 3 0.999999999834988 1.65012324627649e-10 5.60177594707523e-225 0 0 0 0 0 0 0 0 0 0 0 0 0 0 0 0 0 0
4 5 0 0.450353038236962 0.547747210507256 0.00189974940521489 1.85056717307984e-09 2.84312515848347e-19 6.02499068376899e-33 1.67787170350679e-50 6.00334221243888e-72 2.72594699048914e-97 1.55922291818648e-126 1.11808082255559e-159 1.00179328993497e-196 1.1189156248983e-237 1.55514984163117e-282 0 0 0 0 0 0
4 8 0 0.883974387318649 0.116025612681127 6.1930086265482e-27 1.17751161608951e-90 3.00723813903475e-193 0 0 0 0 0 0 0 0 0 0 0 0 0 0 0
5 1 0 0.725676020014783 0.27432397998521 2.30693448172882e-16 2.53671495689263e-55 1.33827743597349e-118 2.93377969328132e-206 2.54678488790017e-318 0 0 0 0 0 0 0 0 0 0 0 0 0
5 4 0 0.759905057836119 0.240094470638136 4.71525745514661e-07 4.91059744996674e-20 1.56089726724557e-40 1.34671934353033e-68 3.02142754067955e-104 1.72718735879943e-147 2.48758150688092e-198 8.96494409587679e-257 0 0 0 0 0 0 0 0 0 0
5 7 0.160020103528493 0.836008619018825 0.00397127725702815 1.9565390442669e-10 3.15348470415231e-23 1.36669055217893e-41 1.49699348979664e-65 4.0334667706976e-95 2.63560400072811e-130 4.14186358783211e-171 1.55707892485636e-217 1.39527062931321e-269 0 0 0 0 0 0 0 0 0
6 7 0 0.599786599301433 0.392386495590807 0.00782440390406563 2.5011939366079e-06 9.7582887838701e-12 4.23870069889174e-19 1.97309911708905e-28 9.65705790283399e-40 4.91624022070796e-53 2.58590971534736e-68 1.39916904387365e-85 7.76379340761227e-105 4.40823554985238e-126 2.55698001688924e-149 1.51326310127628e-174 9.12847721210036e-202 5.60839124818914e-231 3.50718430774239e-262 2.2311712229675e-295 0
6 17 0.47568890964005 0.52431108912322 1.23672990409345e-09 2.71300523791354e-33 1.81534119583919e-72 3.16340402298973e-127 1.36316340077552e-197 1.41902485957016e-283 0 0 0 0 0 0 0 0 0 0 0 0 0
7 5 0.262767426815555 0.737072438052422 0.000160135132019663 3.41406772783968e-15 2.41012115855266e-33 4.7280151908558e-59 2.43563278474514e-92 3.21297644131486e-133 1.07094417908159e-181 8.9484221619236e-238 1.86481537099677e-301 0 0 0 0 0 0 0 0 0 0
7 6 0 0.999927871641235 7.2128358764976e-05 3.60868189833013e-22 6.20671269866753e-54 2.82279857781635e-100 3.15943083753826e-161 8.44677756256483e-237 0 0 0 0 0 0 0 0 0 0 0 0 0
7 8 0 0 0 0.580934019238275 0.418998264319086 6.77164425787163e-05 5.94295458924851e-14 1.55301401545794e-28 1.06254532042666e-48 1.81736066179007e-74 7.60420741369607e-106 7.69206026267178e-143 1.86763195073599e-185 1.08335394404536e-233 1.49652791239942e-287 0 0 0 0 0 0
7 15 0 0.047233227200175 0.409815555176935 0.444233369616405 0.0949211816471577 0.00377068609427838 2.59508441672007e-05 2.94155532719288e-08 5.3284094559741e-12 1.5157665324064e-16 6.70083430007718e-22 4.57299041933128e-28 4.79642569930258e-35 7.70786519751336e-43 1.89353637461874e-51 7.09917334011036e-61 4.0567535587203e-71 3.52979768654899e-82 4.67276267386978e-94 9.40522169733567e-107 2.87671838753168e-120
8 4 0 0.546480876925501 0.453519123049002 2.54974666255689e-11 6.25957045333728e-39 2.26404193594875e-84 1.03467595357647e-147 5.67922131612582e-229 0 0 0 0 0 0 0 0 0 0 0 0 0
8 7 0 0 0 0.621593453279101 0.378374331033091 3.22156877995874e-05 8.51416454741788e-15 3.90625633397e-30 2.7451091963518e-51 2.82406350713182e-78 4.16349815913725e-111 8.69438988423235e-150 2.55351002354277e-194 1.04989374795171e-244 6.02393459092691e-301 0 0 0 0 0 0
8 9 0 0.883717522675903 0.116279576665447 2.9006586487647e-06 1.7978100114171e-15 1.9881865700403e-29 3.58868727312647e-48 1.0202254783581e-71 4.48795878105726e-100 3.02432583678955e-133 3.10257715330798e-171 4.82537371002405e-214 1.13448481752184e-261 4.02361217423554e-314 0 0 0 0 0 0 0
9 8 0 1 2.58405727897585e-16 1.34171211840172e-73 3.69219703473836e-174 4.32764450833494e-318 0 0 0 0 0 0 0 0 0 0 0 0 0 0 0
9 10 0 0.0475854812250927 0.428836712804828 0.441319671218358 0.0798912173727045 0.0023565027160379 1.04081536515198e-05 6.50876958577284e-09 5.58386686849046e-13 6.45629623280849e-18 9.95591806342293e-24 2.0339925916924e-30 5.48109415771691e-38 1.94220307303233e-46 9.02943707128785e-56 5.49845314100057e-66 4.38005050176358e-77 4.55976224160892e-89 6.19845982532981e-102 1.09957248666966e-115 2.54370706353661e-130
9 14 0 0 0.371736589267803 0.537995872430224 0.0888374053193747 0.00142822794802506 1.90484119553105e-06 1.9337592745802e-10 1.43401488492387e-15 7.60592099510332e-22 2.85111464042035e-29 7.49818251804041e-38 1.37684799439977e-47 1.75939504004786e-58 1.56082291812823e-70 9.5959927751204e-84 4.08308377742997e-98 1.20114134595878e-113 2.44088083530204e-130 3.42416439619053e-148 3.31785619140925e-167
9 15 0 1 0 0 0 0 0 0 0 0 0 0 0 0 0 0 0 0 0 0 0
9 16 0 0 0.0254607484828754 0.271001333282237 0.469648532720237 0.209624197996377 0.0236157475567271 0.000645317710250501 4.11628885334519e-06 5.96051844306805e-09 1.92418837559074e-12 1.3690575724694e-16 2.13106811893642e-21 7.22152803584176e-27 5.30917287236663e-33 8.44731363791543e-40 2.9034167291114e-47 2.152752666125e-55 3.43955482253206e-64 1.18320647903018e-73 8.76504118404007e-84
10 3 0 0 0.191772824163534 0.466948892975189 0.292748928773259 0.0466874926678203 0.00182502689470679 1.67991958006503e-05 3.53130771706735e-08 1.66115155191679e-11 1.72637718899145e-15 3.93137872719851e-20 1.9510701205114e-25 2.10229190819769e-31 4.90506565201045e-38 2.47328311647485e-45 2.69112407969222e-53 6.31137926265884e-62 3.1875037424548e-71 3.4641452047734e-81 8.10270566001485e-92
10 9 0 0.507664096249038 0.492335903740653 1.03089411993985e-11 4.57054480720084e-41 1.32868957685519e-89 2.16272699208235e-157 1.87200843163293e-244 0 0 0 0 0 0 0 0 0 0 0 0 0
10 11 0 0 0.347506682260846 0.570664000071738 0.081045245690545 0.000783656777467903 4.1518851719494e-07 1.08860314380372e-11 1.35046704107147e-17 7.75212645573911e-25 2.03373213323512e-33 2.42002048916737e-43 1.29973583625482e-54 3.14000779856157e-67 3.40402796782194e-81 1.65296454344885e-96 3.59046015010794e-113 3.48491866260596e-131 1.51017182633866e-150 2.91982809984496e-171 2.51736708928855e-193
10 13 0 0.247838062544733 0.700126621002346 0.0519887249908373 4.65911563701943e-05 3.05712871810584e-10 1.26364110727094e-17 3.11385267493387e-27 4.45964318367396e-39 3.66183544943473e-53 1.70984328893804e-69 4.51645907680784e-88 6.72476958730677e-109 5.6298338850022e-132 2.64511455806082e-157 6.96486364547822e-185 1.02665897769157e-214 8.46468468141386e-247 3.90090411766008e-281 1.00426253501921e-317 0
11 2 0 0.99933813225406 0.000661867745939764 1.20607708681205e-28 1.0384318258179e-79 2.70505378479639e-157 1.93719514543002e-261 0 0 0 0 0 0 0 0 0 0 0 0 0 0
11 10 0 0 0.188784310601873 0.433840506476956 0.306694975959368 0.0663076758122442 0.00429113238636965 8.09628447138913e-05 4.35262606002657e-07 6.55596069380245e-10 2.73474062837132e-13 3.13478631090276e-17 9.82216894224239e-22 8.38118207128395e-27 1.94242852849932e-32 1.22031542566538e-38 2.0750990368324e-45 9.53989388248921e-53 1.18465003808824e-60 3.97063807242669e-69 3.59353058063501e-78
11 12 0 1 3.64807619849048e-20 1.41741427815575e-92 8.52057490998091e-220 0 0 0 0 0 0 0 0 0 0 0 0 0 0 0 0
12 11 0 0.902692790350984 0.0973032354094897 3.97423951432853e-06 1.19871251468582e-14 1.99527372514061e-27 1.68737334423337e-44 7.00879650317067e-66 1.40575326276738e-91 1.34828301770663e-121 6.14637099635705e-156 1.32636664232162e-194 1.3510949362599e-237 6.48324289566842e-285 0 0 0 0 0 0 0
12 23 0 0.780444875195646 0.219554793964256 3.30840098179845e-07 2.5874770705381e-20 6.15565508932603e-41 3.97074482079329e-69 6.65733531859672e-105 2.84325465383747e-148 3.05900279290325e-199 8.23449650608706e-258 0 0 0 0 0 0 0 0 0 0
13 10 0 0.651473922453316 0.348514416701085 1.16608455993044e-05 3.75646083035144e-16 6.4902593570207e-33 5.31162113958443e-56 1.96866306382101e-85 3.23532025125661e-121 2.33037744663013e-163 7.30529232397555e-212 9.92095852390265e-267 0 0 0 0 0 0 0 0 0
13 14 0 0.038886687039947 0.29565426450334 0.426814407713137 0.204680888742314 0.0322929758564557 0.00164419323603976 2.64506437722189e-05 1.32062970614788e-07 2.0192980932264e-10 9.36769148080913e-14 1.3099938907904e-17 5.49732209975673e-22 6.90053260244172e-27 2.58490400259486e-32 2.88452198457585e-38 9.57606099118949e-45 9.44772504152254e-52 2.76778215770183e-59 2.40606640870904e-67 6.20853170829547e-76
13 22 0 0.97077706644375 0.0292229335562436 6.46552918926186e-15 6.4387469326972e-42 1.77798900370687e-83 1.22815417819166e-139 2.04165475749816e-210 8.01685754960426e-296 0 0 0 0 0 0 0 0 0 0 0 0
14 9 0 0 0.99999999999987 1.29946285231687e-13 1.47998136335941e-63 2.56843586623053e-152 5.38328598999785e-280 0 0 0 0 0 0 0 0 0 0 0 0 0 0
14 13 0 0.0322666682718728 0.306099845145953 0.46315018509783 0.180390938734174 0.0176718844342271 0.000418173162988918 2.30228104272756e-06 2.87111373312986e-09 7.9711770946718e-13 4.87325669722689e-17 6.51424031236511e-22 1.89491987432081e-27 1.19553089868925e-33 1.63205407920861e-40 4.8121521532394e-48 3.06045342794102e-56 4.19386382393742e-65 1.23725747607681e-74 7.85287281220449e-85 1.07244812089892e-95
14 18 0 0.912353256355198 0.0876460376189024 7.06025900081933e-07 5.84147920196943e-17 3.59578985114664e-32 1.50968916441453e-52 4.17479938172904e-78 7.47274889744576e-109 8.5727649241953e-145 6.2643974781322e-186 2.9038631568514e-232 8.5146992250055e-284 0 0 0 0 0 0 0 0
14 21 0 0.7809889111104 0.218916798546142 9.42903320118117e-05 1.14459643020061e-11 2.76894513685499e-22 1.21438138753954e-36 9.29920344591784e-55 1.22049351454792e-76 2.71694880148679e-102 1.01923380477876e-131 6.41586491236937e-165 6.75669912355243e-202 1.18789614050051e-242 3.48088964112185e-287 0 0 0 0 0 0
15 7 0 0.088281449397021 0.837743798469583 0.0739600791129937 1.46730179269525e-05 2.47488457636001e-12 2.84855773625835e-22 2.08602077518627e-35 9.4305070061813e-52 2.59121081317776e-71 4.28826675117788e-94 4.24993533303351e-120 2.51265122877285e-149 8.83801865487418e-182 1.84582922333517e-217 2.28557762241081e-256 1.67598531501866e-298 0 0 0 0
15 9 0 0.976529928873188 0.0234700711268092 3.03409713510934e-15 1.73131259255003e-42 2.73132974197735e-84 1.07685120953574e-140 1.0213136008459e-211 2.28748161642729e-297 0 0 0 0 0 0 0 0 0 0 0 0
15 16 0.999998433740664 1.56625934324037e-06 1.25524027543067e-134 0 0 0 0 0 0 0 0 0 0 0 0 0 0 0 0 0 0
15 17 0 0.669021876175233 0.329015892612907 0.00196217928826037 5.19235954322833e-08 4.46470675647892e-15 1.13556004328016e-24 8.22352455123314e-37 1.66390191097681e-51 9.30641380520213e-69 1.42940416741984e-88 6.00278073968343e-111 6.87163419436506e-136 2.13957829401311e-163 1.80904361135711e-193 4.14840212259351e-226 2.57750712396639e-261 4.33579221564905e-299 0 0 0
16 9 0 0 0.079081263153072 0.800136650053169 0.120663871413898 0.000118215055395179 3.24465813504141e-10 2.0005461685543e-18 2.57896504819298e-29 6.73934926942702e-43 3.51342387070523e-59 3.62039937299312e-78 7.33088100678182e-100 2.90554143222532e-124 2.24787959979738e-151 3.38783311245587e-181 9.93158904959079e-214 5.6566406049802e-249 6.25380959064611e-287 0 0
16 15 0.257548742489688 0.742419083513766 3.21739965456296e-05 3.54068678977806e-18 2.9606509908771e-40 1.57278103023822e-71 5.0138774112963e-112 9.35277624252355e-162 1.00730753339908e-220 6.2143207274214e-289 0 0 0 0 0 0 0 0 0 0 0
16 18 0.964099826102803 0.0359001738971969 2.76931399454724e-39 7.42633309560541e-131 2.74062276970488e-277 0 0 0 0 0 0 0 0 0 0 0 0 0 0 0 0
17 6 0.999999999008391 9.91609131330936e-10 5.04237196457367e-221 0 0 0 0 0 0 0 0 0 0 0 0 0 0 0 0 0 0
17 15 0 0.999992110405252 7.889594751005e-06 3.01601986594602e-27 1.9556150552115e-66 1.65666061397345e-123 1.70755644227273e-198 2.07905496193504e-291 0 0 0 0 0 0 0 0 0 0 0 0 0
17 19 0 0.230251025558808 0.691072320965734 0.0784739101893242 0.000202735528840207 7.75728982500018e-09 3.79562627956573e-15 2.2469949929275e-23 1.56860512161292e-33 1.27355224013237e-45 1.19270144976116e-59 1.28161686563052e-75 1.57446411380787e-93 2.20569539864329e-113 3.51706746155477e-135 6.37413498824819e-159 1.31156378609549e-184 3.06131275751097e-212 8.09977149940551e-242 2.42793573309155e-273 8.24131924185223e-307
18 14 0 0.742381925043307 0.25693582837482 0.000682241877626335 4.70424639009476e-09 6.26946642629455e-17 1.47802876459534e-27 5.94408165025408e-41 4.00460631960473e-57 4.47334511166434e-76 8.23232984542924e-98 2.48535627236645e-122 1.22729016856387e-149 9.89167677439802e-180 1.2991609217256e-212 2.77711992772813e-248 9.65269317160327e-287 0 0 0 0
18 16 0.999999999999888 2.3790764540714e-40 0 0 0 0 0 0 0 0 0 0 0 0 0 0 0 0 0 0 0
18 19 0 0.271076198534021 0.684366849711259 0.0445229176268455 3.40339389725642e-05 1.8890135799431e-10 6.58668019796629e-18 1.36758972909855e-27 1.6493594784912e-39 1.14004988111782e-53 4.48021669465412e-70 9.95857571827868e-89 1.24764282122991e-109 8.78802311543022e-133 3.47375906022844e-158 7.6950184935099e-186 9.54225879142371e-216 6.61839369675035e-248 2.56575345023826e-282 5.55601522030774e-319 0
19 17 0 1 7.32014868156379e-295 0 0 0 0 0 0 0 0 0 0 0 0 0 0 0 0 0 0
19 18 0 0.217900285769406 0.630172261672311 0.149258255038968 0.00266634473403101 2.85262277430106e-06 1.62510141569621e-10 4.68065938045793e-16 6.64659634433523e-23 4.58971617676965e-31 1.52854917080962e-40 2.44211764609864e-51 1.8649707025316e-63 6.79010136302198e-77 1.17640277250822e-91 9.68475454969547e-108 3.78435393592847e-125 7.01268738137915e-144 6.15829820789716e-164 2.56136131321267e-185 5.04330803609167e-208
19 20 0 0 0.255638167705077 0.481370614730024 0.2334874009629 0.0286433558532246 0.000854488519246335 5.96276727521255e-06 9.45890443778496e-09 3.34813587028209e-12 2.61348558686021e-16 4.46476751244372e-21 1.66089792938756e-26 1.34069589935539e-32 2.34243778593243e-39 8.8419343972209e-47 7.20034294419637e-55 1.26359551207686e-63 4.77456361091465e-73 3.88173126298196e-83 6.79119713335268e-94
19 21 0 0.0581364427067824 0.470704053635606 0.410228465573716 0.0596056088975957 0.0013213368155783 4.09069749073268e-06 1.67314397866538e-09 8.76940436504328e-14 5.79051468016009e-19 4.76858411374021e-25 4.86642686408518e-32 6.12802912854262e-40 9.49335990741681e-49 1.80535452217591e-58 4.20766595602504e-69 1.20036575610369e-80 4.18749527433303e-93 1.78494237110211e-106 9.29069648189748e-121 5.90093944936364e-136
20 19 0 0 0.999241635556636 0.000758364443363884 1.24202616521826e-17 2.11401511119372e-43 2.82374148061347e-81 2.74492947440152e-131 1.88266676816084e-193 8.96859701140303e-268 0 0 0 0 0 0 0 0 0 0 0
20 21 0.437710180452506 0.562289812574532 6.97296187902222e-09 8.10792756657764e-31 2.8372847908814e-67 2.54398389679606e-118 5.5456748950399e-184 2.87056545283086e-264 0 0 0 0 0 0 0 0 0 0 0 0 0
20 23 0 0.832354730415733 0.167582142380305 6.31271930957386e-05 1.08665666044423e-11 6.33970156180603e-22 1.15015814790574e-35 6.26469997349351e-53 1.00660496736226e-73 4.72369974836407e-98 6.43369205036691e-126 2.53275480701772e-157 2.87359228062021e-192 9.37660563210715e-231 8.78564095761266e-273 2.36091739193469e-318 0 0 0 0 0
21 14 0 0.511677384993425 0.4757023241215 0.0126156993965651 4.59147192728019e-06 1.65833486801557e-11 5.3533767675438e-19 1.4810179496192e-28 3.43985141414478e-40 6.63097637119802e-54 1.0534566136998e-69 1.37294294310829e-87 1.46319063388335e-107 1.27223388772271e-129 9.00972943702023e-154 5.19005212823527e-180 2.42944631378834e-208 9.23355919067133e-239 2.8475734595915e-271 7.12185965906252e-306 0
21 19 0 0.056645367450462 0.482102903188044 0.40841572814259 0.0519442137161819 0.000889930873021943 1.85618566328531e-06 4.4402466292177e-10 1.1803591554209e-14 3.42725321663133e-20 1.07594400613893e-26 3.62876426691679e-34 1.30915641171378e-42 5.03715635219106e-52 2.06250485388401e-62 8.97248877162209e-74 4.14187279106069e-86 2.02684920477137e-99 1.05062537947975e-113 5.76502681488737e-129 3.34633773574334e-145
21 20 0.999999961054568 3.89453624748629e-08 2.76437192424374e-171 0 0 0 0 0 0 0 0 0 0 0 0 0 0 0 0 0 0
21 22 0 0.175826526148913 0.560827440561752 0.246953490907156 0.016249342423262 0.000143045024122019 1.54915102345492e-07 1.96927092355784e-11 2.86560061620918e-16 4.70644043493371e-22 8.6501861635351e-29 1.7693703925544e-36 4.01275441645675e-45 1.00632971423875e-54 2.78523977295864e-65 8.4950904583691e-77 2.85207245174831e-89 1.05304991670803e-102 4.27286564243405e-117 1.90421356565621e-132 9.31410620478437e-149
22 13 0 0.419566404514562 0.571493206773613 0.00893993103439132 4.57677385633008e-07 4.79817095767958e-14 9.07877669033643e-24 2.95699623156277e-36 1.62114890988344e-51 1.47780693429573e-69 2.22337108803726e-90 5.49427336103472e-114 2.22267024462879e-140 1.46851289800819e-169 1.58182162425472e-201 2.77418621915935e-236 7.91337696277709e-274 3.66842050109321e-314 0 0 0
22 21 0 0.350507455043999 0.621423503995403 0.0280536172435951 1.5423648747723e-05 6.82554779270781e-11 2.14053157559515e-18 4.53107910984753e-28 6.32647535646362e-40 5.75337570893418e-54 3.38201097443835e-70 1.27870866745965e-88 3.09914775498138e-109 4.80326920590357e-132 4.7520366083008e-157 2.9969649638593e-184 1.20360709549663e-213 3.0755739327826e-245 4.99704898977993e-279 5.15950493601684e-315 0
22 23 0.198674641506485 0.800626729011762 0.000698629481447925 3.06097706172617e-13 2.07276173079785e-29 1.79767464771151e-52 1.88140675741781e-82 2.31467983172715e-119 3.30175129792412e-163 5.4163063749313e-214 1.0164901652999e-271 0 0 0 0 0 0 0 0 0 0
23 12 0 0.998195613983689 0.00180438601631139 2.32185935096874e-24 1.71327977198819e-67 4.66015894688108e-133 4.2451084032297e-221 0 0 0 0 0 0 0 0 0 0 0 0 0 0
23 20 0 0.999991607070031 8.39292997009637e-06 3.70469411189235e-26 4.50190794295813e-63 1.17321494359073e-116 6.1172869182527e-187 6.1990388213161e-274 0 0 0 0 0 0 0 0 0 0 0 0 0
23 22 0.323445458491036 0.676541151140909 1.33903680550486e-05 5.84689297199063e-19 1.91168524378699e-41 3.95554592255618e-73 4.90394712537407e-114 3.55475884414288e-164 1.48709191830106e-223 3.56251232233579e-292 0 0 0 0 0 0 0 0 0 0 0
