0 1 0 0 0.999996521112706 3.47469742141368e-06 7.97216734029231e-14 8.63249968508955e-22 6.81908702820729e-30 4.52347836278162e-38 2.68512692784874e-46 1.47581553536033e-54 7.66601997201088e-63 3.81361274476276e-71 1.83347099614584e-79 8.57432191812837e-88 3.91920119417267e-96 1.75732432653026e-104 7.75168216902595e-113 3.37138314404158e-121 1.44836426340081e-129 6.15532769623967e-138 4.18979273497655e-09
0 2 0 0.172184418859922 0.634329924198181 0.172806867810021 0.0191489356952837 0.00143791724960961 8.70990585758782e-05 4.60503986452168e-06 2.21683239289245e-07 9.96468834599582e-09 4.25094764543635e-10 1.74026201202468e-11 6.89098927479889e-13 2.65471204159377e-14 9.99406762091319e-16 3.68932881817756e-17 1.33910250586148e-18 4.7895327448268e-20 1.69107575976159e-21 5.90292710785834e-23 2.08375734220735e-24
1 0 0 0 0.312143379711383 0.502869626857244 0.154682524375305 0.0264762172481299 0.00341491063694482 0.000373144665136566 3.65682982362057e-05 3.31848546506291e-06 2.84404218388023e-07 2.33203457322204e-08 1.84609183841206e-09 1.42010455664731e-10 1.06671000992188e-11 7.85321182181258e-13 5.68313260964557e-14 4.05206240445464e-15 2.85186647648358e-16 1.9843486318024e-17 1.39146834117623e-18
1 5 0 0.292425701812157 0.69576618284288 0.0117551280351784 5.28299953928485e-05 1.56856161044132e-07 3.79950305775346e-10 8.15313746496438e-13 1.61429546448617e-15 3.01819477769291e-18 5.40595277167682e-21 9.36520277549157e-24 1.57974948298066e-26 2.60733030443616e-29 4.22592753560127e-32 6.74499505265201e-35 1.06250056086605e-37 1.65473213369447e-40 2.55150799045615e-43 3.89984194351112e-46 6.00763602467839e-49
2 0 0 0.997843152845189 0.00215684514833753 7.6695474036056e-10 9.46123964447654e-17 8.00998508320355e-24 5.58020305947244e-31 3.44959956024052e-38 1.96691335388471e-45 1.05795645599044e-52 5.44504007952988e-60 2.70738211929328e-67 1.30933722337561e-74 6.18953039175953e-82 2.87071318591289e-89 1.31008932872257e-96 5.89629726167931e-104 2.62191436663741e-111 1.15362523763468e-118 5.02865486942744e-126 1.23951837682768e-09
2 3 0 0.291811485719211 0.624691203705742 0.079407079612522 0.00395366317504844 0.000132877026200416 3.60350350540704e-06 8.53824431744298e-08 1.84386608896444e-09 3.7214393773221e-11 7.13376092405247e-13 1.3131646426744e-14 2.33939302189607e-16 4.05665203425806e-18 6.87709890734853e-20 1.14362601744402e-21 1.87053628349394e-23 3.01569294450652e-25 4.80077350582864e-27 7.55737190221965e-29 1.20960413224769e-30
2 11 0 0.34402702869297 0.60950294875569 0.0453130093353738 0.00113852141074111 1.82597359703695e-05 2.29572879881969e-07 2.47779587681859e-09 2.40869192128963e-11 2.16980022649447e-13 1.8445863999144e-15 1.49829765115285e-17 1.17310735035671e-19 8.91105716326862e-22 6.59934938664986e-24 4.78303815503325e-26 3.4028505491857e-28 2.3821472857452e-30 1.64413985410537e-32 1.12063130203789e-34 7.75028128027487e-37
3 2 0 0.999963941979817 3.60580201789874e-05 3.43586604923506e-15 9.31579972722298e-26 1.62671388647452e-36 2.26441749675221e-47 2.7442049259623e-58 3.02857139822184e-69 3.12436889084952e-80 3.06309382262377e-91 2.88572226501767e-102 2.63296343615296e-113 2.34001196189261e-124 2.03445641976923e-135 1.73613396247298e-146 1.45802118614718e-157 1.20755221311617e-168 9.87996611934746e-180 7.99702019690888e-191 6.41571971555514e-202
3 4 0.413964194627683 0.585219487378301 0.000816152138456141 1.65846941533072e-07 1.90870843822507e-11 1.66948677922349e-15 1.2417938965558e-19 8.29892269648815e-24 5.14015177294805e-28 3.0079190562633e-32 1.68433977296742e-36 9.10597289140677e-41 4.7835908567978e-45 2.45361130055453e-49 1.23335534703919e-53 6.0934267024604e-58 2.96573649109994e-62 1.42468236478389e-66 6.76534724220814e-71 3.17986149032642e-75 1.47689805376957e-79
3 10 0 0 0.288016075978252 0.474290057301554 0.184152617211586 0.0437638328090168 0.00820676560435156 0.00133914249689286 0.000199424472142913 2.78387006861539e-05 3.70348785960378e-06 4.74679975343766e-07 5.90622659868958e-08 7.17328320835772e-09 8.53887209936844e-10 9.99351643146905e-11 1.15275460388431e-11 1.31312464945008e-12 1.47949785589429e-13 1.65092735992281e-14 1.88867081938924e-15
4 3 0.999999999999999 1.56751451834477e-127 0 0 0 0 0 0 0 0 0 0 0 0 0 0 0 0 0 0 0
4 5 0 0.370979424945594 0.568060501366573 0.0582286780059821 0.00264327233287102 8.57491324459056e-05 2.31707790359108e-06 5.58165803399536e-08 1.24259071794065e-09 2.61164749336521e-11 5.25389194773474e-13 1.02113073677751e-14 1.93017896071559e-16 3.56576414632293e-18 6.46182240224467e-20 1.15200086702747e-21 2.025040514926e-23 3.51635636778271e-25 6.04059687875611e-27 1.02785557245111e-28 1.78047315240648e-30
4 8 0 0.0398229228733234 0.69828483654171 0.236887165126842 0.0234596003887733 0.00146945303186325 7.2770854782656e-05 3.1246690359981e-06 1.21913985028351e-07 4.44068608886359e-09 1.53596329388471e-10 5.1026229596189e-12 1.64120785051104e-13 5.14074280387181e-15 1.57501848991631e-16 4.73599530092747e-18 1.40138732103087e-19 4.0893288596672e-21 1.17881525791732e-22 3.36170802818631e-24 9.71831720740999e-26
5 1 0 0.00646482272739855 0.391415117719677 0.429803884556155 0.13977144656286 0.0276968706236044 0.00422679485318139 0.000549335409147908 6.40462074081868e-05 6.90462704108528e-06 7.01635925935119e-07 6.80794100551368e-08 6.36509309318724e-09 5.7725664043457e-10 5.10370227084655e-11 4.41605517868676e-12 3.7509453824472e-13 3.13520671435853e-14 2.5838994812182e-15 2.10320959402146e-16 1.72700493792002e-17
5 4 0 0.408885401787888 0.566513143352734 0.0242815490766798 0.000317333309559912 2.55652356364411e-06 1.58689326426606e-08 8.3692414086603e-11 3.94840776364349e-13 1.71776265810565e-15 7.02684565672665e-18 2.73871642665028e-20 1.02657627339695e-22 3.72635077710656e-25 1.31670263272925e-27 4.5473342530312e-30 1.53984795157036e-32 5.12584906216834e-35 1.68085844863024e-37 5.43909409181086e-40 1.77688226869514e-42
5 7 0.394389730081807 0.602958598545886 0.00264908252637141 2.58712179505456e-06 1.60730475357145e-09 8.01537283147724e-13 3.50911388212276e-16 1.40940074576106e-19 5.32413956258462e-23 1.92113703827082e-26 6.68988823273599e-30 2.26433794671622e-33 7.48827767302654e-37 2.42901398281676e-40 7.75144606359684e-44 2.43925978895316e-47 7.58349672576309e-51 2.33279967623766e-54 7.10927478155766e-58 2.14864964945512e-61 6.47373866596753e-65
6 7 0 0.99473594327462 0.00526339031198714 6.66374156538308e-07 3.92343544703061e-11 1.66161773347812e-15 5.85353135597521e-20 1.83299072808339e-24 5.28884928869192e-29 1.43688389764312e-33 3.72773936208101e-38 9.3243994265562e-43 2.26436383656953e-47 5.36589644279469e-52 1.24566056273719e-56 2.84141942529145e-61 6.38402985079578e-66 1.41554175358252e-70 3.10248812664912e-75 6.73024183611107e-80 1.4409951856507e-84
6 17 0.650004253908766 0.349990329275941 5.41683108418188e-06 6.84924563697232e-12 4.32165169475933e-18 1.95835027224028e-24 7.30748389186614e-31 2.39944918288117e-37 7.19632833786892e-44 2.01729673758801e-50 5.36665495291382e-57 1.36935484358332e-63 3.37706383655984e-70 8.09587327592621e-77 1.89495606822456e-83 4.34552736588676e-90 9.79013644181727e-97 2.17173650239849e-103 4.75219881331246e-110 1.02734045816578e-116 2.19278804399625e-123
7 5 0.949121467647852 0.0508785278244796 8.7280726558251e-10 2.36897285459884e-18 3.95023661012784e-27 5.23305404241259e-36 6.0597493124604e-45 6.42341634812089e-54 6.39610138378633e-63 6.07892503638671e-72 5.57280612984127e-81 4.96405072880576e-90 4.31930264987919e-99 3.68573347021545e-108 3.09374028267185e-117 2.56050164085187e-126 2.09348990865509e-135 1.693514292599e-144 1.35714993332769e-153 1.0785601597138e-162 3.65486152453798e-09
7 6 0 0.903638228070628 0.0955656598011363 0.000792732282692928 3.36870345330832e-06 1.06215466026488e-08 2.82761637114391e-11 6.74978445317173e-14 1.49308420041186e-16 3.12226845305423e-19 6.25318129591352e-22 1.2102329705643e-24 2.27807648939087e-27 4.19056619815142e-30 7.56072759827281e-33 1.34175889694152e-35 2.34739465923687e-38 4.05593588502309e-41 6.93168949736161e-44 1.17319280450816e-46 2.00114813306993e-49
7 8 0 0 0 0.999965196876672 3.48039806705616e-05 1.71497820885703e-15 2.12431424502768e-26 1.62316000031991e-37 9.6702900664293e-49 4.94836387256721e-60 2.28499444880214e-71 9.79849456997151e-83 3.97332324926082e-94 1.54227402796758e-105 5.77980643692548e-117 2.10444780309466e-128 7.47984584128977e-140 2.6047440402964e-151 8.9126655982286e-163 3.00348242383706e-174 9.99298501898464e-186
7 15 0 0.18213917583431 0.787944504800093 0.0296549006322951 0.000259996878745343 1.41573288864999e-06 6.08991749634595e-09 2.27556066087105e-11 7.74273877409845e-14 2.46429205627799e-16 7.46025784086235e-19 2.17230546563383e-21 6.13166941017663e-24 1.68728155748175e-26 4.54560257415119e-29 1.20284127119556e-31 3.13438095562051e-34 8.05958149743265e-37 2.04839606273775e-39 5.15290085400803e-42 1.30979266046274e-44
8 4 0 0.999997953924097 2.04607590427064e-06 8.75554325739432e-41 6.12599000151841e-78 8.60603056157522e-116 5.71644398429292e-154 2.45664143512454e-192 7.93873338134288e-231 2.09778558570289e-269 4.77264598076569e-308 0 0 0 0 0 0 0 0 0 0
8 7 0 0 0 0.0134952843947838 0.222223909198051 0.351131793127755 0.240739191785917 0.111894130920092 0.0416792197977906 0.0134635555777293 0.00393823913453812 0.00107082634482008 0.000275304613003916 6.77128431338301e-05 1.60670028059195e-05 3.70086743911815e-06 8.31440870847108e-07 1.82859831832138e-07 3.94852262569027e-08 8.39084342205084e-09 2.05296623531936e-09
8 9 0 0.816929343208539 0.179826236698922 0.00321685864130517 2.73940819167677e-05 1.66679777776403e-07 8.37333075445366e-10 3.7166349414991e-12 1.51286487685847e-14 5.77662110147966e-17 2.09985575999479e-19 7.34125961506914e-22 2.48653934465752e-24 8.20396483715676e-27 2.64762562942658e-29 8.38491703614487e-32 2.61256952144486e-34 8.02540963300344e-37 2.43465545597258e-39 7.30455233893535e-42 2.21563961897371e-44
9 8 0 0.832153247872615 0.164055002877701 0.00374415774951973 4.7133576846048e-05 4.53263669674351e-07 3.73799329113814e-09 2.79104417066885e-11 1.94395788987154e-13 1.28611194452865e-15 8.17887851807026e-18 5.04062386492128e-20 3.0283341600091e-22 1.78134984580759e-24 1.02936252984984e-26 5.85856536158159e-29 3.29091753182159e-31 1.82756332184553e-33 1.00474002886292e-35 5.4746422856684e-38 3.03333905540273e-40
9 10 0 0.198322839368309 0.763479383139906 0.0376438146924371 0.000548554800912474 5.36461504393357e-06 4.30350386876124e-08 3.06622997798979e-10 2.01876681491348e-12 1.25625349670428e-14 7.49383574215146e-17 4.32562454764194e-19 2.4320240299464e-21 1.33825393626491e-23 7.23300288850546e-26 3.85040553176129e-28 2.02322199887411e-30 1.05119443489974e-32 5.40800420017524e-35 2.75809651430936e-37 1.4301799290974e-39
9 14 0 0 0.715747775027204 0.274709281696176 0.00939397227460187 0.000147341384389343 1.61513870140647e-06 1.44195710222391e-08 1.12705944046702e-10 8.02582498659162e-13 5.33481575610063e-15 3.36303247342283e-17 2.03274091276536e-19 1.18738889877408e-21 6.7422636917325e-24 3.73818288775232e-26 2.03082304023401e-28 1.08404023323891e-30 5.6984264927726e-33 2.95528849946207e-35 1.55182643035088e-37
9 15 0 0.896896472257373 0.102986691533392 0.000116779066585224 5.48558427373389e-08 1.8551766754232e-11 5.27827576644883e-15 1.34964889300619e-18 3.20942849525508e-22 7.24117152325215e-26 1.56998313603252e-29 3.29930632086557e-33 6.76137128153704e-37 1.3572813659593e-40 2.67788513671247e-44 5.20635416843179e-48 9.99515723498199e-52 1.8979219417316e-55 3.5693236556311e-59 6.65574408184601e-63 2.26824936611081e-09
9 16 0 0 0.0010418143121692 0.134539423930023 0.341699941000406 0.284988664184109 0.148298346232064 0.0598803514436956 0.0206528725741533 0.00639867806912018 0.00183428906525592 0.000495793027228218 0.000127973774026848 3.18304025824431e-05 7.6794862186012e-06 1.80615930037494e-06 4.1570751663312e-07 9.39179801636305e-08 2.08785072767255e-08 4.57619596107709e-09 1.17218227751207e-09
10 3 0 0 0.220155134024752 0.480320779224027 0.224317260414678 0.060273172180537 0.0123686598811025 0.00216549432961867 0.000341499460621822 5.00132258460663e-05 6.93168073283245e-06 9.20595209990399e-07 1.18179426175172e-07 1.47564619103433e-08 1.8006265260019e-09 2.15488747132435e-10 2.53632941599395e-11 2.94266309117809e-12 3.37146345595912e-13 3.82021624978603e-14 4.43610781052784e-15
10 9 0 0.0151495140893358 0.403205931491821 0.384714243330985 0.146794932801777 0.0392882175852185 0.00873201341200321 0.00173131071515788 0.000317749737924576 5.5155671250714e-05 9.17929252946769e-06 1.47818021205083e-06 2.31822355240179e-07 3.55753600076113e-08 5.36116367636237e-09 7.95575648168072e-10 1.16509177810566e-10 1.68675532251792e-11 2.41754173272811e-12 3.43427240762238e-13 5.13581964604402e-14
10 11 0 0 0.999992541443675 7.45855609786507e-06 2.27657990366645e-13 2.92131579895587e-21 2.60420631441085e-29 1.89738560145716e-37 1.21586760908513e-45 7.12849838014692e-54 3.91532728370771e-62 2.04573351106699e-70 1.0275325913909e-78 4.99876889397191e-87 2.36842175090593e-95 1.09752498113819e-103 4.9906136519176e-112 2.23258601304597e-120 9.84666830618297e-129 4.28887992313851e-137 1.84847890493549e-145
10 13 0 0.195162551121737 0.631323644324542 0.156062868547815 0.016217969989389 0.00116156044153509 6.77632868026609e-05 3.47214764990403e-06 1.62691517156181e-07 7.1407866575743e-09 2.98178528032685e-10 1.19715039980595e-11 4.65623662079853e-13 1.76420262147541e-14 6.53912436905231e-16 2.37886641833497e-17 8.51580723732183e-19 3.00603409021412e-20 1.04813117148793e-21 3.61497033210063e-23 1.26160119219046e-24
11 2 0 0.775866778803204 0.223136959686348 0.000994627748991061 1.63170205026307e-06 1.82816392567413e-09 1.67385810351803e-12 1.35233205572976e-15 1.00334400286173e-18 6.99832127862345e-22 4.65798369801553e-25 2.98845518919613e-28 1.86142015697059e-31 1.1315382033392e-34 6.73973372674026e-38 3.94545951745688e-41 2.2755503550069e-44 1.29555343498696e-47 7.29280114084896e-51 4.06418924943594e-54 2.26306160211566e-57
11 10 0 0 0.677710479384718 0.297055325511054 0.0240027843827206 0.00118334703958842 4.6415466562865e-05 1.59576586785756e-06 5.0353727615402e-08 1.49597508598984e-09 4.25030759983725e-11 1.16671269530734e-12 3.11622351023292e-14 8.14007551543611e-16 2.08742631783383e-17 5.27031002640831e-19 1.3130694085299e-20 3.23407057660982e-22 7.88598415768974e-24 1.90602011138946e-25 4.6840127340446e-27
11 12 0 0.958135717185595 0.0417367618725939 0.000127308563535179 2.08406383175699e-07 2.59428511480679e-10 2.76706726419822e-13 2.67232062102656e-16 2.4081573079588e-19 2.06211326540052e-22 1.69792846107126e-25 1.35533240388712e-28 1.05494823918787e-31 8.04190065524127e-35 6.02370803111689e-38 4.4449405211064e-41 3.23783198695079e-44 2.33210239564673e-47 1.6631629006717e-50 1.17572156100104e-53 3.71218744632529e-09
12 11 0 1.0000000001743 4.35993285258792e-29 2.44682325066843e-62 4.62516124002941e-96 5.58472895398985e-130 5.27175555972256e-164 4.25778190535923e-198 3.08768486663657e-232 2.06929257247045e-266 1.30566380072416e-300 0 0 0 0 0 0 0 0 0 0
12 23 0 0.264013752841914 0.610508429388982 0.114992723696641 0.00984790573862231 0.00060476861887912 3.09464587048557e-05 1.41131964437534e-06 5.94579051335043e-08 2.36398554657927e-09 8.99302190973154e-11 3.30418156246527e-12 1.18037212378477e-13 4.12010597008333e-15 1.4104361535142e-16 4.74911636265599e-18 1.57646139655176e-19 5.16853990156947e-21 1.67618733532064e-22 5.38381979029732e-24 1.75286602785639e-25
13 10 0 0.996571495019576 0.00342849696879666 2.0798743639107e-09 4.04976932165763e-16 5.25958697862497e-23 5.53793927623172e-30 5.12709413576206e-37 4.35109948088889e-44 3.46773871982996e-51 2.6355535058005e-58 1.9300090054636e-65 1.37174307155638e-72 9.51323392167042e-80 6.46356211098939e-87 4.31572248977525e-94 2.83881670857655e-101 1.84322285293686e-108 1.18323557317926e-115 7.51955788952385e-123 5.93175297769477e-09
13 14 0 0.0898873436253582 0.768106294705227 0.134272160592792 0.00744953148239708 0.000276098567270477 8.34257913047996e-06 2.22828195018869e-07 5.48000047854748e-09 1.27028926316129e-10 2.81654484895555e-12 6.03237418859711e-14 1.2566370965183e-15 2.55894916986432e-17 5.11306301476556e-19 1.00537830709044e-20 1.94983882233602e-22 3.73665527720555e-24 7.08644354023167e-26 1.33157874445093e-27 2.54684364946321e-29
13 22 0 1 7.66766192146628e-53 5.14820952004272e-131 3.45660274718922e-209 2.32082678557675e-287 0 0 0 0 0 0 0 0 0 0 0 0 0 0 0
14 9 0 0 0.90905110485647 0.0900190376889144 0.000924454557365139 5.37605084312919e-06 2.42556425112983e-08 9.47557550783487e-11 3.37330128867364e-13 1.12542726138679e-15 3.57906956060091e-18 1.09705415676105e-20 3.26593498452843e-23 9.49489069747946e-26 2.7067193761525e-28 7.58954565111487e-31 2.09826159295184e-33 5.73074860484794e-36 1.54862814154677e-38 4.1459241724686e-41 2.49567033705489e-09
14 13 0 0.175217592721912 0.772731163180724 0.051002219750475 0.00103466811268136 1.41943580004015e-05 1.60219812469265e-07 1.60883941289382e-09 1.49429208128348e-11 1.31267038658323e-13 1.10590555696551e-15 9.0188931507072e-18 7.16611073034764e-20 5.57393555075689e-22 4.25920698401617e-24 3.20604048536252e-26 2.38239659261396e-28 1.75068960478293e-30 1.27397206691346e-32 9.19105054787355e-35 6.75346576574149e-37
14 18 0 0.989239650213154 0.0107539510082413 6.39577124822162e-06 2.09977021373313e-09 5.32814110641047e-13 1.17011238416831e-16 2.34243961054235e-20 4.39671264214766e-24 7.87024289917695e-28 1.35846138354984e-31 2.27824988001825e-35 3.7326028081718e-39 5.99830484172838e-43 9.483846682505e-47 1.47883053859469e-50 2.27853288751532e-54 3.47425395263365e-58 5.24907865057038e-62 7.86633937252533e-66 1.17134924179311e-69
14 21 0 0.991622631294949 0.00837540848659508 1.96000382619877e-06 2.14613366118157e-10 1.69285944701019e-14 1.11137964603766e-18 6.48762503621768e-23 3.49011135306817e-27 1.76805968378525e-31 8.55357169640397e-36 3.98997500305596e-40 1.80699863293586e-44 7.98596505587029e-49 3.4575377911176e-53 1.47092798957578e-57 6.16375276018278e-62 2.54901030748405e-66 1.04198445355185e-70 4.21586775701788e-75 1.68503285229102e-79
15 7 0 0.055233177651409 0.78855368642172 0.149344477104269 0.00668751156299125 0.000177471252222145 3.61236657123273e-06 6.26507604158458e-08 9.76227454745914e-10 1.40890052903911e-11 1.91954564308193e-13 2.50057647290068e-15 3.14257864825047e-17 3.83497454550046e-19 4.56657761747715e-21 5.3260436740338e-23 6.10222918493308e-25 6.88446767017783e-27 7.66277527708481e-29 8.42799613234747e-31 9.4224672143726e-33
15 9 0 0.56320419496739 0.429033522362791 0.00771777408727909 4.43458749966901e-05 1.62268640794329e-07 4.6651164382047e-10 1.15419341197517e-12 2.57740570594337e-15 5.34276092253221e-18 1.04667489287761e-20 1.96152873148183e-23 3.54692859301411e-26 6.22774994710479e-29 1.06685990113567e-31 1.78973811560249e-34 2.94882197481475e-37 4.78306824118031e-40 7.65239772543307e-43 1.20951386556457e-45 1.92142345635317e-48
15 16 0.973583231088847 0.026416765759036 1.51123587161161e-11 1.13755152692089e-21 5.03842093341679e-32 1.73819455227123e-42 5.18227106373139e-53 1.40388135580539e-63 3.55394756917924e-74 8.55404261249663e-85 1.9800192772076e-95 4.44273599546083e-106 9.71866234488024e-117 2.08160320792611e-127 4.3797659158588e-138 9.07574805136347e-149 1.85602552789553e-159 3.75213224122353e-170 7.50860138492439e-181 1.48908987554704e-191 3.13700498910663e-09
15 17 0 0.999430644693181 0.000569353375369393 2.07991358375653e-09 2.9143862575689e-15 2.71787517657869e-21 2.02112284207385e-27 1.30096148106736e-33 7.57619733929438e-40 4.09917622841862e-46 2.09643814537579e-52 1.02549717404832e-58 4.83861137161683e-65 2.2159216017567e-71 9.89691463718417e-78 4.32677347825818e-84 1.85704760584038e-90 7.84342854474318e-97 3.26629744175069e-103 1.34329427278916e-109 5.51162395784621e-116
16 9 0 0 0.00195193553200984 0.182683685270686 0.377594650548539 0.263502200490086 0.116931496035979 0.040731967444989 0.0122114211562548 0.00330599963204985 0.000831369731007223 0.000197711728730957 4.50068320406445e-05 9.89123001017676e-06 2.1118949967276e-06 4.40149325272505e-07 8.98715943898673e-08 1.80298942783912e-08 3.56220298037715e-09 6.94414959478776e-10 1.51942522352561e-10
16 15 0.875788107972894 0.124211886845309 5.27801914079665e-09 1.53390770139399e-17 2.18060597190148e-26 2.21100503522316e-35 1.83980876343264e-44 1.34451938483067e-53 8.96318952167924e-63 5.57995476266979e-72 3.29450110726942e-81 1.86470421124211e-90 1.01969468446586e-99 5.41867963222617e-109 2.81069766899732e-118 1.42806349407375e-127 7.12693834231541e-137 3.50155675683296e-146 1.6967900865947e-155 8.12221612730395e-165 3.84915801847924e-174
16 18 0.999999999172809 1.52662885743203e-10 4.1363283588204e-52 4.22642256890417e-95 1.90848547897309e-138 5.88917631417506e-182 1.45654409009846e-225 3.11665493675629e-269 6.02076609320033e-313 0 0 0 0 0 0 0 0 0 0 0 0
17 6 0.216421160289182 0.754149671913857 0.0291078915998119 0.000318937927252753 2.32430998164737e-06 1.3841167601996e-08 7.30506596044822e-11 3.55785060584471e-13 1.63627507091846e-15 7.20883161982503e-18 3.07160680683047e-20 1.27427466835774e-22 5.17211922190872e-25 2.06141310235894e-27 8.09039890316369e-30 3.13357117547744e-32 1.19988291439136e-34 4.54872108079283e-37 1.70923831985324e-39 6.37243232749479e-42 2.41257495477395e-44
17 15 0 0.695928787003489 0.283230008144516 0.0199682902980993 0.000843911171734405 2.8160186871162e-05 8.20141235767575e-07 2.1863906858641e-08 5.47757587215943e-10 1.31056925470292e-11 3.02640222594277e-13 6.79450078983541e-15 1.49085339000343e-16 3.20964418998195e-18 6.80019020309545e-20 1.42115482589348e-21 2.93511573912675e-23 5.99964934713575e-25 1.21528855894879e-26 2.44191877794096e-28 4.99766442033936e-30
17 19 0 0.879394234788855 0.120528953956017 7.67967168160797e-05 1.47768199859475e-08 1.82057329152259e-12 1.77498469910754e-16 1.49780610516977e-20 1.14583330454278e-24 8.16512432099797e-29 5.51391350916258e-33 3.56995907476137e-37 2.23430909713069e-41 1.35993367111544e-45 8.08654478124031e-50 4.71419769372425e-54 2.70183578667303e-58 1.52575879782201e-62 8.5050923776923e-67 4.68696156410046e-71 2.5505105691713e-75
18 14 0 0.91698760002852 0.0823681636281726 0.000641534443183052 2.69146814651555e-06 8.57322046727728e-09 2.33619973304051e-11 5.75699696256342e-14 1.32245619586999e-16 2.88442005947238e-19 6.04562130302287e-22 1.22777240089976e-24 2.43033341981523e-27 4.70974204196841e-30 8.96540430926903e-33 1.68082145463637e-35 3.10997270398481e-38 5.68860447904882e-41 1.03007342074302e-43 1.84859228169896e-46 1.83533777065037e-09
18 16 0.46475190002424 0.534939452611578 0.000308624764831426 2.2618104803388e-08 9.10408978244421e-13 2.7470046280396e-17 6.99373271195295e-22 1.59173079721984e-26 3.34561932710468e-31 6.62650211669936e-36 1.25340745315249e-40 2.28528619064546e-45 4.04349592012385e-50 6.97799990667743e-55 1.17907841806279e-59 1.95663507355421e-64 3.1965741136603e-69 5.15135401089488e-74 8.20204288519126e-79 1.29202635470819e-83 2.00745407705801e-88
18 19 0 0.214194731906013 0.588929204310923 0.169490492969862 0.0244854990098101 0.00263695358217659 0.000241500670223111 1.99598274743099e-05 1.5368545810903e-06 1.123574657267e-07 7.89569032880838e-09 5.37814952595453e-10 3.57208940655225e-11 2.32365418972197e-12 1.48536274826338e-13 9.35478224792886e-15 5.8165974077867e-16 3.57650595238611e-17 2.17767265540326e-18 1.31449139999358e-19 8.01303275571331e-21
19 17 0 0.152972860726698 0.658820988962288 0.171306931619276 0.0159106513120645 0.000943149579919468 4.36292450616893e-05 1.72524987701346e-06 6.12331273337848e-08 2.00827864707066e-09 6.20168769022214e-11 1.82640690482199e-12 5.17656862791791e-14 1.42154089075057e-15 3.80155588808167e-17 9.93951538517522e-19 2.54877005569645e-20 6.42617980412154e-22 1.59634532686649e-23 3.91375252123592e-25 9.71794666277441e-27
19 18 0 0.328490573690704 0.600923982993232 0.0673872478652302 0.00309735159334406 9.82388996428301e-05 2.54562746255311e-06 5.80912521860515e-08 1.2148394280009e-09 2.38388889728336e-11 4.45662204094391e-13 8.01981073769158e-15 1.39942894467817e-16 2.38075808080456e-18 3.96494815794546e-20 6.48483175564064e-22 1.04421980825942e-23 1.65881156683561e-25 2.60395141440828e-27 4.04477276181242e-29 6.39204865963057e-31
19 20 0 0 0.724820608561687 0.260526033199103 0.014196856174424 0.000445427445558252 1.084151815165e-05 2.28058146915429e-07 4.36379381250763e-09 7.81300413853209e-11 1.33167769451028e-12 2.18533005162279e-14 3.47987530529456e-16 5.40729975358019e-18 8.23347288302591e-20 1.23241955729863e-21 1.8179858669785e-23 2.64814228439902e-25 3.81512521965855e-27 5.44333971616424e-29 7.90909460866524e-31
19 21 0 0.769705405856716 0.230294031948257 5.62299809192582e-07 1.291490832321e-13 1.55749767512168e-20 1.38330883429426e-27 1.02696478026683e-34 6.77607542551467e-42 4.11276330310673e-49 2.34558844337944e-56 1.27477553673171e-63 6.66689221224256e-71 3.37903361081973e-78 1.66853657170527e-85 8.05958634718638e-93 3.82034483416876e-100 1.78158247389468e-107 8.19059670173449e-115 3.71847922638083e-122 1.66831326262637e-129
20 19 0 0 0.890044767799465 0.108620715197054 0.00132558944243735 8.88028342151215e-06 4.5475263233774e-08 1.99910011488491e-10 7.96378602113802e-13 2.96148287632927e-15 1.04670334987357e-17 3.55768873843771e-20 1.17235553898316e-22 3.76724450617261e-25 1.18559616873769e-27 3.66630780653328e-30 1.11690555773692e-32 3.35882250032412e-35 9.98753412535498e-38 2.94048118685078e-40 1.60164981277688e-09
20 21 0.400329339607096 0.597513814382805 0.00215522001319903 1.62513513850172e-06 7.66666685954037e-10 2.88054406522486e-13 9.45839889554507e-17 2.84074893145893e-20 8.00783223336996e-24 2.15284983356952e-27 5.57879923437452e-31 1.40382509791024e-34 3.4487690583162e-38 8.30501924333251e-42 1.9664544240669e-45 4.58929817811276e-49 1.05771533551002e-52 2.41120480429942e-56 5.44382152243179e-60 1.21855709813088e-63 2.71414594853424e-67
20 23 0 0.697293886004469 0.283909823464188 0.0181108588369321 0.000665962330942145 1.89903466321014e-05 4.67816720055038e-07 1.04792399202446e-08 2.19582446717889e-10 4.37920462129483e-12 8.40718039327867e-14 1.5659166931134e-15 2.84578495285967e-17 5.06727708495338e-19 8.86910933980617e-21 1.52970236478736e-22 2.60508717129558e-24 4.38760302194152e-26 7.31808786070375e-28 1.21007188099887e-29 2.03865988677369e-31
21 14 0 0.928488233729602 0.0710854930480003 0.000424926416497414 1.34193753325038e-06 3.19276526246508e-09 6.47138270776534e-12 1.18307232386678e-14 2.01255117055589e-17 3.246447680822e-20 5.02741402281639e-23 7.53766830067128e-26 1.10084829449716e-28 1.57317237412263e-31 2.20738544931324e-34 3.04929011132241e-37 4.15589624308627e-40 5.59789657053937e-43 7.46264957183926e-46 9.85776809223765e-49 1.66911895416177e-09
21 19 0 0.506238552937466 0.493456625106229 0.000304791786801601 3.01337468128589e-08 1.7530603952541e-12 7.90187500624303e-17 3.06424089375895e-21 1.07592200572184e-25 3.52063388497314e-30 1.09294227175523e-34 3.25722116216714e-39 9.39616513539824e-44 2.63937844184724e-48 7.25171283191545e-53 1.95549444936936e-57 5.18940414531081e-62 1.35817627217902e-66 3.51179716413507e-71 8.98379765633186e-76 2.26799485835373e-80
21 20 0.680944048693416 0.319053338247466 2.613081266211e-06 1.67570066285624e-12 5.32143469145671e-19 1.20970915440981e-25 2.26039661549969e-32 3.71239499915743e-39 5.56458340745073e-46 7.79140863678598e-53 1.03485512712045e-59 1.3178550679597e-66 1.62159354394249e-73 1.93916371110883e-80 2.26366082252525e-87 2.58846519831644e-94 2.90745212753758e-101 3.21513709045374e-108 3.50676577540467e-115 3.77835847208466e-122 4.0214286557446e-129
21 22 0 1 2.087959146745e-253 0 0 0 0 0 0 0 0 0 0 0 0 0 0 0 0 0 0
22 13 0 0.499373850094768 0.481052528988515 0.0192684365179285 0.000301911138858547 3.24456096054766e-06 2.84630669391654e-08 2.19945703605009e-10 1.5582999800933e-12 1.0364915353753e-14 6.57108901885982e-17 4.01171233633189e-19 2.37580837524744e-21 1.37218349623122e-23 7.76060483449003e-26 4.31149981294472e-28 2.35880187636744e-30 1.27336917723899e-32 6.79402012856187e-35 3.5875337665837e-37 1.92354758971674e-39
22 21 0 0.483547724198487 0.501406870008055 0.0149032759436788 0.000141279365443313 8.46517941527262e-07 3.96478082077494e-09 1.59245258079103e-11 5.75845052645876e-14 1.92930501721898e-16 6.09986950482194e-19 1.84275371690726e-21 5.36627628654825e-24 1.51619130864613e-26 4.17677100078945e-29 1.12611729110625e-31 2.98049027258454e-34 7.76251099144855e-37 1.99335029723632e-39 5.05521937837398e-42 1.29288902254422e-44
22 23 0.492486288910169 0.507208053722777 0.000305630046755266 2.73188939374818e-08 1.40475735101769e-12 5.53632395066564e-17 1.86523647210356e-21 5.6661575654992e-26 1.59931429203899e-30 4.2731863406253e-35 1.09420139372362e-39 2.70832622302458e-44 6.5202862684699e-49 1.53396830976584e-53 3.5391748418671e-58 8.03046280435163e-63 1.79599086955013e-67 3.96626200768028e-72 8.6620599731348e-77 1.8731113139481e-81 3.99907291847289e-86
23 12 0 0.98725684252726 0.012743028239525 1.23595888603338e-07 4.14272388440059e-13 9.47063789489494e-19 1.77445930538762e-24 2.94224112760644e-30 4.49106323177758e-36 6.45741549050833e-42 8.87427627573388e-48 1.17715853381133e-53 1.51766035650139e-59 1.91141968942601e-65 2.36070668653248e-71 2.86759421665732e-77 3.4339740776676e-83 4.06157093591387e-89 4.75195446750672e-95 5.50655005146268e-101 5.6369123813127e-09
23 20 0 0.911037807826145 0.088036152403054 0.0009204741625952 5.53689332922385e-06 2.60245602073201e-08 1.06339730057881e-10 3.9700104434186e-13 1.39151103633533e-15 4.65534198897864e-18 1.50268044880233e-20 4.71471572821e-23 1.44555038369395e-25 4.34828907445919e-28 1.28712865835097e-30 3.75808548041752e-33 1.08434081325438e-35 3.09654089465898e-38 8.76271457956363e-41 2.45979383695732e-43 2.58357801818931e-09
23 22 0.264303561862863 0.730984376044963 0.00470777917203217 4.28079865690532e-06 2.12584291550489e-09 7.86409072072666e-13 2.44333023407644e-16 6.76317464090491e-20 1.72444558251084e-23 4.13504805845118e-27 9.45405033796051e-31 2.08079589034366e-34 4.43954786644872e-38 9.23014874100526e-42 1.87748840903357e-45 3.74807338716864e-49 7.3619156520625e-53 1.42564048124611e-56 2.72642422348704e-60 5.15640636115024e-64 9.67381263846961e-68
