0 1 0 0 0.998747011063215 0.00125240826402529 5.80437919429515e-07 2.33467563973431e-10 8.83554958650172e-14 3.23162086499361e-17 1.15641641525186e-20 4.07570380062386e-24 1.4204557893823e-27 4.90819816206401e-31 1.68447105569436e-34 5.74922731278295e-38 1.95331796011196e-41 6.61102194260102e-45 2.23018897020638e-48 7.50217095984938e-52 2.51745564583075e-55 8.42937141262434e-59 2.83105389606668e-62
0 2 0 0.302144541568057 0.460969182063824 0.172261836178294 0.0486636366802534 0.0122377453966265 0.00288626548366937 0.000653556213169173 0.000143877893603063 3.102662634549e-05 6.58589851264155e-06 1.38063554413633e-06 2.86521735056614e-07 5.89674884937535e-08 1.20510092305057e-08 2.44816383391054e-09 4.9479030991624e-10 9.9552872440959e-11 1.99514372775062e-11 3.98453673041456e-12 4.75542505373738e-09
1 0 0 0 0.42952685747238 0.338438011651555 0.147458604605256 0.0554352000632872 0.0194404692974256 0.00654592560293393 0.00214600575529061 0.000690361043262482 0.00021897725803947 6.87038704246698e-05 2.13689900344513e-05 6.59937655679194e-06 2.02608433921026e-06 6.18936682519388e-07 1.88270041715649e-07 5.70573654373847e-08 1.72361319321103e-08 5.19196395434266e-09 2.23702900524909e-09
1 5 0 0.397132518394807 0.561218792984793 0.039635866706281 0.00192610162369129 8.31936497513312e-05 3.38813817579807e-06 1.33188728740994e-07 5.11329376425898e-09 1.9300882924446e-10 7.19323089370087e-12 2.65437448277316e-13 9.71735780183709e-15 3.53432097585628e-16 1.27851051145021e-17 4.603670123511e-19 1.65116207211562e-20 5.90185179481468e-22 2.10322136002005e-23 7.47536224617544e-25 2.70730696099427e-26
2 0 0 0.979096702642486 0.0208861668446601 1.71193090228024e-05 1.11969095889115e-08 6.74107569973434e-12 3.88571463549873e-15 2.18043447212334e-18 1.20138573076948e-21 6.53245227363168e-25 3.51653954411109e-28 1.87819312349315e-31 9.96817174715252e-35 5.26294910468967e-38 2.76662150005721e-41 1.44898015846534e-44 7.56471338829317e-48 3.9384093663246e-51 2.04547979822995e-54 1.06007717155886e-57 5.52580227505265e-61
2 3 0 0.416703657466813 0.434474712708047 0.117397688218585 0.0253132552638748 0.0049763798779604 0.000929958910332668 0.000168295750607707 2.97888521536073e-05 5.18778542671381e-06 8.92320732543056e-07 1.51987197527236e-07 2.5683309583508e-08 4.31173378830805e-09 7.19888007764567e-10 1.19631029400151e-10 1.98001843689031e-11 3.2656330269092e-12 5.36937060883051e-13 8.80421428523885e-14 1.57248327855828e-14
2 11 0 0.461801162438326 0.422798889077483 0.0951141226961805 0.0170106592221307 0.00277099865408374 0.000428893574545585 6.42721931776958e-05 9.4190785021533e-06 1.35800777205428e-06 1.93365747227536e-07 2.72636446653293e-08 3.8135644370455e-09 5.29935984333459e-10 7.32349387981633e-11 1.00732920488377e-11 1.37995405849156e-12 1.88375841380717e-13 2.56353387472749e-14 3.47904621723755e-15 4.97573793375334e-16
3 2 0 0.997170281067218 0.00282965951835033 5.94135130720881e-08 9.18237842677174e-13 1.27126538880035e-17 1.66206481691344e-22 2.09783130022628e-27 2.58542845735597e-32 3.13189181082396e-37 3.74468591315491e-42 4.43187032796761e-47 5.20222881493307e-52 6.06538432755006e-57 7.03191061116175e-62 8.11344623687736e-67 9.32281465506046e-72 1.06741527742532e-76 1.21830500487855e-81 1.38666998182143e-86 1.5676097898653e-91
3 4 0.49450286473235 0.493490659288564 0.0118317600418186 0.000172528809919667 2.16171101378601e-06 2.5133829265761e-08 2.79455387322101e-10 3.016094381509e-12 3.18677305545039e-14 3.31388650723795e-16 3.4036217064093e-18 3.46128802573028e-20 3.49147793707327e-22 3.49818498271406e-24 3.48489428113935e-26 3.45465432872035e-28 3.41013544506204e-30 3.3536782991011e-32 3.28733482501011e-34 3.21290313995887e-36 3.21705378724625e-38
3 10 0 0 0.375319513223653 0.363111423229925 0.166936502532117 0.0629095777931007 0.0215762065949539 0.00700287927667561 0.00219191930439683 0.000668680315670229 0.000200123514766283 5.90119534222862e-05 1.7196869783e-05 4.96330476690254e-06 1.42105298862225e-06 4.04118257556047e-07 1.14258772273061e-07 3.21434116257371e-08 9.00306098371809e-09 2.5119435895045e-09 1.89983345721956e-08
4 3 1 1.0315239451024e-33 4.51770135841113e-181 0 0 0 0 0 0 0 0 0 0 0 0 0 0 0 0 0 0
4 5 0 0.475738358740595 0.401007351055936 0.0982279375445777 0.0202539061048393 0.00389387756179493 0.000720454167124089 0.000130105369819097 2.31052224468349e-05 4.0532042624349e-06 7.04395927024612e-07 1.21513226873558e-07 2.08368046614187e-08 3.55542830045589e-09 6.04156742692286e-10 1.02299010537672e-10 1.72690808295033e-11 2.90746060756095e-12 4.88365586638994e-13 8.18613053078972e-14 1.50353897505459e-14
4 8 0 0.141427593335722 0.573066009197103 0.215170377828294 0.0548783561477492 0.0122614059192537 0.00256000257236471 0.000512851437798434 9.99176196479727e-05 1.90799831194969e-05 3.58869760134194e-06 6.67044751054683e-07 1.22812915018138e-07 2.24359100703452e-08 4.07203066202317e-09 7.34981162576135e-10 1.32031699292127e-10 2.36204955987776e-11 4.2104651398295e-12 7.4814230188252e-13 1.47548134192711e-13
5 1 0 0.0842724408829841 0.415357463915691 0.271165052036114 0.131727132850775 0.057714399340807 0.0239722619468235 0.00963649161236071 0.00378887375891851 0.00146607424596535 0.000560466618771309 0.000212242404838933 7.97642543425017e-05 2.97898107622015e-05 1.10676425615791e-05 4.09368234836908e-06 1.50839798059574e-06 5.53959767121291e-07 2.02851587906346e-07 7.40905846958168e-08 4.56960165019085e-08
5 4 0 0.494732960143318 0.426318538388858 0.0695908120389221 0.00837041530372552 0.0008896038873816 8.83750312811582e-05 8.41331664194421e-06 7.77791592745535e-07 7.03792195125683e-08 6.26495143100206e-09 5.50538953388323e-10 4.78771110756284e-11 4.12789480122006e-12 3.53338221676309e-13 3.00594116042105e-14 2.54371159523082e-15 2.14264738620329e-16 1.79751517856437e-17 1.50257157756945e-18 2.68511781698066e-08
5 7 0.476130697032996 0.505327074732951 0.0181036472206461 0.000429429656363847 8.9719375979681e-06 1.76030864296186e-07 3.32616035680291e-09 6.1290917646911e-11 1.10931971369731e-12 1.9809265004068e-14 3.5004772195947e-16 6.13396615870855e-18 1.06750891452268e-19 1.84719855426188e-21 3.18089474703839e-23 5.45479908139869e-25 9.32056329058829e-27 1.58757686058634e-28 2.69660560256476e-30 4.56903296710535e-32 7.9302054053888e-34
6 7 0 0.963532017718352 0.035899436969831 0.000560952984832598 7.49767978352365e-06 9.35125743367057e-08 1.12136419862698e-09 1.31099919199896e-11 1.50573340178995e-13 1.70684998475552e-15 1.91539602538656e-17 2.1322788399118e-19 2.35832114636665e-21 2.59429490444031e-23 2.84094327423009e-25 3.09899557480137e-27 3.36917792847544e-29 3.65222114755057e-31 3.94886680572786e-33 4.25987208612043e-35 4.7111274526326e-37
6 17 0.654552713180794 0.342590312825269 0.00284086641451883 1.60264742959286e-05 8.07187041842824e-08 3.84637305087398e-10 1.77342927297648e-12 7.99963921649828e-15 3.55264014693702e-17 1.55939646384159e-19 6.78293004333934e-22 2.92903204875112e-24 1.25733574574604e-26 5.37067936137585e-29 2.28448849103194e-31 9.68256578225531e-34 4.09111386964778e-36 1.72389650180712e-38 7.24666813002042e-41 3.03975781500429e-43 1.30253537981267e-45
7 5 0.903187905248651 0.096808165483721 3.92917898968402e-06 8.86361381109391e-11 1.70281594991586e-15 3.02979422206473e-20 5.15310217423943e-25 8.5076404662471e-30 1.37527342988374e-34 2.18842563856256e-39 3.44013446513165e-44 5.35538957329952e-49 8.27093707474601e-54 1.26895595777434e-58 1.93602853181881e-63 2.9396755655464e-68 4.44516898459147e-73 6.69737395655724e-78 1.00585239098871e-82 1.50637202433893e-87 2.24080388111064e-92
7 6 0 0.842691924044437 0.14449736826411 0.0119091505426212 0.000842242294692978 5.55617017694771e-05 3.52164713706558e-06 2.17479672473463e-07 1.31871091257179e-08 7.88842650589996e-10 4.66968662944835e-11 2.74140666500775e-12 1.59852397888775e-13 9.26882938150073e-15 5.34900593096439e-16 3.07441671483921e-17 1.76088932442241e-18 1.00548113281784e-19 5.72593836683773e-21 3.25298369625203e-22 1.87714963857154e-23
7 8 0 0 0 0.997186371604199 0.00281358451903231 4.38762905456897e-08 4.78164439805962e-13 4.58235186381062e-18 4.10729421495819e-23 3.53323614916905e-28 2.95593868021805e-33 2.42369983686077e-38 1.95726808746047e-43 1.5618671002312e-48 1.23444858266839e-53 9.68008278989495e-59 7.54088099389525e-64 5.84164078306662e-69 4.503590266948e-74 3.45754937656809e-79 2.63319098428914e-84
7 15 0 0.305302997931933 0.619832203291693 0.0694715710992416 0.00505354808177308 0.000319696976870848 1.885479128447e-05 1.06592094615171e-06 5.85756043477784e-08 3.15414314744702e-09 1.67265208565909e-10 8.76500913650627e-12 4.54934372372532e-13 2.34284515561936e-14 1.1986701931464e-15 6.09889076732927e-17 3.08843439012521e-18 1.55752756859482e-19 7.82646070383797e-21 3.92022315679302e-22 1.99422969268251e-23
8 4 0 0.984769819686915 0.0152301780064647 2.30661997798631e-09 2.17407541595481e-16 1.80774996879293e-23 1.41655616645567e-30 1.07211397578484e-37 7.93097653297003e-45 5.77281623679189e-52 4.15157035134616e-59 2.9578934478712e-66 2.09179974572943e-73 1.47034759945886e-80 1.02831618066825e-87 7.16111805469836e-95 4.96877752382804e-102 3.43673453160455e-109 2.37051662392172e-116 1.63110807208063e-123 1.11882033158588e-130
8 7 0 0 0 0.135643803309455 0.270654109063195 0.21372541466188 0.145477512357701 0.0930125700856943 0.0574314734392848 0.0346808083839678 0.0206210656030739 0.0121225029697037 0.00706457321983866 0.00408868028158137 0.00235315445667253 0.00134805420927937 0.000769260417844467 0.000437519486507171 0.000248128738551742 0.000140369256762985 0.000181000059006652
8 9 0 0.768026587846004 0.204684692605418 0.0245732813839116 0.00246563310440363 0.000227853194391865 2.00799449897315e-05 1.71565221303747e-06 1.43428216176038e-07 1.17982119733275e-08 9.58464773571316e-10 7.70946208960934e-11 6.15120636014288e-12 4.87507296913222e-13 3.84187099051056e-14 3.01302078113919e-15 2.35311729742723e-16 1.8310384102589e-17 1.4202111311735e-18 1.09841684790066e-19 9.01753552339246e-21
9 8 0 0.787313881644807 0.188605318211306 0.021732916363219 0.00213441444718813 0.000194835117779508 1.70504616818361e-05 1.45166580244356e-06 1.21225620693429e-07 9.97894987760292e-09 8.1238310903274e-10 6.55553260728749e-11 5.25214696691654e-12 4.18289607435426e-13 3.31461978839311e-14 2.61531305374948e-15 2.05588823273324e-16 1.61088929391445e-17 1.25860721304301e-18 9.80872770828736e-20 8.13118272411361e-21
9 10 0 0.315927123724903 0.601495963129933 0.0754233702688847 0.00659888795245837 0.000514012009288971 3.77654076756488e-05 2.67844267691647e-06 1.85520605102463e-07 1.26336316736847e-08 8.49404870880142e-10 5.65422173047624e-11 3.7338780792785e-12 2.44963952869485e-13 1.59834043295319e-14 1.03806364936815e-15 6.71508705074952e-17 4.3289337859355e-18 2.78226137559229e-19 1.78342977906215e-20 1.1608954273747e-21
9 14 0 0 0.694593812688888 0.247034582071015 0.0484557982854846 0.00832373245006406 0.00134481947482376 0.000209691292883794 3.19455468328119e-05 4.78768637206229e-06 7.08845526853612e-07 1.03965646407885e-07 1.51347081996295e-08 2.18980867178087e-09 3.15235545363506e-10 4.51861012793254e-11 6.45333692459468e-12 9.18730602595377e-13 1.30433841541772e-13 1.84728332990039e-14 2.77506197877118e-15
9 15 0 0.845034472679508 0.151523276338086 0.00338120268404236 6.00556174614516e-05 9.77272312264483e-07 1.51762582649383e-08 2.28898001035019e-10 3.38416206764445e-12 4.93122027099328e-14 7.10661843549663e-16 1.01531903606501e-17 1.44045948990795e-19 2.03186149095889e-21 2.85224691958564e-23 3.98744269608478e-25 5.55475302356077e-27 7.71432786184526e-29 1.06845898214551e-30 1.47631553325495e-32 2.09083468798774e-34
9 16 0 0 0.0396118151666681 0.259864915250149 0.248670846276653 0.177064963562569 0.113458683652989 0.0688150841183614 0.0403500738622304 0.023122996898179 0.0130328562784202 0.00725405191367873 0.00399804762833402 0.00218612978204168 0.00118761641826327 0.000641668029541524 0.000345092604892839 0.000184856118037218 9.86805016805464e-05 5.25185624362187e-05 5.9104227643003e-05
10 3 0 0 0.357872628560371 0.330191987243336 0.174280383025162 0.0799029622964925 0.0342715288896848 0.014136508723572 0.00568313759590992 0.00224349593178012 0.000873702441612474 0.000336691560528362 0.000128663795314319 4.88321304299702e-05 1.84281064400567e-05 6.92094532634436e-06 2.58857501734369e-06 9.64732757436467e-07 3.58425706891858e-07 1.32799802021096e-07 8.42207559260111e-08
10 9 0 0.0662279674586826 0.415621684523164 0.288970909282376 0.137321384514335 0.057028945279232 0.0220866934246838 0.00819534857050354 0.00295405467976469 0.00104275564597343 0.000362306066833647 0.000124334168712101 4.22455357875244e-05 1.42369844593282e-05 4.76522994692971e-06 1.58572556324734e-06 5.25055518099134e-07 1.73101259278544e-07 5.68519158699558e-08 1.86093624067393e-08 9.2919263985182e-09
10 11 0 0 0.997976331013926 0.00202238305726018 1.28524138208336e-06 6.87090929356223e-10 3.40941185241552e-13 1.62257227215303e-16 7.51801382750262e-20 3.41908886143741e-23 1.53376509147786e-26 6.80824924968554e-30 2.99704293952965e-33 1.3104312518121e-36 5.69777643914315e-40 2.46576700253201e-43 1.06280760481402e-46 4.56511819019762e-50 1.9549561242903e-53 8.34963778616488e-57 3.58073163976328e-60
10 13 0 0.332817483782723 0.444302299601506 0.160901674794805 0.0461091371796358 0.011993851298018 0.00295773282884801 0.000705103212119398 0.000164200315882558 3.75869533057351e-05 8.49173934188117e-06 1.89868348680061e-06 4.20980445744274e-07 9.26954039389708e-08 2.02919098200077e-08 4.42008546342303e-09 9.58690808572868e-10 2.07160182267105e-10 4.46179857631571e-11 9.58191097262997e-12 2.43270327428068e-12
11 2 0 0.744883633551494 0.245075611634091 0.00975090700618398 0.00028244212669647 7.2285169992962e-06 1.73097566507188e-07 3.97621353444656e-09 8.87713339812122e-11 1.94116814456193e-12 4.17826207079028e-14 8.88247863305016e-16 1.86947071743894e-17 3.90224620896936e-19 8.08913356171271e-21 1.66698014033947e-22 3.41787204964246e-24 6.97693325493044e-26 1.4187004187716e-27 2.87493324872029e-29 5.95809923156351e-31
11 10 0 0 0.67427970525401 0.272183783149258 0.046259395367821 0.0063739036824231 0.000796922109369163 9.41862290814484e-05 1.0729870708538e-05 1.19110044036224e-06 1.29700183144654e-07 1.39147044058811e-08 1.47525725078382e-09 1.54908100760222e-10 1.6136263842046e-11 1.66954342306797e-12 1.71744774845433e-13 1.75792125311043e-14 1.79151307766057e-15 1.8187407676176e-16 3.79738386291351e-08
11 12 0 0.903947041145833 0.0913598473356284 0.00449309962174256 0.000192000685478844 7.70157620407927e-06 2.97942139818479e-07 1.12585489421937e-08 4.18478805628647e-10 1.53660107915142e-11 5.58935503710601e-13 2.01797447786919e-14 7.24149534226269e-16 2.58553100376543e-17 9.1923018517144e-19 3.25627259664913e-20 1.14988213862385e-21 4.04944315371844e-23 1.42262006004666e-24 4.98714930683051e-26 1.78245001494354e-27
12 11 0 0.999999999999999 0 0 0 0 0 0 0 0 0 0 0 0 0 0 0 0 0 0 0
12 23 0 0.369707599432633 0.456096034995983 0.135512373294757 0.030884938538147 0.00631058438057998 0.00121426843560502 0.000224923306268568 4.05822381194983e-05 7.18245046649355e-06 1.25261073916863e-06 2.15930480904213e-07 3.68746480710466e-08 6.24839499965765e-09 1.05190272991375e-09 1.76103913245573e-10 2.9341455685562e-11 4.86835213016981e-12 8.04803064484897e-13 1.32613136847141e-13 2.38106834590781e-14
13 10 0 0.980311118975341 0.0196819486897264 6.9306631884133e-06 1.67139304599431e-09 3.50992221146826e-13 6.85568638719899e-17 1.28054605715596e-20 2.32038058746173e-24 4.11323926939855e-28 7.17105766011771e-32 1.23401154735831e-35 2.10134163008791e-39 3.54752543408981e-43 5.9458971036278e-47 9.9047935516e-51 1.64128198085586e-54 2.7072653141e-58 4.44767465141854e-62 7.28101572223318e-66 1.18968226442475e-69
13 14 0 0.204447324853807 0.6070744665169 0.155539815980908 0.0277778972721106 0.00439688586091072 0.000654529440940393 9.38668765619024e-05 1.31279137112155e-05 1.80318401111486e-06 2.44328431761738e-07 3.27560638993021e-08 4.35415434101158e-09 5.74745433856016e-10 7.5423653301482e-11 9.8488675834992e-12 1.28060775472695e-12 1.65897995076357e-13 2.14220020248086e-14 2.758270394039e-15 3.71769626753403e-16
13 22 0 1 7.66766192146628e-53 5.14820952004272e-131 3.45660274718922e-209 2.32082678557675e-287 0 0 0 0 0 0 0 0 0 0 0 0 0 0 0
14 9 0 0 0.865497892281912 0.127087566305857 0.00708055353023751 0.000320271297267738 1.31824600895018e-05 5.14034439239164e-07 1.93527427170375e-08 7.10870204521909e-10 2.56394511290622e-11 9.11833687506874e-13 3.20676810615333e-14 1.11755617612163e-15 3.86539939361973e-17 1.32848663089095e-18 4.54108841360979e-20 1.54498026638974e-21 5.23486292236422e-23 1.76733880610808e-24 6.07761943589292e-26
14 13 0 0.308326733121054 0.586936655794069 0.0925109201048293 0.0109188419838208 0.00117332353290877 0.000120254055835325 1.19766938152862e-05 1.17009281547987e-06 1.12746914682501e-07 1.07515415770576e-08 1.01697582738209e-09 9.55700248049692e-11 8.93331985320805e-12 8.31317690893988e-13 7.70689343960183e-14 7.12167851192346e-15 6.56239552755497e-16 6.03213612302431e-17 5.53265573726496e-18 5.18788972261525e-19
14 18 0 0.966468474927473 0.0331717426753938 0.000356670665183933 3.08726926304422e-06 2.42805126440304e-08 1.80862981421772e-10 1.30084488893076e-12 9.12989530084018e-15 6.29289812239363e-17 4.27755099907045e-19 2.87574161988117e-21 1.91607752985044e-23 1.26721993143355e-25 8.32867017756585e-28 5.44479271448744e-30 3.54311335136237e-32 2.29637193469157e-34 1.48307255097203e-36 9.54815521196218e-39 6.28854990429414e-41
14 21 0 0.956525788549263 0.042708267520215 0.000754556593477403 1.12303730740929e-05 1.54891531317067e-07 2.04582780492309e-09 2.62766352059861e-11 3.30959298544505e-13 4.10864944991682e-15 5.04418687413094e-17 6.13831726699986e-19 7.41636958530395e-21 8.90739278281915e-23 1.06447186046926e-24 1.26665973917559e-26 1.50169198288348e-28 1.77460382420501e-30 2.09117023210794e-32 2.45801258492609e-34 2.96144828704806e-36
15 7 0 0.208482860333575 0.574600366713043 0.169575718852153 0.0378256281655178 0.00768401250640015 0.00148827790748576 0.000280013587056253 5.1663876841845e-05 9.39909345405223e-06 1.691905350561e-06 3.02040092204456e-07 5.35625018548253e-08 9.44676739903515e-09 1.65852522292657e-09 2.90053944694186e-10 5.05581058907945e-11 8.78716184625947e-12 1.52337700374245e-12 2.63508796704656e-13 5.03131074554109e-14
15 9 0 0.599647810599157 0.353078744183096 0.0427884501285499 0.00409605524353166 0.000356836720628755 2.95350525612169e-05 2.36704226725481e-06 1.85541287284428e-07 1.43099318024646e-08 1.09010190111221e-09 8.2236997402236e-11 6.15529017702856e-12 4.57729289213788e-13 3.38533191929733e-14 2.49217433344434e-15 1.82733943678437e-16 1.3352066792706e-17 9.7263528355966e-19 7.06603820786578e-20 5.21717147283431e-21
15 16 0.936712055885865 0.0632875002237278 3.18520686352677e-07 7.83464060987687e-13 1.58880827840591e-18 2.93938380787067e-24 5.15282525445019e-30 8.71826768722163e-36 1.43846321507472e-41 2.32929717064795e-47 3.71743500748182e-53 5.86450220812805e-59 9.16458454629443e-65 1.42095155238744e-70 2.1885710602782e-76 3.35175605463441e-82 5.10794541520475e-88 7.75088443763035e-94 1.17167918537373e-99 1.76523595931869e-105 1.25368937564652e-07
15 17 0 0.987419202092265 0.0125388063197076 4.18804580115621e-05 1.10864276796305e-07 2.65138674772363e-10 5.98819916296796e-13 1.30358007929112e-15 2.76587286490155e-18 5.7584564555413e-21 1.18158753125773e-23 2.3967532887296e-26 4.81636641677684e-29 9.6040118760973e-32 1.90263362732932e-34 3.74836705630417e-37 7.34925894679206e-40 1.43491500291656e-42 2.79131333369457e-45 5.41217964616039e-48 1.06489271912073e-50
16 9 0 0 0.0573224417480356 0.297074835815927 0.24949476638174 0.164850209486244 0.10011035655633 0.0581888583152936 0.032923234587062 0.0182909026141286 0.0100284623200814 0.00544369402879894 0.00293192700664092 0.00156919457175778 0.000835509352111454 0.000442939120096648 0.00023395861741671 0.000123185778053142 6.46827853995561e-05 3.38820996606548e-05 3.69588152223654e-05
16 15 0.806567544686599 0.193314310875301 0.000118101653648538 4.27710783842614e-08 1.33695588904634e-11 3.8931393829182e-15 1.08718466332927e-18 2.95318339204931e-22 7.86574438974948e-26 2.06447116447329e-29 5.35707790777122e-33 1.37751018914152e-36 3.51586996885669e-40 8.91832419436957e-44 2.25041098228407e-47 5.65320415316214e-51 1.41462823501175e-54 3.52790023560435e-58 8.771838181991e-62 2.17525501566128e-65 5.39913839283306e-69
16 18 0.999999999172809 1.52662885743203e-10 4.1363283588204e-52 4.22642256890417e-95 1.90848547897309e-138 5.88917631417506e-182 1.45654409009846e-225 3.11665493675629e-269 6.02076609320033e-313 0 0 0 0 0 0 0 0 0 0 0 0
17 6 0.314979745703739 0.620870266944581 0.0602678387598565 0.003678819207721 0.000193430801633412 9.437574790181e-06 4.40166328994824e-07 1.99190622702246e-08 8.82125439316449e-10 3.84353056208923e-11 1.65358402797467e-12 7.04224438371036e-14 2.97427699630168e-15 1.24748633695003e-16 5.201581789416e-18 2.15795897797568e-19 8.91352966641006e-21 3.66768002808145e-22 1.5040533910666e-23 6.14932864792217e-25 2.55771489602995e-26
17 15 0 0.687969691401229 0.259332580279826 0.0451424216123515 0.00655364826797327 0.000874842232781375 0.000111241361973782 1.370287369217e-05 1.65057220300623e-06 1.95538475426958e-07 2.28690639875759e-08 2.64741854449552e-09 3.03932777679437e-10 3.46518594698456e-11 3.92770772038078e-12 4.42978693504889e-13 4.97451255276437e-14 5.56518468624836e-15 6.20533102397865e-16 6.89872388137852e-17 7.9173222825173e-18
17 19 0 0.811095064462591 0.182293889654641 0.00642048385266119 0.000185469035530707 4.96230355188845e-06 1.27421741474618e-07 3.18891749489165e-09 7.84147637217131e-11 1.90364076208767e-12 4.5765243713405e-14 1.09182836942903e-15 2.58870856892912e-17 6.10653657530066e-19 1.43432618763419e-20 3.35675666238303e-22 7.83124095269321e-24 1.82203641123965e-25 4.22905944254225e-27 9.79513416502162e-29 2.32096524551188e-30
18 14 0 0.865803276912363 0.126246599932932 0.00755750465591489 0.000374779224359576 1.70667376012216e-05 7.4011284832088e-07 3.10927725274145e-08 1.27744023200687e-09 5.16235941142558e-11 2.05980497144555e-12 8.13599241791674e-14 3.18727843241295e-15 1.24011972446195e-16 4.79741121550531e-18 1.84677452695874e-19 7.07903735708288e-21 2.70347582911399e-22 1.02908502734519e-23 3.9058942230545e-25 1.50933137382059e-26
18 16 0.529710882379213 0.462589970270235 0.0076241762531867 7.43474940184474e-05 6.18803228874398e-07 4.76484071694282e-09 3.50258172101484e-11 2.49645522212273e-13 1.74058713641997e-15 1.19371112061755e-17 8.0821851348294e-20 5.41626389346182e-22 3.59934212446252e-24 2.3752355800037e-26 1.55818165212991e-28 1.01700871982036e-30 6.60876544684954e-33 4.27803019641082e-35 2.7598904156516e-37 1.77512192279246e-39 1.16810075956086e-41
18 19 0 0.325253557949501 0.443212436182489 0.165249714125745 0.0487990996904477 0.013084420929406 0.00332648942591545 0.0008176098880705 0.000196316247312955 4.63365762713543e-05 1.07944275734593e-05 2.48874582591277e-06 5.69012621299956e-07 1.29198014218136e-07 2.91650609575046e-08 6.55113988356678e-09 1.46525880454545e-09 3.26508502652194e-10 7.25192155278824e-11 1.60602529265896e-11 4.25888040004144e-12
19 17 0 0.342144235715561 0.411283575986553 0.164788987219082 0.0561108462567225 0.0178653663826023 0.00548156534500426 0.00164281367213546 0.000484401719083311 0.000141136473348102 4.07480393363713e-05 1.16799577866484e-05 3.3284213705491e-06 9.43926226479887e-07 2.66609287054351e-07 7.50430443381488e-08 2.10596061894044e-08 5.89469620258764e-09 1.64619195828326e-09 4.58796948932978e-10 1.73565602326332e-10
19 18 0 0.440560190353659 0.426421324416444 0.106766761567218 0.0214712183416255 0.00394847560765194 0.000691368981770967 0.000117358640291095 1.94991820829793e-05 3.18937060985757e-06 5.15452186610828e-07 8.25210297822404e-08 1.31104382453775e-08 2.06978269237908e-09 3.25032520470901e-10 5.08118668541321e-11 7.91244545303547e-12 1.22795381153367e-12 1.90001833601218e-13 2.93214936084378e-14 4.86877937803447e-15
19 20 0 0 0.707376685339673 0.239451638092973 0.0445891987307481 0.00727326021859861 0.00111604085132286 0.000165293262074356 2.39211474295715e-05 3.4058289961566e-06 4.79066992206232e-07 6.67574150009522e-08 9.23342756956921e-09 1.26936378129896e-09 1.73626527873778e-10 2.36480433258772e-11 3.20916051047823e-12 4.34128622548346e-13 5.85665001536319e-14 7.88181470768514e-15 1.11703910655225e-15
19 21 0 0.733567897182234 0.266039150377444 0.000392632216773926 3.20003322255825e-07 2.20086617870318e-10 1.39441518938859e-13 8.41596900958e-17 4.91884536218769e-20 2.80996697879267e-23 1.57805154963725e-26 8.74548782157929e-30 4.79566265844699e-33 2.60708788101739e-36 1.40713095327744e-39 7.54863695948883e-43 4.02844155101894e-46 2.14014526739412e-49 1.1324869327677e-52 5.97185742522342e-56 3.16396209766927e-59
20 19 0 0 0.844323891025225 0.145502876144835 0.00963006839377957 0.000516738220120881 2.52077147122291e-05 1.16424957581419e-06 5.18950933908834e-08 2.25614294137429e-09 9.62880823112597e-11 4.05120443627424e-12 1.68528698881894e-13 6.9463755427617e-15 2.84131610305069e-16 1.15472684487972e-17 4.66707753694586e-19 1.87733371146513e-20 7.52023552665846e-22 3.00144654617453e-23 1.21827214672906e-24
20 21 0.481459980533805 0.501449411343197 0.0167181905525135 0.000365280011484545 7.00920778231272e-06 1.26129680887438e-07 2.1840540257563e-09 3.68616689664938e-11 6.10842475410211e-13 9.9841580143856e-15 1.61452829928652e-16 2.5885655175809e-18 4.12122871998587e-20 6.5231099081278e-22 1.02738405348591e-23 1.61126680016415e-25 2.51769907237973e-27 3.92140071736516e-29 6.09037287210158e-31 9.43514738635899e-33 1.49764838398086e-34
20 23 0 0.687987666293072 0.260453852002135 0.0443765771634591 0.00625988368533884 0.000809200434987084 9.94459049687136e-05 1.18242481501412e-05 1.37356371794725e-06 1.56823266402736e-07 1.76672193128234e-08 1.96927860230549e-09 2.1761205340451e-10 2.3874451921503e-11 2.60343550545258e-12 2.82426389706429e-13 3.05009515039677e-14 3.28108850345075e-15 3.51739921614457e-16 3.75917976832372e-17 4.13542837816832e-18
21 14 0 0.874001209354228 0.118714447451927 0.00692891798148497 0.000339376977896618 1.53552882144987e-05 6.63883979622301e-07 2.78681061393672e-08 1.14583477010949e-09 4.63945476961109e-11 1.85639619696935e-12 7.35850748741802e-14 2.89457708541499e-15 1.13141812396142e-16 4.39882444889204e-18 1.70240905375828e-19 6.56257729772371e-21 2.52107772620762e-22 9.65557896806347e-24 3.68807214439611e-25 1.43439385500765e-26
21 19 0 0.559809129000862 0.432642315743531 0.00746399350132471 8.37289103004065e-05 8.25145148990077e-07 7.63030847285687e-09 6.79293480885436e-11 5.89655448385942e-13 5.0269805307323e-15 4.22809005469359e-17 3.51896363964681e-19 2.90423749786532e-21 2.38045674148588e-23 1.93997989844684e-25 1.57335226295357e-27 1.27071300186571e-29 1.02259232280677e-31 8.20326582430016e-34 6.56238015736542e-36 5.37655358804184e-38
21 20 0.671859406655257 0.326482956528177 0.00165238761415856 5.23470128547126e-06 1.44636392516483e-08 3.73895274036099e-11 9.29078778457918e-14 2.24888541568528e-16 5.34283905649565e-19 1.25171587760527e-21 2.90083798896133e-24 6.66456547805387e-27 1.52033137696478e-29 3.4477653755132e-32 7.77975577504409e-35 1.74796930929335e-37 3.91281845533186e-40 8.73042620867914e-43 1.94239329541627e-45 4.31055573870259e-48 9.72378981843951e-51
21 22 0 0.999999999718998 1.56162798954772e-12 4.01154159910744e-31 8.52362421651031e-50 1.69632348684827e-68 3.26448251624005e-87 6.15499658490378e-106 1.14457818929281e-124 2.10738938527225e-143 3.85110106814135e-162 6.99644706643429e-181 1.26509767842725e-199 2.27871997485444e-218 4.09123419051665e-237 7.32533269806677e-256 1.30851288889005e-274 2.33260424429206e-293 4.15074721250475e-312 0 0
22 13 0 0.5548360033152 0.380555682027899 0.0570376194080825 0.00675910093696296 0.000728766263772913 7.46353865380709e-05 7.39969188720879e-06 7.17429801681106e-07 6.84309157955649e-08 6.44633763766256e-09 6.01322545595883e-10 5.56483425712591e-11 5.11622619174306e-12 4.67796762891587e-13 4.25725708525409e-14 3.85877272799362e-15 3.48531476478801e-16 3.13829497564158e-17 2.81811076840559e-18 2.58371047067028e-19
22 21 0 0.545180836424318 0.393627594907685 0.0548182018127067 0.00577657791151565 0.000544095301920049 4.82114838882627e-05 4.11062413229254e-06 3.41314709949891e-07 2.7796581137733e-08 2.23054779222056e-09 1.76919273574126e-10 1.39011524720953e-11 1.08380948983419e-12 8.39505754618074e-14 6.46672041208212e-15 4.95755785480813e-16 3.78480588702187e-17 2.87893142078412e-18 2.18279477082425e-19 1.68210244054568e-20
22 23 0.552897648268977 0.438638201661786 0.00835815712102398 0.000104822010454712 1.15877692874531e-06 1.20391108650655e-08 1.20530404102539e-10 1.17730700776927e-12 1.12989630745234e-14 1.07017648246528e-16 1.00326097524057e-18 9.32836273029852e-21 8.61545140862325e-23 7.91257500150683e-25 7.23267193652932e-27 6.58437647987449e-29 5.97311125243958e-31 5.40191389795287e-33 4.87206607046399e-35 4.38357341297129e-37 4.04184345798916e-39
23 12 0 0.949449008549872 0.0503926837763228 0.000157920080311449 3.86727694588608e-07 8.63956193252451e-10 1.83876572025088e-12 3.79766470659798e-15 7.68462329016073e-18 1.53209304632658e-20 3.02036612576016e-23 5.90198672236006e-26 1.14510763184459e-28 2.20877251158616e-31 4.2396094920846e-34 8.10384554305647e-37 1.54347614762164e-39 2.93059341793637e-42 5.54911938044175e-45 1.04819626375333e-47 2.01037712048015e-50
23 20 0 0.871594453147583 0.122106911227508 0.00605035233969824 0.000239338701702613 8.55121314084595e-06 2.88217744809411e-07 9.35369603246528e-09 2.95607789722586e-10 9.16027674623559e-12 2.7958942350926e-13 8.43152639460611e-15 2.51790744870804e-16 7.45841606014115e-18 2.19422363787899e-19 6.41764389671539e-21 1.86756431187964e-22 5.4107784545873e-24 1.56155449176925e-25 4.49115421609827e-27 9.54938703667807e-08
23 22 0.409018995897695 0.551978060303399 0.0371830087776645 0.001743939173226 7.29945578540794e-05 2.88668422422348e-06 1.10327259881328e-07 4.1215014206599e-09 1.51471630017689e-10 5.49886903041603e-12 1.97724110207864e-13 7.05531250353277e-15 2.50175725192933e-16 8.82467044036329e-18 3.09902085533113e-19 1.08416937602764e-20 3.78038302820898e-22 1.31437392635436e-23 4.55820227853466e-25 1.5771842432034e-26 5.56383230296656e-28
