0 1 0 0 0.999854241895639 0.000145540660785768 2.1486901546944e-07 1.87958108696313e-09 4.26367383888356e-11 1.76850783745584e-12 1.11762261184437e-13 9.65628823013655e-15 1.06348851805859e-15 1.42281994779924e-16 2.23361475590725e-17 4.00938307918594e-18 8.06744780635181e-19 1.79146317895404e-19 4.33572305830612e-20 1.13206430981016e-20 3.16211705840374e-21 9.38253332788035e-22 4.66030292254819e-22
0 2 0 0.144054892185846 0.681176474139459 0.149783813140665 0.0210139901771127 0.00323531699510369 0.000578625177186174 0.000119096364803989 2.76935860589279e-05 7.14924858229779e-06 2.01912138614898e-06 6.1638851654755e-07 2.01399083836848e-07 6.98634192200309e-08 2.55569297621993e-08 9.80359368674389e-09 3.9247268882756e-09 1.63311059228025e-09 7.03859593038312e-10 3.13260982494806e-10 3.32665918429033e-10
1 0 0 0 0.306924912682725 0.526538298049911 0.132860552555397 0.0263421280704196 0.00555290788736637 0.00130093806554996 0.000338176872234084 9.65048793450824e-05 2.98891481733651e-05 9.94478563855688e-06 3.52376422714499e-06 1.31995810558198e-06 5.19487728994924e-07 2.13692653061567e-07 9.14704686577388e-08 4.05887053646708e-08 1.86100088482495e-08 8.79179326406404e-09 1.06395496874285e-08
1 5 0 0.278979457781417 0.704810464534074 0.0156108340952625 0.00055856442606923 3.65059218765999e-05 3.59881118187651e-06 4.75890588588702e-07 7.84729414550528e-08 1.5377132016957e-08 3.46274283875586e-09 8.7457852770891e-10 2.43272264626414e-10 7.3484624939618e-11 2.38394055879423e-11 8.2322547882224e-12 3.00403042890772e-12 1.15141549592883e-12 4.61216601648843e-13 1.92247478120269e-13 1.80570059836693e-13
2 0 0 0.994954330075751 0.00504086312072243 4.76876476463013e-06 3.71726749499057e-08 8.3304181170204e-10 3.55206407131945e-11 2.34781371881388e-12 2.13817976896368e-13 2.49028123040212e-14 3.52671660336979e-15 5.85911196328941e-16 1.11203656095854e-16 2.36298270253969e-17 5.53356346955444e-18 1.41022808232907e-18 3.87152343418938e-19 1.13535798893761e-19 3.53181376103687e-20 1.1585337120109e-20 6.84491026295295e-21
2 3 0 0.283703561735875 0.636849871784263 0.0717876551888709 0.00673341523916453 0.000786212480238496 0.000114125043011528 1.9880415185451e-05 4.02466280931091e-06 9.23125465666599e-07 2.35207747303236e-07 6.55542393486926e-08 1.97421403898019e-08 6.36144268167066e-09 2.1756788445085e-09 7.84560194411356e-10 2.96644641951949e-10 1.17053772750606e-10 4.8010060750824e-11 2.03975994844958e-11 1.97011550028516e-11
2 11 0 0.346392591637762 0.605396704560803 0.044925329299007 0.00298683697486459 0.000263269429751314 3.01102446305806e-05 4.26103169364389e-06 7.17051136633882e-07 1.39187701708946e-07 3.04493447334133e-08 7.37355846480724e-09 1.9487581537419e-09 5.55785973174722e-10 1.69486279224756e-10 5.48467412141842e-11 1.87160582956514e-11 6.69905104788666e-12 2.50368126732872e-12 9.7324196568315e-13 7.83640269021547e-13
3 2 0 0.999544955880633 0.000454970775901407 7.31403813024405e-08 2.00916967562118e-10 2.11606203924777e-12 4.96436339029513e-14 1.99588379485196e-15 1.18556778284295e-16 9.4829408895993e-18 9.59738364039395e-19 1.17614216198276e-19 1.68977394508895e-20 2.77724395041847e-21 5.12310563990797e-22 1.04472984840102e-22 2.32648808336446e-23 5.6007927952772e-24 1.44547071981923e-24 3.97113849751343e-25 1.72312011265504e-25
3 4 0.425810937196915 0.571506084642564 0.00264904284731025 3.29085987498234e-05 9.72032559600607e-07 5.03661493814972e-08 3.86356324111765e-09 3.96371061269141e-10 5.09301994521866e-11 7.83553674362847e-12 1.3975237001197e-12 2.8210608367529e-13 6.32754721975524e-14 1.55437869047943e-14 4.13387695049486e-15 1.17910346497925e-15 3.57903350358589e-16 1.14862228272001e-16 3.87614758870393e-17 1.36898209351443e-17 9.18661823855661e-18
3 10 0 0 0.275200570413121 0.512310329108241 0.159206026368523 0.0391217256971495 0.0100388325405506 0.00281106515332928 0.000859770181467404 0.000284894243730031 0.000101326022412167 3.83508067183605e-05 1.53331272325967e-05 6.43522831084256e-06 2.82013429333696e-06 1.2846794561987e-06 6.06002295753614e-07 2.9503998623168e-07 1.47836876091819e-07 7.6051911964931e-08 1.11364395097232e-07
4 3 1 1.23082732992028e-59 2.53159720293846e-165 3.26512095383616e-223 1.10913137645798e-264 1.85486564894095e-297 0 0 0 0 0 0 0 0 0 0 0 0 0 0 0
4 5 0 0.374814912004074 0.565462034719899 0.0538469579106694 0.00511802606728319 0.0006345877625478 9.92533070081044e-05 1.87081636295772e-05 4.09900581878443e-06 1.0160921564818e-06 2.7920568034273e-07 8.37215291572629e-08 2.70604279999806e-08 9.33600262951889e-09 3.41088579221907e-09 1.31104616232062e-09 5.27293887440225e-10 2.208939325086e-10 9.60109413379623e-11 4.31532040145082e-11 4.70906416665304e-11
4 8 0 0.0138141636594331 0.749954185896654 0.207358507381448 0.0248384574477772 0.00335222881929759 0.000545860939170092 0.000105134841986508 2.33158988312165e-05 5.81834289941532e-06 1.60399869253178e-06 4.81445082662512e-07 1.55520977798005e-07 5.3563106082298e-08 1.95189335349895e-08 7.47848546763548e-09 2.9966892419921e-09 1.25025810301748e-09 5.41044034477589e-10 2.42056753989957e-10 2.61139467897116e-10
5 1 0 0.000469143439672988 0.407614798027231 0.435478323929089 0.120554929290667 0.0272906323777256 0.00636078964952094 0.00160098164943113 0.000437814544237747 0.000129464587205034 4.10944516278959e-05 1.38985995725268e-05 4.97494469331811e-06 1.87355434534153e-06 7.38548836597003e-07 3.0339179713526e-07 1.29382693033846e-07 5.70888871070366e-08 2.59878348129171e-08 1.21738431284571e-08 1.43810882209579e-08
5 4 0 0.421054324741107 0.550175194854393 0.0273080340172443 0.00135667032394355 9.5420630710816e-05 9.06552324042887e-06 1.09503368494213e-06 1.60413060343336e-07 2.75146622060749e-08 5.38193384938647e-09 1.17649157312983e-09 2.82920348796339e-10 7.39117710804342e-11 2.07648096780064e-11 6.22139915665407e-12 1.97417019102974e-12 6.59608847276574e-13 2.30910255456958e-13 8.43356249454529e-14 6.00848742579722e-14
5 7 0.401483152950003 0.59273616460023 0.00564717780585933 0.000126980049326117 6.00592690080552e-06 4.60776885911741e-07 4.95861696691214e-08 6.85984604654059e-09 1.15301579415234e-09 2.26510807690668e-10 5.05797982024314e-11 1.25743980214443e-11 3.42537846513733e-12 1.00975247886898e-12 3.18904317524215e-13 1.07029973127619e-13 3.79162460065695e-14 1.40985096335665e-14 5.47619936537215e-15 2.21297093366855e-15 1.94010207131963e-15
6 7 0 0.990865418147302 0.00906984616323966 6.33404133431317e-05 1.3347079731056e-06 5.55386089244855e-08 3.65031235292038e-09 3.33756825029685e-10 3.92206438060207e-11 5.6184714531712e-12 9.45316138582855e-13 1.81779933483436e-13 3.91345730890253e-14 9.28235458785018e-15 2.39503706533422e-15 6.65359440329376e-16 1.97344102995501e-16 6.20534462012955e-17 2.05643425953894e-17 7.1464194414545e-18 4.66610393423876e-18
6 17 0.677035982142063 0.3228080939884 0.000155380315485193 5.37060565661209e-07 6.38913907463207e-09 1.62059170030229e-10 6.87425400608585e-12 4.24125768196052e-13 3.48564383030389e-14 3.59619009253877e-15 4.46603699328611e-16 6.4724847887081e-17 1.06921104907113e-17 1.97663975008961e-18 4.03010651339927e-19 8.95545183511607e-20 2.14787811633756e-20 5.51514221552007e-21 1.50576133130969e-21 4.34586965756329e-22 2.027009571761e-22
7 5 0.949033484091254 0.0509612590827651 5.24023012694719e-06 1.62676090377758e-08 2.15195042670476e-10 6.44392485025499e-12 3.28722013934394e-13 2.44856019697539e-14 2.42461449572905e-15 3.00055949522408e-16 4.44537168296506e-17 7.64149423722828e-18 1.48867581209591e-18 3.22762388007625e-19 7.67701214322502e-20 1.98020008343777e-20 5.48691292662655e-21 1.6204838784029e-21 5.06759433498113e-22 1.66869255679996e-22 9.89660550265902e-23
7 6 0 0.910289342619278 0.0870388321007068 0.00252992905264213 0.000130137016531775 1.04138336335628e-05 1.1492586565801e-06 1.61598318897815e-07 2.74572790674786e-08 5.43280588127908e-09 1.21868879818362e-09 3.03766059171029e-10 8.28414286416235e-11 2.44190872772489e-11 7.70442106448056e-12 2.58116688193733e-12 9.12203925455657e-13 3.38194864343768e-13 1.30920784688981e-13 5.27082996233867e-14 4.57747379617993e-14
7 8 0 0 0 0.999568419955622 0.000431531956479256 4.80363395256255e-08 9.97027114637375e-11 8.3844298856753e-13 1.62787374748287e-14 5.55399496705812e-16 2.85232730679975e-17 2.0011629814637e-18 1.79708134880344e-19 1.97268692953449e-20 2.55886987107374e-21 3.82278255097521e-22 6.44714491446244e-23 1.20811338365544e-23 2.48321083281759e-24 5.53981200776446e-25 1.76322978951066e-25
7 15 0 0.151566055922625 0.81524186053994 0.0318089465717893 0.00128734135111428 8.61169401737243e-05 8.38663807620421e-06 1.07864562524525e-06 1.71697990623721e-07 3.23571286826238e-08 6.99509870147837e-09 1.69493653385866e-09 4.52275120673288e-10 1.31098372820492e-10 4.08336105289024e-11 1.35472015162922e-11 4.75293560165677e-12 1.75287441670008e-12 6.76121972475906e-13 2.71595089764282e-13 2.35699895635292e-13
8 4 0 0.999945910605374 5.40893948641002e-05 1.93844897520506e-16 2.91076871693536e-23 2.8073307012103e-28 2.67103666753224e-32 1.10653216795396e-35 1.2894854870602e-38 3.24920119305179e-41 1.49101349714203e-43 1.10657203504368e-45 1.21909152656572e-47 1.86990353563852e-49 3.80137271034959e-51 9.85337271064344e-53 3.1570161537088e-54 1.21909877209485e-55 5.55651555026616e-57 2.93753764525697e-58 1.81370529884444e-59
8 7 0 0 0 0.00224920499819182 0.217629840649694 0.393571138826976 0.229620523844786 0.0965414736771271 0.0370807007178103 0.0140864971825588 0.00545191063743077 0.00217398896489118 0.000896429104507252 0.000382367993154967 0.000168531258551038 7.66258008864176e-05 3.58705233544461e-05 1.72558025030577e-05 8.51466913440845e-06 4.30216464408232e-06 4.82318379779745e-06
8 9 0 0.834514562891671 0.158952937086055 0.00615004145707495 0.00034967426175243 2.90140138251447e-05 3.22536677806498e-06 4.49969768453249e-07 7.52043349263313e-08 1.45614812280837e-08 3.18633427147474e-09 7.73218224104907e-10 2.05048283344875e-10 5.87333077409332e-11 1.80007152164471e-11 5.85746569538485e-12 2.01070647784178e-12 7.24193751566034e-13 2.72414006904515e-13 1.06600354086307e-13 8.71201774366009e-14
9 8 0 0.84974974935907 0.14293086021973 0.0067692694897137 0.00049034120612806 5.12245896380088e-05 7.0446450876665e-06 1.19589840989664e-06 2.39719201706264e-07 5.49783858078688e-08 1.40966120445141e-08 3.97081975468986e-09 1.2122926062883e-09 3.96864747981227e-10 1.38112986374352e-10 5.07356017577540e-11 1.95582200202385e-11 7.8730736127186e-12 3.29565736776675e-12 1.42944493056514e-12 1.447872578085e-12
9 10 0 0.166082548868608 0.793873127646485 0.0378456001441167 0.00200460279623724 0.000169867810257992 2.03436922883448e-05 3.14405113662458e-06 5.90544873201448e-07 1.29419380715291e-07 3.2148961625768e-08 8.86183463024817e-09 2.66732572266476e-09 8.65747865390968e-10 3.00026051169931e-10 1.10127567720984e-10 4.25349002756185e-11 1.71921971348045e-11 7.23861460880835e-12 3.16241678437612e-12 3.27097984169218e-12
9 14 0 0 0.741031996372972 0.245016773084861 0.0130049365000877 0.000858151307255721 7.74757744647861e-05 9.07601025847529e-06 1.31003377584992e-06 2.23929047618612e-07 4.40030478890591e-08 9.71904281965943e-09 2.3712676688714e-09 6.30387535091488e-10 1.80609131262861e-10 5.52711463881895e-11 1.79342465293836e-11 6.13224582637484e-12 2.19810886138509e-12 8.22329717074702e-13 6.16658025748931e-13
9 15 0 0.905692640398414 0.0933959432198602 0.000884974534663913 2.49293968546083e-05 1.37770719076894e-06 1.18309690989804e-07 1.38831887167991e-08 2.05897964586437e-09 3.66672794202176e-10 7.56734184792438e-11 1.76386279851711e-11 4.55465358439348e-12 1.28364917596962e-12 3.90242138528411e-13 1.26769461520799e-13 4.36650025107617e-14 1.5845676627499e-14 6.02579861664945e-15 2.39038540962003e-15 2.02929374462659e-15
9 16 0 0 6.94787518101932e-06 0.10473490487092 0.392300067097167 0.287531730481559 0.130492864556368 0.0517198304882002 0.0199580817228086 0.00779902881314411 0.00313243751747812 0.00129982764548897 0.000557813331165254 0.000247365354314274 0.000113173845144324 5.3320892954092e-05 2.5820134293583e-05 1.28269065836158e-05 6.52572696541959e-06 3.3945102770786e-06 4.038229987402e-06
10 3 0 0 0.197272758953397 0.530899890054059 0.199761933670642 0.0526508962211354 0.0138016062855931 0.00385868183029276 0.00116423615199288 0.000377990110455895 0.000131197054648643 4.83454142533632e-05 1.87926215896289e-05 7.66238460060802e-06 3.26103596828774e-06 1.44252990309334e-06 6.60822654941629e-07 3.1250805147153e-07 1.52144927632338e-07 7.60725088202479e-08 1.04133325652353e-07
10 9 0 0.00167919721368374 0.427513633227162 0.395520500325914 0.125008162325572 0.0350253276507117 0.0102558128720135 0.00323287051165021 0.00109787992386692 0.000399210952754733 0.000154297494612444 6.29561374939295e-05 2.69531836550719e-05 1.20450795749417e-05 5.5936841564804e-06 2.68914474980934e-06 1.33392326765744e-06 6.80792449585729e-07 3.5661094619387e-07 1.91308871069633e-07 3.07636893556051e-07
10 11 0 0 0.99980356383037 0.000196211592243354 2.23050416903552e-07 1.52835255135721e-09 2.79810950099718e-11 9.6000686062047e-13 5.11647581929526e-14 3.7864302988266e-15 3.6173670665655e-16 4.24248882854048e-17 5.89054609467462e-18 9.42361210209674e-19 1.70117185195593e-19 3.40893813572257e-20 7.48358755915221e-21 1.78054945660112e-21 4.55083431046509e-22 1.24018707065656e-22 5.32376521380546e-23
10 13 0 0.169343658129265 0.674001589502645 0.134768623235882 0.0184109819888157 0.00282611924232738 0.000508843203694319 0.000105919232147844 2.49652379786585e-05 6.54028928077278e-06 1.87548953687123e-06 5.81444056876463e-07 1.92934255854458e-07 6.79586200265585e-08 2.52382289549189e-08 9.82618192351862e-09 3.99154874887613e-09 1.68483711121363e-09 7.36401291835007e-10 3.32274561761281e-10 3.63790696727383e-10
11 2 0 0.798992894841171 0.197935157545501 0.0029705872721664 9.53338040349695e-05 5.48856105109794e-06 4.73465083854769e-07 5.48286479651663e-08 7.94810573935443e-09 1.3760069386083e-09 2.75196847122422e-10 6.20488429176754e-11 1.54832650838751e-11 4.21492514159108e-12 1.23754480022622e-12 3.88302456834410e-13 1.29219752378156e-13 4.53211701518347e-14 1.66641706756042e-14 6.39467080401984e-15 5.06095358030523e-15
11 10 0 0 0.70815445545411 0.263115437434341 0.0251632983256312 0.00299299347724837 0.000460254269788401 8.71001400829262e-05 1.94321919385272e-05 4.95025598827123e-06 1.40628218614773e-06 4.37652204465486e-07 1.47181702846343e-07 5.29151597100561e-08 2.01639932260384e-08 8.0874345761693e-09 3.39455945218859e-09 1.48391305767733e-09 6.72861385274052e-10 3.15380480351167e-10 3.78834668157079e-10
11 12 0 0.956605574555975 0.0424546653340401 0.00089644481691573 3.99916687310356e-05 2.96019796087156e-06 3.11788151623058e-07 4.25891742776445e-08 7.10757686802087e-09 1.39142377626934e-09 3.10383788099922e-10 7.72140675649086e-11 2.10727248366975e-11 6.22866685443766e-12 1.97364259894785e-12 6.64854026496617e-13 2.36477282743096e-13 8.83020854832182e-14 3.44485873565291e-14 1.39830132577923e-14 1.23817675621236e-14
12 11 0 0.999999999987181 1.31279005111349e-11 6.94905869198341e-17 1.7673509138507e-20 2.9367726084939e-23 1.51366541563369e-25 1.6767953785898e-27 3.23680922095531e-29 9.54148264018458e-31 3.93008290253511e-32 2.12416879575649e-33 1.43852350926693e-34 1.17862212617094e-35 1.13693123384327e-36 1.26358370261569e-37 1.5899857419536e-38 2.23291836134374e-39 3.45830883294143e-40 5.84803711006595e-41 1.25269997761702e-41
12 23 0 0.24787991288713 0.637991203549476 0.0992117948529149 0.01257341623057 0.00190025075438349 0.000345299130411822 7.34091278146621e-05 1.7781262535252e-05 4.80300043875973e-06 1.42256764744085e-06 4.55897907209513e-07 1.56419770405604e-07 5.69671207861023e-08 2.18685122290192e-08 8.79734727576162e-09 3.690672667581e-09 1.60800999138528e-09 7.25053718718976e-10 3.37311019726663e-10 3.95635958637213e-10
13 10 0 0.993173999420617 0.00681963489493163 6.31880984040555e-06 4.58799406407312e-08 9.56812205531027e-10 3.81404910379484e-11 2.36859017231727e-12 2.03595777768441e-13 2.24698271272149e-14 3.02586761071054e-15 4.79454552875868e-16 8.70198833813991e-17 1.77238274718387e-17 3.98658834278418e-18 9.77672213378988e-19 2.58714801833769e-19 7.32432244186976e-20 2.20256448835634e-20 6.99335580335398e-21 3.89021406615772e-21
13 14 0 0.0508263529316238 0.821587011052659 0.115613324823717 0.010493471428677 0.00124461036667198 0.000189583250686036 3.52687103078842e-05 7.69575994695572e-06 1.91145389903219e-06 5.28477253015202e-07 1.59909266617865e-07 5.22630973857573e-08 1.82589488005789e-08 6.76212175420746e-09 2.63662933146986e-09 1.07625827428367e-09 4.577472907183e-10 2.02037839061639e-10 9.22244675466118e-11 1.04335516544993e-10
13 22 0 0.999999998653276 3.48596098287209e-10 1.81077206186125e-13 2.29887944138203e-15 9.75804495672267e-17 7.96929696781023e-18 9.87048071409734e-19 1.63485922584781e-19 3.35887407885433e-20 8.15256242341422e-21 2.26048634328568e-21 6.98916930888917e-22 2.36672477515109e-22 8.65720761426962e-23 3.38390253602129e-23 1.40123731220873e-23 6.10388753447753e-24 2.78090210131412e-24 1.3187088178346e-24 1.66760912850086e-24
14 9 0 0 0.915724868053237 0.0812853926340676 0.00279821050878853 0.000172661676815783 1.63412436119529e-05 2.10087054783219e-06 3.39634541768439e-07 6.5615627797346e-08 1.46244115041634e-08 3.66590790825834e-09 1.01408144313917e-09 3.05086858508141e-10 9.86871799122103e-11 3.40094834254024e-11 1.23935351632424e-11 4.74639019270653e-12 1.90046459249343e-12 7.92109204604955e-13 7.44627945266224e-13
14 13 0 0.139038997965412 0.809238651321779 0.0484932799132107 0.00291779077973292 0.000269689691512052 3.4511559719232e-05 5.62836047618265e-06 1.10624467363211e-06 2.52157115759172e-07 6.48516565524199e-08 1.84415982026528e-08 5.70969868295843e-09 1.90175167833334e-09 6.74958025548297e-10 2.53296244996258e-10 9.98745080887947e-11 4.11586295908318e-11 1.76488368413258e-11 7.84471471668882e-12 8.41218836051104e-12
14 18 0 0.984850950617692 0.0149391345781782 0.000202236163906913 7.17039321010826e-06 4.58214984490071e-07 4.347867269127e-08 5.48846739259501e-09 8.60757278179221e-10 1.6022088886103e-10 3.42764700544283e-11 8.23134572794566e-12 2.1796746270325e-12 6.27676766486009e-13 1.94411991060662e-13 6.41930372248693e-14 2.24314812210042e-14 8.24505469490082e-15 3.17156034960923e-15 1.27118005014255e-15 1.09985089694678e-15
14 21 0 0.98730955188647 0.0125838748359496 0.000104030181289105 2.42563443968772e-06 1.0851537456063e-07 7.54648380538718e-09 7.22682593815336e-10 8.83235280147576e-11 1.30911902044636e-11 2.26996210133332e-12 4.48445333383404e-13 9.89338706259646e-14 2.39967542080295e-14 6.32048499793166e-15 1.78971901960505e-15 5.40354834410743e-16 1.72764833694985e-16 5.81575564387031e-17 2.0511530639085e-17 1.37669412378368e-17
15 7 0 0.0258212900268628 0.832307058399093 0.130868721715867 0.00992100471863814 0.000944518760708633 0.00011583749795701 1.75490754349807e-05 3.15756573240032e-06 6.54355262710626e-07 1.52563138811383e-07 3.93009492100356e-08 1.10285168429758e-08 3.33339480499364e-09 1.07533216269917e-09 3.67474244900684e-10 1.32200051102533e-10 4.98058517030383e-11 1.95632092574959e-11 7.98094717516525e-12 7.10459404733876e-12
15 9 0 0.589215598536999 0.398779276093896 0.0115199308557004 0.000454184905902914 2.81923179204324e-05 2.48273150426286e-06 2.85590964134408e-07 4.05059051229756e-08 6.80025709808932e-09 1.31173833875933e-09 2.84309207092589e-10 6.80603635310969e-11 1.77535167889654e-11 4.99173126359542e-12 1.49952995306739e-12 4.77773403250279e-13 1.60470378660636e-13 5.65231001222883e-14 2.07871517208022e-14 1.50579018615279e-14
15 16 0.969970239706157 0.030028588184907 1.16969765268953e-06 2.18368170357799e-09 2.02180365654953e-11 4.58293654294053e-13 1.85761636550011e-14 1.13649480740754e-15 9.46987308328047e-17 1.00460198861259e-17 1.29467818340186e-18 1.9591876053363e-19 3.39348903324023e-20 6.59653129995937e-21 1.41686937833587e-21 3.32091064874436e-22 8.40733612733738e-23 2.27957966583767e-23 6.57296051294383e-24 2.00337452639995e-24 1.03393386415504e-24
15 17 0 0.997905854813047 0.00208948703112808 4.61421926814087e-06 4.29558046510787e-08 9.40201778327961e-10 3.62234921212599e-11 2.09140689280942e-12 1.63898567407809e-13 1.63282845701831e-14 1.97531968704329e-15 2.80646134484819e-16 4.56639096417337e-17 8.34481450856466e-18 1.68652301334471e-18 3.72305886017206e-19 8.88620787111563e-20 2.27388911832033e-20 6.19401677315927e-21 1.78527695636157e-21 8.32507986760949e-22
16 9 0 0 2.75830179849065e-05 0.158493177010287 0.429869802911966 0.253801506379054 0.100448986910107 0.0362555568855601 0.0130687313507667 0.00484849023908954 0.00186944195899861 0.000750632324865116 0.000313551451466733 0.000135958213596571 6.10387491833814e-05 2.83001821560877e-05 1.35173782333535e-05 6.63640249251327e-06 3.34206401520989e-06 1.72317110995667e-06 2.02339906756884e-06
16 15 0.884932727223279 0.115060608494707 6.65439614471775e-06 9.04895686479941e-09 5.8840664451934e-11 9.53702451029108e-13 2.83275723831021e-14 1.2997139710105e-15 8.2889468401934e-17 6.85030260023398e-18 6.98425898909115e-19 8.47462541378232e-20 1.19103042880911e-20 1.89840433619216e-21 3.37502307583338e-22 6.60302364687596e-23 1.40603563870269e-23 3.22891573322844e-24 7.93556184163343e-25 2.07356110666923e-25 8.21856001919468e-26
16 18 0.99999856953304 1.43023589523619e-06 9.65120542999545e-16 9.860165211024e-21 2.65052538925708e-24 4.00120566891164e-27 1.78540861325483e-29 1.6871979065685e-31 2.77273893931145e-33 6.98090856220487e-35 2.46903296972541e-36 1.15291745063464e-37 6.78764848275982e-39 4.86413237793291e-40 4.1276001885135e-41 4.05743471706341e-42 4.53857537181613e-43 5.69273025938943e-44 7.90919613435709e-45 1.20466420733048e-45 2.26059875326966e-46
17 6 0.187810216703942 0.779698146357376 0.0308922693760696 0.00146860889282028 0.000115369945269562 1.3027346403974e-05 1.91821688623688e-06 3.45733758972873e-07 7.30850694589182e-08 1.75817671344564e-08 4.70814193148423e-09 1.38019214708241e-09 4.37230552401337e-10 1.48152125156143e-10 5.3252167222294e-11 2.0167528323626e-11 8.00214889796748e-12 3.31086782709919e-12 1.42269213038057e-12 6.32726472306832e-13 6.75977255028808e-13
17 15 0 0.725665387274275 0.249525699995307 0.0219262116224589 0.00244334786948641 0.00035630433110201 6.4457511367923e-05 1.38259629276068e-05 3.40088457346762e-06 9.36035581493171e-07 2.8299984281464e-07 9.26666835842835e-08 3.25000010857324e-08 1.21008124392003e-08 4.74887151320857e-09 1.95270107517079e-09 8.37148581109028e-10 3.72631079625428e-10 1.71601936937423e-10 8.15090439749596e-11 1.00264426452478e-10
17 19 0 0.888952574207362 0.110378534883952 0.000657041486203525 1.14107896937e-05 4.12030347586497e-07 2.43058087754342e-08 2.03831820969623e-09 2.22944448884048e-10 3.00387563159871e-11 4.79063990123343e-12 8.78421734080432e-13 1.81176279223754e-13 4.13268960157982e-14 1.02867925319226e-14 2.76410943718699e-15 7.94731976344344e-16 2.42711804996203e-16 7.82510573366817e-17 2.64939981680051e-17 1.64801794674582e-17
18 14 0 0.921938562227791 0.0756876502930058 0.00224051418769089 0.000121543321038346 1.03066081925407e-05 1.20390649227492e-06 1.78711210418147e-07 3.19649588039296e-08 6.63973788924498e-09 1.55965922888227e-09 4.06149335571898e-10 1.15477514971515e-10 3.54210657196797e-11 1.16093825415732e-11 4.03406765381591e-12 1.47657834374302e-12 5.662391538974e-13 2.26457130473044e-13 9.4084310020201e-14 8.72605543578672e-14
18 16 0.483157164617218 0.515364838289678 0.00146399806677158 1.365510303369e-05 3.2839431900605e-07 1.44670900021052e-08 9.69574442444174e-10 8.85576744344697e-11 1.02720536096359e-11 1.44194844660652e-12 2.36665172996296e-13 4.42690225969063e-14 9.25446326276442e-15 2.12928487963319e-15 5.32633647648464e-16 1.43420433289111e-16 4.1229960252204e-17 1.25676107277985e-17 4.03841809439507e-18 1.36125395680525e-18 8.36755058880418e-19
18 19 0 0.186102281537452 0.63857845510022 0.144565580374916 0.0246198051089218 0.00471534105981123 0.00104502800796273 0.000263794935693816 7.43762272792996e-05 2.30286005766532e-05 7.72294000370959e-06 2.77439000603718e-06 1.058117183743e-06 4.25313319456035e-07 1.79092146408381e-07 7.86058693652271e-08 3.58102301526291e-08 1.68721803311461e-08 8.1961188804459e-09 4.09412578195315e-09 5.61598196462776e-09
19 17 0 0.125557172601148 0.703167345007501 0.1498245752922 0.018501870376138 0.00247458709477023 0.000385873571042146 6.97511751959311e-05 1.43534322941814e-05 3.30277184692807e-06 8.36856519451587e-07 2.30543208174155e-07 6.83343803465225e-08 2.16051840798125e-08 7.23408468749946e-09 2.54971933278448e-09 9.41157297647416e-10 3.62239177099848e-10 1.44830057071637e-10 5.99564803772808e-11 5.45869007737371e-11
19 18 0 0.326085895222453 0.605668067754832 0.0617493338894495 0.00570268766351017 0.000672084357888537 9.93780725127479e-05 1.77013376153006e-05 3.66984687491434e-06 8.62432178866425e-07 2.25133119029055e-07 6.42644082388721e-08 1.98126499170618e-08 6.5320389466108e-09 2.284473959806e-09 8.41912186870003e-10 3.25147309613328e-10 1.3097630730408e-10 5.48115525915944e-11 2.37481335318964e-11 2.3931136071647e-11
19 20 0 0 0.75270548547894 0.228242109035107 0.0171091633671566 0.00167755682521387 0.000219941974632859 3.6311294710522e-05 7.18597206482425e-06 1.64448417307945e-06 4.23886467918718e-07 1.2067021858939e-07 3.73713016639783e-08 1.24435458209912e-08 4.41300692082755e-09 1.65423899028081e-09 6.51343931624167e-10 2.67978635253073e-10 1.14697450024802e-10 5.08793915011487e-11 5.42772742213349e-11
19 21 0 0.791708634882104 0.208236240984587 5.49541111461328e-05 1.67950054015219e-07 1.93006925676335e-09 4.88014525036554e-11 2.0929807992476e-12 1.31501742266948e-13 1.10481802582257e-14 1.16770877367339e-15 1.48724206259188e-16 2.21169732088344e-17 3.74959418451591e-18 7.11355521552656e-19 1.48807042264517e-19 3.39165563593617e-20 8.34056817843812e-21 2.19499617589927e-21 6.13966961642969e-22 2.74074931576866e-22
20 19 0 0 0.899437238316784 0.0968446439825038 0.00348073277246824 0.000214372592264796 1.9993979058873e-05 2.52155364789177e-06 3.99215190780245e-07 7.54966245929341e-08 1.64727055323815e-08 4.04381979889251e-09 1.09602210483096e-09 3.23253021774724e-10 1.02564271843004e-10 3.46891504160476e-11 1.24131685301289e-11 4.6705858899163e-12 1.83825100508591e-12 7.53482947188498e-13 6.83586106500665e-13
20 21 0.408734691542731 0.58621963853302 0.00493971875752975 0.000101144363192677 4.44749712382682e-06 3.21267640803311e-07 3.28323557279117e-08 4.34031922199406e-09 7.00433154837591e-10 1.32608656864451e-10 2.86242902890383e-11 6.89635042415622e-12 1.82450754090898e-12 5.23306177904903e-13 1.61064356983923e-13 5.27536199124452e-14 1.82608174704925e-14 6.64199483352884e-15 2.52620595712999e-15 1.00051064623981e-15 8.41861534836762e-16
20 23 0 0.726377101586432 0.250626325637736 0.0205244097141304 0.00212144835742981 0.000288605040759018 4.90091215782086e-05 9.92120437879738e-06 2.3137192486244e-06 6.06094940518844e-07 1.74984005132885e-07 5.4870252854279e-08 1.84746408827019e-08 6.61811804315243e-09 2.50367755809113e-09 9.94128896050968e-10 4.12195964633555e-10 1.77699176299217e-10 7.93577340211284e-11 3.65966496397553e-11 4.21808989539729e-11
21 14 0 0.931452439636249 0.0666969422644457 0.00175517828609491 8.7582601462418e-05 6.95525143899072e-06 7.69370922611071e-07 1.08982937740469e-07 1.87058059944778e-08 3.74469033725228e-09 8.50630512301687e-10 2.14809526734979e-10 5.93649331935624e-11 1.77342647286274e-11 5.67040054846184e-12 1.92503712562528e-12 6.8929378066742e-13 2.58878763902424e-13 1.01502019555982e-13 4.13805879456134e-14 3.69173728986447e-14
21 19 0 0.528816005488464 0.469681195642225 0.00148510971569533 1.71602720156873e-05 5.00473039310102e-07 2.61379935805821e-08 2.03896922848889e-09 2.13621204046835e-10 2.80883317432913e-11 4.42621055259455e-12 8.08863143180423e-13 1.67289904321957e-13 3.84357236471457e-14 9.66826453810283e-15 2.6318524355024e-15 7.68020243586369e-16 2.38396807116383e-16 7.82025788731953e-17 2.69618743247876e-17 1.7432363912707e-17
21 20 0.707247927145806 0.29264428003119 0.000107464111306166 3.25187473153488e-07 3.53554457420117e-09 8.37269491718483e-11 3.35882517808665e-12 1.97689263602439e-13 1.55956371999433e-14 1.55181504914209e-15 1.86552304187235e-16 2.62496398008693e-17 4.22041937687106e-18 7.60946507606815e-19 1.51579225757635e-19 3.29582944467322e-20 7.74487324749508e-21 1.95071373904553e-21 5.22965393034021e-22 1.48345276497056e-22 6.72007469606025e-23
21 22 0 0.999999999999999 3.65069785115212e-74 1.21541981561839e-124 1.09328884960079e-155 1.03813558659312e-178 3.2604278814816e-197 8.8653654015714e-213 2.88102194376041e-226 3.35424977927311e-238 6.34114413883601e-249 1.12357522866593e-258 1.25309390654358e-267 6.52786102525911e-276 1.26256702555862e-283 7.56745683229411e-291 1.21592550690925e-297 4.65390728671421e-304 3.84840401081575e-310 6.33620515109986e-316 1.89227142357197e-321
22 13 0 0.521292453976603 0.454853565655632 0.0223561109081056 0.00136035183216254 0.000120512471430671 1.43612475701217e-05 2.15174236231294e-06 3.86242149879996e-07 8.02392332763734e-08 1.88081259664999e-08 4.87997672751481e-09 1.38093660471798e-09 4.21247430135794e-10 1.37222950735443e-10 4.73705151228461e-11 1.72194814455312e-11 6.55613783354826e-12 2.60274286395422e-12 1.07322968071545e-12 9.78387756967071e-13
22 21 0 0.503902168695848 0.476493082625572 0.0186839018482841 0.000856219760516386 5.83576477414186e-05 5.48730606476582e-06 6.63074768901278e-07 9.77594389792235e-08 1.69366637005892e-08 3.35361031070955e-09 7.43159088789717e-10 1.81325364592229e-10 4.80888829585323e-11 1.37193032483155e-11 4.17478013717637e-12 1.34552789810055e-12 4.56609573732237e-13 1.6233661107044e-13 6.02069503566274e-14 4.42737751699227e-14
22 23 0.513730782520387 0.484775956968593 0.00147691007692632 1.58923955650744e-05 4.34815180117171e-07 2.14662252882595e-08 1.5925992150409e-09 1.59463348415797e-10 2.01171494890017e-11 3.05140345233997e-12 5.38203167559671e-13 1.07682851660641e-13 2.39818197316916e-14 5.85761064679532e-15 1.55068481781684e-15 4.40672457802311e-16 1.33368838217208e-16 4.27034500308314e-17 1.43850923092187e-17 5.07377956320539e-18 3.39995454201791e-18
23 12 0 0.982796575094721 0.0171697674878429 3.32760888516039e-05 3.69787634397668e-07 1.04585917107555e-08 5.29622502145061e-10 4.00952107171468e-11 4.08323325618313e-12 5.22826230060019e-13 8.03768192112722e-14 1.43547426888977e-14 2.90608671926687e-15 6.54528337493709e-16 1.61612168603935e-16 4.32357332488702e-17 1.24132237199396e-17 3.79467198639915e-18 1.2270132649841e-18 4.17340636643142e-19 2.6319319491998e-19
23 20 0 0.917536551367934 0.0794732285734356 0.0027935372889704 0.000176815069879592 1.71454017371825e-05 2.25429943798971e-06 3.72070783812604e-07 7.32766187671119e-08 1.66269536763955e-08 4.23837925230015e-09 1.19109422143949e-09 3.63726634836508e-10 1.19332115644131e-10 4.1681617997923e-11 1.53858383087325e-11 5.96527262017802e-12 2.41684759088751e-12 1.01882150329766e-12 4.4521653549585e-13 4.5936228207612e-13
23 22 0.252233581175481 0.739337742094912 0.008283613502841 0.000139907988481839 4.85203524227757e-06 2.77601789690316e-07 2.27635918470546e-08 2.44834882140228e-09 3.25648506147678e-10 5.14077188496398e-11 9.34863818375814e-12 1.91502308750799e-12 4.34303658676755e-13 1.07566908269305e-13 2.8778090184866e-14 8.24226590479819e-15 2.50843676626716e-15 8.06162292052165e-16 2.72149623209347e-16 9.6071192620961e-17 6.42435896779738e-17
