grid3 sta 30 20 gam low 1 1000 800 5 100 95 0.172809 0.746663 1.21 1.177 2 1.36347 1.177 2
grid3 sta 30 20 gam low 2 1000 800 5 100 95 0.142405 0.686422 1.21 1.11 3 1.29684 1.11 3
grid3 sta 30 20 gam low 3 1000 800 5 100 95 0.141405 0.656221 1.17 1.196 3 1.32704 1.196 3
grid3 sta 30 20 gam med 1 1000 800 5 100 95 0.142405 0.686422 1.17 1.205 3 1.24904 1.205 3
grid3 sta 30 20 gam med 3 1000 800 5 100 95 0.175007 0.670821 1.33 1.319 4 1.41965 1.319 4
grid3 sta 30 20 log low 1 1000 800 5 100 95 0.141404 0.749824 1.21 1.21 2 1.33345 1.21 2
grid3 sta 30 20 log low 2 1000 800 5 100 95 0.157005 0.63962 1.21 1.245 3 1.31144 1.245 3
grid3 sta 30 20 log low 3 1000 800 5 100 95 0.142404 0.608419 1.25 1.182 2 1.40405 1.182 2
grid3 sta 30 20 log med 2 1000 800 5 100 95 0.159005 0.765425 1.21 1.326 3 1.40805 1.326 3
grid3 sta 30 20 log med 3 1000 800 5 100 95 0.173605 0.655221 1.25 1.215 2 1.32804 1.215 2
grid3 sta 30 20 log hig 1 1000 800 5 100 95 0.250608 0.921429 1.63 1.312 3 1.45285 1.312 3
grid3 sta 30 20 log hig 2 1000 800 5 100 95 0.281809 1.07844 1.75 1.454 3 1.56205 1.454 3
grid3 sta 10 60 gam low 1 1000 800 5 100 95 0.165006 1.17504 1.29 1.1 3 2.45428 1.1 3
grid3 sta 10 60 gam low 2 1000 800 5 100 95 0.190207 1.15844 1.29 1.089 2 2.52168 1.089 2
grid3 sta 10 60 gam low 3 1000 800 5 100 95 0.142405 1.09204 1.25 1.024 2 2.23387 1.024 2
grid3 sta 10 60 gam med 1 1000 800 5 100 95 0.188206 1.31144 1.38 1.157 3 2.32447 1.157 3
grid3 sta 10 60 gam med 2 1000 800 5 100 95 0.203807 1.29584 1.38 1.15 2 2.37628 1.15 2
grid3 sta 10 60 gam med 3 1000 800 5 100 95 0.203806 1.40405 1.33 1.158 2 2.38788 1.158 2
grid3 sta 10 60 gam hig 1 1000 800 5 100 95 0.176007 1.42064 1.29 1.318 3 2.51268 1.341 3
grid3 sta 10 60 log low 1 1000 800 5 100 95 0.172606 1.28224 1.29 1.09 2 2.23487 1.09 2
grid3 sta 10 60 log low 2 1000 800 5 100 95 0.219407 1.37684 1.5 1.233 3 2.24947 1.233 3
grid3 sta 10 60 log low 3 1000 800 5 100 95 0.141404 1.18564 1.29 1.15 2 2.24747 1.15 2
grid3 sta 10 60 log med 1 1000 800 5 100 95 0.188206 1.31244 1.29 1.257 3 2.56748 1.257 3
grid3 sta 10 60 log med 2 1000 800 5 100 95 0.250608 1.61887 1.5 1.272 3 2.43368 1.272 3
grid3 sta 10 60 log med 3 1000 800 5 100 95 0.188206 1.38945 1.33 1.261 2 2.45048 1.261 2
grid3 sta 10 60 log hig 1 1000 800 5 100 95 0.261609 1.42565 1.42 1.343 3 2.51368 1.343 3
grid3 sta 5 120 gam low 1 1000 800 5 100 95 0.189206 2.81507 1.29 1.159 2 6.64046 1.159 2
grid3 sta 5 120 gam low 2 1000 800 5 100 95 0.203804 3.02646 1.42 1.219 2 5.2145 1.219 2
grid3 sta 5 120 gam low 3 1000 800 5 100 95 0.186407 2.79815 1.38 1.06 2 5.65331 1.06 2
grid3 sta 5 120 gam med 1 1000 800 5 100 95 0.188204 3.08232 1.38 1.199 3 5.58931 1.199 3
grid3 sta 5 120 gam med 2 1000 800 5 100 95 0.159004 3.01286 1.29 1.18 2 5.63751 1.18 2
grid3 sta 5 120 gam med 3 1000 800 5 100 95 0.158405 2.96806 1.25 1.223 3 5.69711 1.223 3
grid3 sta 5 120 gam hig 1 1000 800 5 100 95 0.203804 3.41647 1.38 1.265 3 5.74419 1.265 3
grid3 sta 5 120 gam hig 2 1000 800 5 100 95 0.223819 3.67147 1.42 1.266 3 5.57826 1.266 3
grid3 sta 5 120 gam hig 3 1000 800 5 100 95 0.204804 3.52967 1.33 1.375 4 5.99752 1.391 4
grid3 sta 5 120 log low 1 1000 800 5 100 95 0.173604 2.88146 1.29 1.095 2 5.1213 1.095 2
grid3 sta 5 120 log low 2 1000 800 5 100 95 0.157003 2.63845 1.29 1.096 2 5.57495 1.096 2
grid3 sta 5 120 log low 3 1000 800 5 100 95 0.172603 2.77685 1.29 1.137 2 5.4631 1.137 2
grid3 sta 5 120 log med 1 1000 800 5 100 95 0.204805 3.48187 1.42 1.194 3 5.65731 1.194 3
grid3 sta 5 120 log med 2 1000 800 5 100 95 0.235005 4.25652 1.42 1.364 4 5.3765 1.364 4
grid3 sta 5 120 log med 3 1000 800 5 100 95 0.203804 3.32786 1.38 1.248 2 5.2321 1.27 2
grid3 sta 5 120 log hig 1 1000 800 5 100 95 0.266205 4.05908 1.5 1.269 3 5.3901 1.269 3
grid3 sta 5 120 log hig 2 1000 800 5 100 95 0.219405 4.14295 1.46 1.34 3 5.74491 1.34 3
grid3 sta 5 120 log hig 3 1000 800 5 100 95 0.250605 4.14008 1.5 1.217 3 5.3745 1.217 3
grid3 sta 1 600 gam low 1 1000 800 5 100 95 0.453405 48.9678 1.13 1.032 2 106.478 1.032 2
grid3 sta 1 600 gam low 2 1000 800 5 100 95 0.547007 50.5962 1.29 1.11 2 119.157 1.11 2
grid3 sta 1 600 gam low 3 1000 800 5 100 95 0.674067 52.7445 1.38 1.112 2 117.185 1.112 2
grid3 sta 1 600 gam med 1 1000 800 5 100 95 0.570056 56.0964 1.38 1.228 3 106.411 1.228 3
grid3 sta 1 600 gam med 2 1000 800 5 100 95 0.529851 58.5326 1.33 1.275 3 103.588 1.275 3
grid3 sta 1 600 gam med 3 1000 800 5 100 95 0.51782 58.6211 1.33 1.208 2 97.001 1.208 2
grid3 sta 1 600 gam hig 1 1000 800 5 100 95 0.593618 66.6974 1.29 1.205 2 94.435 1.205 2
grid3 sta 1 600 gam hig 2 1000 800 5 100 95 0.595815 58.8806 1.29 1.194 3 95.8003 1.194 3
grid3 sta 1 600 gam hig 3 1000 800 5 100 95 0.662213 75.3285 1.38 1.312 3 97.0492 1.312 3
grid3 sta 1 600 log low 1 1000 800 5 100 95 0.4518 49.2288 1.29 1.096 2 94.632 1.096 2
grid3 sta 1 600 log low 2 1000 800 5 100 95 0.484603 47.337 1.38 1.072 2 93.8672 1.072 2
grid3 sta 1 600 log low 3 1000 800 5 100 95 0.493021 50.8716 1.38 1.057 2 98.6913 1.057 2
grid3 sta 1 600 log med 1 1000 800 5 100 95 0.501207 48.0117 1.33 1.35 3 97.3147 1.35 3
grid3 sta 1 600 log med 2 1000 800 5 100 95 0.482007 60.6489 1.29 1.226 2 96.3676 1.226 2
grid3 sta 1 600 log med 3 1000 800 5 100 95 0.503609 58.3061 1.29 1.242 3 95.0494 1.242 3
grid3 sta 1 600 log hig 1 1000 800 5 100 95 0.775266 72.0727 1.58 1.267 3 102.187 1.267 3
grid3 sta 1 600 log hig 2 1000 800 5 100 95 0.942437 99.8382 1.71 1.341 3 101.556 1.341 3
grid3 sta 1 600 log hig 3 1000 800 5 100 95 1.0701 75.4964 1.58 1.341 2 97.9708 1.341 2
grid5 sta 60 20 gam low 1 1000 800 5 100 95 4.84893 2.24286 1.53 1.442 3 10.9371 1.442 3
grid5 sta 60 20 log low 1 1000 800 5 100 95 5.22952 2.29623 1.48 1.424 3 10.4958 1.424 3
grid5 sta 60 20 log low 2 1000 800 5 100 95 5.44754 1.91219 1.43 1.439 3 11.2209 1.452 3
grid5 sta 60 20 log low 3 1000 800 5 100 95 5.50349 2.41715 1.48 1.492 3 12.1051 1.492 3
grid5 sta 60 20 log med 1 1000 800 5 100 95 6.74367 2.73727 1.55 1.672 4 12.8413 1.672 4
grid5 sta 60 20 log med 2 1000 800 5 100 95 6.78668 3.15332 1.51 1.575 4 12.8773 1.577 4
grid5 sta 60 20 log hig 2 1000 800 5 100 95 6.58666 3.50935 1.51 1.822 5 13.9474 1.815 6
grid5 sta 20 60 gam low 1 1000 800 5 100 95 5.5954 4.43144 1.55 1.175 3 16.6454 1.175 3
grid5 sta 20 60 gam low 2 1000 800 5 100 95 5.36054 3.19232 1.54 1.171 2 17.6258 1.171 2
grid5 sta 20 60 gam low 3 1000 800 5 100 95 5.07351 3.25833 1.51 1.207 4 19.611 1.207 4
grid5 sta 20 60 log low 1 1000 800 5 100 95 5.35854 3.44534 1.49 1.259 3 17.6588 1.259 3
grid5 sta 20 60 log low 2 1000 800 5 100 95 5.4857 4.20045 1.58 1.213 3 17.2562 1.216 3
grid5 sta 20 60 log low 3 1000 800 5 100 95 6.40418 3.82437 1.59 1.283 3 15.2765 1.283 3
grid5 sta 20 60 log med 1 1000 800 5 100 95 5.84148 4.51746 1.6 1.385 4 16.0978 1.385 4
grid5 sta 20 60 log med 2 1000 800 5 100 95 5.65627 4.56926 1.54 1.437 4 17.2456 1.437 4
grid5 sta 20 60 log med 3 1000 800 5 100 95 7.52491 4.64526 1.66 1.509 4 17.1766 1.509 4
grid5 sta 20 60 log hig 2 1000 800 5 100 95 7.57236 5.0476 1.73 1.665 6 20.7691 1.665 6
grid5 sta 10 120 gam low 1 1000 800 5 100 95 4.84435 7.20026 1.54 1.189 4 41.9785 1.189 4
grid5 sta 10 120 gam low 2 1000 800 5 100 95 4.98627 7.9005 1.56 1.126 2 42.7891 1.126 2
grid5 sta 10 120 gam low 3 1000 800 5 100 95 5.38247 7.8844 1.6 1.133 3 41.44 1.133 3
grid5 sta 10 120 gam med 3 1000 800 5 100 95 6.71929 10.6065 1.61 1.333 4 38.7671 1.333 4
grid5 sta 10 120 log low 1 1000 800 5 100 95 5.32867 10.2255 1.43 1.193 3 36.3829 1.193 3
grid5 sta 10 120 log low 2 1000 800 5 100 95 5.34727 8.22931 1.58 1.218 3 35.5749 1.218 3
grid5 sta 10 120 log low 3 1000 800 5 100 95 7.05069 9.62113 1.68 1.278 4 34.8937 1.278 4
grid5 sta 10 120 log med 2 1000 800 5 100 95 8.44631 19.0492 1.69 1.423 5 40.0037 1.423 5
grid5 sta 10 120 log med 3 1000 800 5 100 95 7.3563 14.1852 1.6 1.346 4 38.2305 1.346 4
grid5 sta 10 120 log hig 1 1000 800 5 100 95 11.9352 18.6301 2.01 1.794 6 47.3073 1.797 6
grid5 sta 10 120 log hig 2 1000 800 5 100 95 11.1251 25.1151 2.04 1.679 4 44.6589 1.677 4
grid5 sta 10 120 log hig 3 1000 800 5 100 95 8.45711 15.5856 1.75 1.461 4 43.6819 1.461 4
grid5 sta 2 600 gam low 1 1000 800 5 100 95 9.42974 142.669 1.56 1.16 3 778.595 1.16 3
grid5 sta 2 600 gam low 2 1000 800 5 100 95 8.51217 130.549 1.64 1.187 3 707.68 1.187 3
grid5 sta 2 600 gam low 3 1000 800 5 100 95 9.03392 138.983 1.61 1.234 3 799.087 1.234 3
grid5 sta 2 600 gam med 1 1000 800 5 100 95 10.4551 223.495 1.58 1.286 3 660.391 1.286 3
grid5 sta 2 600 gam med 2 1000 800 5 100 95 9.10492 198.029 1.58 1.362 5 700.139 1.368 5
grid5 sta 2 600 gam med 3 1000 800 5 100 95 11.2305 278.079 1.68 1.358 4 662.5 1.388 4
grid5 sta 2 600 gam hig 1 1000 800 5 100 95 10.9972 275.779 1.64 1.395 5 761.848 1.395 5
grid5 sta 2 600 gam hig 2 1000 800 5 100 95 9.90759 273.953 1.63 1.583 4 737.765 1.583 4
grid5 sta 2 600 gam hig 3 1000 800 5 100 95 9.71426 312.415 1.61 1.442 5 678.813 1.443 5
grid5 sta 2 600 log low 1 1000 800 5 100 95 8.0099 158.412 1.54 1.218 3 632.675 1.218 3
grid5 sta 2 600 log low 2 1000 800 5 100 95 7.5926 166.138 1.56 1.193 3 588.109 1.193 3
grid5 sta 2 600 log low 3 1000 800 5 100 95 9.14128 136.965 1.7 1.255 4 666.932 1.255 4
grid5 sta 2 600 log med 1 1000 800 5 100 95 10.5223 281.786 1.64 1.497 4 723.828 1.497 4
grid5 sta 2 600 log med 2 1000 800 5 100 95 10.0974 266.764 1.64 1.414 4 718.572 1.415 4
grid5 sta 2 600 log med 3 1000 800 5 100 95 9.80936 276.763 1.59 1.344 4 666.729 1.35 4
grid5 sta 2 600 log hig 1 1000 800 5 100 95 15.7808 467.771 2 1.642 4 816.626 1.643 4
grid5 sta 2 600 log hig 2 1000 800 5 100 95 12.1703 340.799 1.9 1.542 5 779.981 1.542 5
grid5 sta 2 600 log hig 3 1000 800 5 100 95 14.1824 352.32 1.93 1.596 5 822.045 1.599 5
grid10 sta 90 20 nor low 1 1000 800 5 100 95 263.291 5.98347 1.57 1.117 2 114.976 1.111 3
grid10 sta 90 20 nor low 2 1000 800 5 100 95 204.976 3.43563 1.41 1.138 2 106.87 1.145 2
grid10 sta 90 20 nor low 3 1000 800 5 100 95 220.175 3.79708 1.39 1.089 2 96.5649 1.089 2
grid10 sta 90 20 log low 1 1000 800 5 100 95 260.204 6.66547 1.5 1.08 2 138.354 1.081 2
grid10 sta 90 20 log low 3 1000 800 5 100 95 231.416 3.97709 1.41 1.048 2 124.029 1.051 4
grid10 sta 30 60 gam low 2 1000 800 5 100 95 306.682 12.8893 1.81 1.335 4 191.503 1.335 4
grid10 sta 30 60 log low 1 1000 800 5 100 95 237.983 12.6702 1.71 1.297 4 155.426 1.299 4
grid10 sta 30 60 log low 2 1000 800 5 100 95 291.979 13.1996 1.85 1.389 4 159.701 1.39 4
grid10 sta 30 60 log low 3 1000 800 5 100 95 332.654 18.1016 1.86 1.413 4 157.99 1.412 4
grid10 sta 30 60 log med 2 1000 800 5 100 95 484.567 27.5384 1.96 1.626 5 201.444 1.628 5
grid10 sta 30 60 log med 3 1000 800 5 100 95 488.094 21.8847 1.93 1.631 5 175.59 1.645 5
grid10 sta 30 60 log hig 3 1000 800 5 100 95 745.812 47.2186 2.31 2.075 6 224.333 2.101 7
grid10 sta 15 120 gam low 1 1000 800 5 100 95 251.192 34.2923 1.72 1.28 3 367.813 1.28 3
grid10 sta 15 120 gam low 2 1000 800 5 100 95 298.39 36.5813 1.86 1.33 4 369.302 1.354 9
