grid3 sta 20 30 gam low 1 1000 800 5 100 95 0.172005 1.33 0.712029 1.154 2 1.34503 1.154 2
grid3 sta 20 30 gam low 2 1000 800 5 100 95 0.141003 1.29 0.834019 1.077 2 1.20402 1.077 2
grid3 sta 20 30 gam low 3 1000 800 5 100 95 0.192004 1.42 0.697016 1.109 3 1.49403 1.109 3
grid3 sta 20 30 gam med 1 1000 800 5 100 95 0.151004 1.29 0.833016 1.138 2 1.32103 1.138 2
grid3 sta 20 30 gam med 2 1000 800 5 100 95 0.151003 1.29 0.91902 1.146 2 1.23303 1.146 2
grid3 sta 20 30 gam med 3 1000 800 5 100 95 0.195004 1.29 0.794022 1.212 3 1.15803 1.212 3
grid3 sta 20 30 gam hig 1 1000 800 5 100 95 0.154005 1.29 0.757017 1.165 2 1.39403 1.165 2
grid3 sta 20 30 gam hig 2 1000 800 5 100 95 0.164008 1.29 0.712057 1.175 2 1.28911 1.175 2
grid3 sta 20 30 gam hig 3 1000 800 5 100 95 0.20402 1.33 0.74905 1.316 3 1.2121 1.316 3
grid3 sta 20 30 nor low 1 1000 800 5 100 95 0.153016 1.29 0.671065 1.127 2 1.19912 1.127 2
grid3 sta 20 30 nor low 2 1000 800 5 100 95 0.141002 1.29 0.693014 1.106 2 1.32003 1.106 2
grid3 sta 20 30 nor low 3 1000 800 5 100 95 0.171004 1.42 0.894019 1.156 3 1.27203 1.156 3
grid3 sta 20 30 nor med 1 1000 800 5 100 95 0.162004 1.29 0.642013 1.163 2 1.43503 1.163 2
grid3 sta 20 30 nor med 2 1000 800 5 100 95 0.151003 1.29 0.752016 1.126 2 1.35203 1.126 2
grid3 sta 20 30 nor med 3 1000 800 5 100 95 0.183008 1.33 0.711016 1.158 3 1.46803 1.158 3
grid3 sta 20 30 nor hig 1 1000 800 5 100 95 0.161004 1.29 0.810016 1.133 2 1.45203 1.133 2
grid3 sta 20 30 nor hig 2 1000 800 5 100 95 0.193004 1.29 0.656016 1.135 2 1.23403 1.135 2
grid3 sta 20 30 nor hig 3 1000 800 5 100 95 0.211005 1.42 0.819017 1.199 3 1.22803 1.199 3
grid3 sta 20 30 log low 1 1000 800 5 100 95 0.172004 1.33 0.622013 1.154 2 1.28903 1.154 2
grid3 sta 20 30 log low 2 1000 800 5 100 95 0.141003 1.29 0.725015 1.085 2 1.18203 1.085 2
grid3 sta 20 30 log low 3 1000 800 5 100 95 0.182004 1.25 0.727016 1.116 2 1.43303 1.116 2
grid3 sta 20 30 log med 1 1000 800 5 100 95 0.172004 1.33 0.664014 1.139 2 1.49803 1.139 2
grid3 sta 20 30 log med 2 1000 800 5 100 95 0.171004 1.38 0.766017 1.179 2 1.60203 1.179 2
grid3 sta 20 30 log med 3 1000 800 5 100 95 0.191004 1.33 0.746016 1.305 3 1.36303 1.305 3
grid3 sta 20 30 log hig 1 1000 800 5 100 95 0.168005 1.33 0.828019 1.229 2 1.44604 1.229 2
grid3 sta 20 30 log hig 2 1000 800 5 100 95 0.201004 1.38 0.875018 1.232 2 1.30503 1.232 2
grid3 sta 20 30 log hig 3 1000 800 5 100 95 0.201005 1.42 0.904019 1.403 3 1.32403 1.403 3
grid3 sta 60 10 gam low 1 1000 800 5 100 95 0.171004 1.29 1.14202 1.085 2 2.37305 1.085 2
grid3 sta 60 10 gam low 2 1000 800 5 100 95 0.165007 1.29 1.15903 1.072 2 2.55305 1.072 2
grid3 sta 60 10 gam low 3 1000 800 5 100 95 0.164004 1.29 1.15303 1.034 2 2.32305 1.034 2
grid3 sta 60 10 gam med 1 1000 800 5 100 95 0.204006 1.33 1.44303 1.24 2 2.53406 1.24 2
grid3 sta 60 10 gam med 2 1000 800 5 100 95 0.147004 1.29 1.26303 1.125 2 2.66205 1.125 2
grid3 sta 60 10 gam med 3 1000 800 5 100 95 0.161004 1.25 1.40003 1.179 2 2.67806 1.179 2
grid3 sta 60 10 gam hig 1 1000 800 5 100 95 0.202005 1.42 2.19004 1.237 2 2.41505 1.237 2
grid3 sta 60 10 gam hig 2 1000 800 5 100 95 0.173008 1.29 1.65003 1.136 3 2.36705 1.136 3
grid3 sta 60 10 gam hig 3 1000 800 5 100 95 0.183007 1.29 1.44003 1.273 2 2.62105 1.273 2
grid3 sta 60 10 nor low 1 1000 800 5 100 95 0.161003 1.29 1.15002 1.056 2 2.30105 1.056 2
grid3 sta 60 10 nor low 2 1000 800 5 100 95 0.181012 1.29 1.31403 1.072 2 2.54408 1.072 2
grid3 sta 60 10 nor low 3 1000 800 5 100 95 0.242022 1.29 1.19503 1.059 2 2.44806 1.059 2
grid3 sta 60 10 nor med 1 1000 800 5 100 95 0.172004 1.33 1.57504 1.159 2 2.67706 1.159 2
grid3 sta 60 10 nor med 2 1000 800 5 100 95 0.171003 1.29 1.25203 1.092 2 2.46806 1.092 2
grid3 sta 60 10 nor med 3 1000 800 5 100 95 0.164003 1.25 1.43003 1.145 2 2.45405 1.145 2
grid3 sta 60 10 nor hig 1 1000 800 5 100 95 0.194008 1.33 1.47303 1.142 2 2.47605 1.142 2
grid3 sta 60 10 nor hig 2 1000 800 5 100 95 0.154003 1.29 1.69603 1.106 2 2.29605 1.106 2
grid3 sta 60 10 nor hig 3 1000 800 5 100 95 0.194004 1.29 1.67704 1.177 2 2.49306 1.177 2
grid3 sta 60 10 log low 1 1000 800 5 100 95 0.184004 1.29 1.16803 1.097 2 2.48606 1.097 2
grid3 sta 60 10 log low 2 1000 800 5 100 95 0.165008 1.29 1.25103 1.089 2 2.60205 1.089 2
grid3 sta 60 10 log low 3 1000 800 5 100 95 0.151003 1.29 1.16102 1.095 2 2.30605 1.095 2
grid3 sta 60 10 log med 1 1000 800 5 100 95 0.213006 1.42 1.64603 1.343 2 2.57406 1.343 2
grid3 sta 60 10 log med 2 1000 800 5 100 95 0.163005 1.29 1.27703 1.165 2 2.21005 1.165 2
grid3 sta 60 10 log med 3 1000 800 5 100 95 0.176006 1.25 1.36703 1.25 2 2.60005 1.25 2
grid3 sta 60 10 log hig 1 1000 800 5 100 95 0.222004 1.42 1.69104 1.432 3 2.67506 1.432 3
grid3 sta 60 10 log hig 2 1000 800 5 100 95 0.180004 1.29 1.49603 1.187 3 2.46905 1.187 3
grid3 sta 60 10 log hig 3 1000 800 5 100 95 0.201004 1.38 1.84104 1.394 3 3.04106 1.394 3
grid3 sta 120 5 gam low 1 1000 800 5 100 95 0.165004 1.29 3.39308 1.104 2 5.78513 1.104 2
grid3 sta 120 5 gam low 2 1000 800 5 100 95 0.181004 1.33 3.24511 1.064 2 5.85625 1.064 2
grid3 sta 120 5 gam low 3 1000 800 5 100 95 0.172004 1.29 3.03108 1.118 2 6.43619 1.118 2
grid3 sta 120 5 gam med 1 1000 800 5 100 95 0.170014 1.29 3.16313 1.138 2 6.36222 1.138 2
grid3 sta 120 5 gam med 2 1000 800 5 100 95 0.211004 1.42 3.76108 1.181 3 5.36312 1.181 3
grid3 sta 120 5 gam med 3 1000 800 5 100 95 0.162003 1.29 3.43107 1.232 2 5.96213 1.232 2
grid3 sta 120 5 gam hig 1 1000 800 5 100 95 0.183004 1.42 3.71108 1.203 3 6.10612 1.203 3
grid3 sta 120 5 gam hig 2 1000 800 5 100 95 0.221004 1.5 4.13409 1.221 3 5.92113 1.221 3
grid3 sta 120 5 gam hig 3 1000 800 5 100 95 0.169004 1.29 3.84515 1.244 3 6.16818 1.244 3
grid3 sta 120 5 nor low 1 1000 800 5 100 95 0.162003 1.29 2.69406 1.091 2 6.14215 1.091 2
grid3 sta 120 5 nor low 2 1000 800 5 100 95 0.181004 1.33 3.31907 1.064 2 6.14813 1.064 2
grid3 sta 120 5 nor low 3 1000 800 5 100 95 0.161003 1.29 2.98806 1.089 2 6.03212 1.089 2
grid3 sta 120 5 nor med 1 1000 800 5 100 95 0.157004 1.29 3.09208 1.115 2 5.48412 1.115 2
grid3 sta 120 5 nor med 2 1000 800 5 100 95 0.183004 1.33 3.04707 1.106 2 5.86313 1.106 2
grid3 sta 120 5 nor med 3 1000 800 5 100 95 0.152003 1.29 3.24808 1.218 2 6.04416 1.218 2
grid3 sta 120 5 nor hig 1 1000 800 5 100 95 0.172003 1.29 3.60908 1.147 2 5.78714 1.147 2
grid3 sta 120 5 nor hig 2 1000 800 5 100 95 0.191004 1.38 3.54107 1.183 3 5.66512 1.183 3
grid3 sta 120 5 nor hig 3 1000 800 5 100 95 0.171004 1.29 3.28106 1.218 2 5.96912 1.218 2
grid3 sta 120 5 log low 1 1000 800 5 100 95 0.165005 1.29 2.92206 1.12 2 5.38212 1.12 2
grid3 sta 120 5 log low 2 1000 800 5 100 95 0.181004 1.33 3.11707 1.084 2 5.0971 1.084 2
grid3 sta 120 5 log low 3 1000 800 5 100 95 0.155003 1.29 2.80706 1.165 3 5.67512 1.165 3
grid3 sta 120 5 log med 1 1000 800 5 100 95 0.171004 1.29 3.55007 1.164 2 6.22013 1.164 2
grid3 sta 120 5 log med 2 1000 800 5 100 95 0.211004 1.42 3.51407 1.177 3 5.2161 1.177 3
grid3 sta 120 5 log med 3 1000 800 5 100 95 0.183007 1.29 3.62208 1.286 3 6.15414 1.286 3
grid3 sta 120 5 log hig 1 1000 800 5 100 95 0.217021 1.46 3.68237 1.258 3 6.25945 1.258 3
grid3 sta 120 5 log hig 2 1000 800 5 100 95 0.282014 1.54 4.33509 1.289 3 5.56613 1.289 3
grid3 sta 120 5 log hig 3 1000 800 5 100 95 0.261005 1.46 3.50908 1.344 3 5.80719 1.344 3
grid3 sta 600 1 gam low 1 1000 800 5 100 95 0.542011 1.38 51.1355 1.095 2 105.762 1.095 2
grid3 sta 600 1 gam low 2 1000 800 5 100 95 0.49001 1.29 55.0983 1.122 3 108.627 1.122 3
grid3 sta 600 1 gam low 3 1000 800 5 100 95 0.481009 1.29 55.5844 1.104 2 108.664 1.104 2
grid3 sta 600 1 gam med 1 1000 800 5 100 95 0.624013 1.42 56.9163 1.215 2 101.356 1.215 2
grid3 sta 600 1 gam med 2 1000 800 5 100 95 0.471026 1.33 64.7615 1.188 4 100.427 1.188 4
grid3 sta 600 1 gam med 3 1000 800 5 100 95 0.550016 1.29 58.4424 1.174 3 120.842 1.174 3
grid3 sta 600 1 gam hig 1 1000 800 5 100 95 0.603035 1.42 59.9111 1.239 2 104.417 1.239 2
grid3 sta 600 1 gam hig 2 1000 800 5 100 95 0.539014 1.33 67.3486 1.232 3 107.158 1.232 3
grid3 sta 600 1 gam hig 3 1000 800 5 100 95 0.476021 1.29 65.9563 1.229 3 109.762 1.229 3
grid3 sta 600 1 nor low 1 1000 800 5 100 95 0.542012 1.38 51.2302 1.095 2 111.33 1.095 2
grid3 sta 600 1 nor low 2 1000 800 5 100 95 0.610061 1.29 54.1459 1.131 3 114.68 1.131 3
grid3 sta 600 1 nor low 3 1000 800 5 100 95 0.476015 1.29 59.2746 1.104 2 113.633 1.104 2
grid3 sta 600 1 nor med 1 1000 800 5 100 95 0.607022 1.38 53.8026 1.157 2 111.356 1.157 2
grid3 sta 600 1 nor med 2 1000 800 5 100 95 0.49902 1.29 59.7726 1.123 2 111.263 1.123 2
grid3 sta 600 1 nor med 3 1000 800 5 100 95 0.461028 1.29 58.086 1.149 2 111.402 1.149 2
grid3 sta 600 1 nor hig 1 1000 800 5 100 95 0.602042 1.42 56.2733 1.19 2 99.7751 1.19 2
grid3 sta 600 1 nor hig 2 1000 800 5 100 95 0.504024 1.33 64.0439 1.162 2 108.613 1.162 2
grid3 sta 600 1 nor hig 3 1000 800 5 100 95 0.482012 1.29 60.5186 1.15 2 107.754 1.15 2
grid3 sta 600 1 log low 1 1000 800 5 100 95 0.512019 1.38 51.8814 1.112 2 95.5776 1.112 2
grid3 sta 600 1 log low 2 1000 800 5 100 95 0.471009 1.29 57.6032 1.091 2 101.575 1.091 2
grid3 sta 600 1 log low 3 1000 800 5 100 95 0.457045 1.29 55.0035 1.133 2 100.766 1.133 2
grid3 sta 600 1 log med 1 1000 800 5 100 95 0.569056 1.38 57.3557 1.221 2 97.8848 1.221 2
grid3 sta 600 1 log med 2 1000 800 5 100 95 0.488049 1.33 62.8853 1.215 4 100.273 1.215 4
grid3 sta 600 1 log med 3 1000 800 5 100 95 0.49905 1.29 61.4001 1.225 3 106.041 1.225 3
grid3 sta 600 1 log hig 1 1000 800 5 100 95 0.828083 1.46 71.7002 1.311 2 106.698 1.311 2
grid3 sta 600 1 log hig 2 1000 800 5 100 95 0.687069 1.33 72.8583 1.26 3 105.633 1.26 3
grid3 sta 600 1 log hig 3 1000 800 5 100 95 0.795079 1.58 76.1616 1.269 3 103.889 1.269 3
grid5 sta 20 60 gam low 1 1000 800 5 100 95 5.0255 1.55 2.47325 1.484 4 9.49395 1.484 4
grid5 sta 20 60 gam low 2 1000 800 5 100 95 4.21742 1.44 2.34023 1.468 4 11.0101 1.468 4
grid5 sta 20 60 gam low 3 1000 800 5 100 95 4.65647 1.5 2.62026 1.577 4 9.61096 1.577 4
grid5 sta 20 60 gam med 1 1000 800 5 100 95 5.68457 1.55 2.63326 1.56 4 10.7701 1.56 4
grid5 sta 20 60 gam med 2 1000 800 5 100 95 5.27253 1.49 2.68427 1.524 4 11.5122 1.524 4
grid5 sta 20 60 gam med 3 1000 800 5 100 95 4.87049 1.48 2.37424 1.58 5 10.032 1.58 5
grid5 sta 20 60 gam hig 1 1000 800 5 100 95 7.57076 1.6 2.72927 1.541 4 11.9652 1.541 4
grid5 sta 20 60 gam hig 2 1000 800 5 100 95 5.27653 1.43 2.65527 1.494 3 11.8442 1.494 3
grid5 sta 20 60 gam hig 3 1000 800 5 100 95 5.07351 1.43 2.31023 1.598 5 10.6771 1.598 5
grid5 sta 20 60 nor low 1 1000 800 5 100 95 5.84258 1.54 2.35424 1.568 3 11.1211 1.568 3
grid5 sta 20 60 nor low 2 1000 800 5 100 95 4.19542 1.38 1.9862 1.423 3 11.8262 1.423 3
grid5 sta 20 60 nor low 3 1000 800 5 100 95 4.56146 1.46 2.45525 1.496 3 10.11 1.501 3
grid5 sta 20 60 nor med 1 1000 800 5 100 95 5.58556 1.5 2.59526 1.548 4 10.6281 1.555 4
grid5 sta 20 60 nor med 2 1000 800 5 100 95 5.11851 1.44 2.52925 1.483 4 12.1152 1.483 4
grid5 sta 20 60 nor med 3 1000 800 5 100 95 5.26853 1.48 2.42724 1.497 4 10.365 1.497 4
grid5 sta 20 60 nor hig 1 1000 800 5 100 95 6.44965 1.63 2.35824 1.482 4 10.5201 1.482 4
grid5 sta 20 60 nor hig 2 1000 800 5 100 95 5.56656 1.46 2.36224 1.441 4 11.0441 1.444 4
grid5 sta 20 60 nor hig 3 1000 800 5 100 95 4.85849 1.46 2.25323 1.462 4 9.75897 1.462 4
grid5 sta 20 60 log low 1 1000 800 5 100 95 5.62456 1.53 2.42124 1.491 4 10.104 1.491 4
grid5 sta 20 60 log low 2 1000 800 5 100 95 4.83548 1.45 2.42724 1.458 3 11.6822 1.456 3
grid5 sta 20 60 log low 3 1000 800 5 100 95 4.9845 1.5 2.58626 1.536 4 10.5831 1.536 4
grid5 sta 20 60 log med 1 1000 800 5 100 95 6.0346 1.51 2.68727 1.615 4 11.8042 1.63 4
grid5 sta 20 60 log med 2 1000 800 5 100 95 6.0496 1.55 2.59526 1.551 4 12.6243 1.551 4
grid5 sta 20 60 log med 3 1000 800 5 100 95 4.73847 1.48 2.66127 1.576 4 10.5961 1.576 4
grid5 sta 20 60 log hig 1 1000 800 5 100 95 6.66967 1.63 3.31033 1.717 5 12.0222 1.717 5
grid5 sta 20 60 log hig 2 1000 800 5 100 95 5.62956 1.46 2.88829 1.639 4 12.8803 1.639 4
grid5 sta 20 60 log hig 3 1000 800 5 100 95 5.38654 1.53 2.50325 1.657 5 11.1581 1.657 5
grid5 sta 60 20 gam low 1 1000 800 5 100 95 5.25953 1.54 4.23442 1.284 4 15.1255 1.284 4
grid5 sta 60 20 gam low 2 1000 800 5 100 95 5.0025 1.58 3.17832 1.142 3 14.3814 1.142 3
grid5 sta 60 20 gam low 3 1000 800 5 100 95 4.84349 1.56 3.16832 1.155 3 14.1224 1.157 3
grid5 sta 60 20 gam med 1 1000 800 5 100 95 6.21962 1.58 5.47055 1.406 4 15.5756 1.406 4
grid5 sta 60 20 gam med 2 1000 800 5 100 95 6.16362 1.69 3.9564 1.283 3 14.4694 1.283 3
grid5 sta 60 20 gam med 3 1000 800 5 100 95 5.49855 1.6 4.08741 1.341 4 14.7335 1.347 4
grid5 sta 60 20 gam hig 1 1000 800 5 100 95 6.9977 1.66 5.86659 1.489 4 16.7227 1.49 4
grid5 sta 60 20 gam hig 2 1000 800 5 100 95 6.58066 1.7 4.75548 1.409 5 15.6026 1.411 5
grid5 sta 60 20 gam hig 3 1000 800 5 100 95 6.38364 1.64 4.79848 1.46 5 16.0086 1.46 5
grid5 sta 60 20 nor low 1 1000 800 5 100 95 5.58456 1.6 4.15642 1.298 4 15.8306 1.298 4
grid5 sta 60 20 nor low 2 1000 800 5 100 95 4.9515 1.58 3.06631 1.124 2 14.6715 1.124 2
grid5 sta 60 20 nor low 3 1000 800 5 100 95 4.82148 1.56 3.24332 1.154 3 15.3745 1.158 3
grid5 sta 60 20 nor med 1 1000 800 5 100 95 5.82958 1.56 4.9575 1.366 4 16.3316 1.366 4
grid5 sta 60 20 nor med 2 1000 800 5 100 95 5.83558 1.61 4.30343 1.233 3 14.9015 1.234 3
grid5 sta 60 20 nor med 3 1000 800 5 100 95 5.44054 1.6 3.78838 1.239 5 15.5126 1.242 5
grid5 sta 60 20 nor hig 1 1000 800 5 100 95 6.25263 1.58 5.05051 1.403 4 15.9406 1.403 4
grid5 sta 60 20 nor hig 2 1000 800 5 100 95 6.30563 1.64 4.9645 1.29 4 14.6625 1.29 4
grid5 sta 60 20 nor hig 3 1000 800 5 100 95 5.83058 1.63 4.30643 1.32 3 14.9975 1.32 3
grid5 sta 60 20 log low 1 1000 800 5 100 95 5.63056 1.54 3.87939 1.266 3 14.1514 1.267 3
grid5 sta 60 20 log low 2 1000 800 5 100 95 5.13051 1.53 3.64636 1.172 3 13.7644 1.172 3
grid5 sta 60 20 log low 3 1000 800 5 100 95 4.88849 1.56 3.29033 1.161 3 13.4583 1.163 3
grid5 sta 60 20 log med 1 1000 800 5 100 95 6.34363 1.61 5.87759 1.471 4 16.0826 1.474 4
grid5 sta 60 20 log med 2 1000 800 5 100 95 6.41464 1.68 4.38544 1.348 3 15.2415 1.357 3
grid5 sta 60 20 log med 3 1000 800 5 100 95 5.57056 1.59 4.10141 1.399 4 15.1785 1.405 4
grid5 sta 60 20 log hig 1 1000 800 5 100 95 6.63366 1.63 7.13271 1.627 4 18.0188 1.626 4
grid5 sta 60 20 log hig 2 1000 800 5 100 95 6.9687 1.66 6.64166 1.472 4 16.3846 1.481 4
grid5 sta 60 20 log hig 3 1000 800 5 100 95 6.50365 1.64 4.91249 1.532 4 16.6967 1.532 4
grid5 sta 120 10 gam low 1 1000 800 5 100 95 5.80258 1.6 7.64977 1.155 3 34.0814 1.155 3
grid5 sta 120 10 gam low 2 1000 800 5 100 95 6.39364 1.66 8.68887 1.095 3 36.4766 1.095 3
grid5 sta 120 10 gam low 3 1000 800 5 100 95 7.16672 1.66 12.2452 1.242 3 35.6896 1.242 3
grid5 sta 120 10 gam med 1 1000 800 5 100 95 7.9918 1.75 11.3981 1.386 3 37.6398 1.386 3
grid5 sta 120 10 gam med 2 1000 800 5 100 95 6.50665 1.6 11.8312 1.258 3 35.1845 1.258 3
grid5 sta 120 10 gam med 3 1000 800 5 100 95 8.20082 1.76 15.6646 1.44 4 36.7267 1.444 4
grid5 sta 120 10 gam hig 1 1000 800 5 100 95 7.80678 1.71 13.1043 1.532 4 38.9069 1.532 4
grid5 sta 120 10 gam hig 2 1000 800 5 100 95 7.37774 1.65 14.3584 1.43 4 38.8169 1.43 4
grid5 sta 120 10 gam hig 3 1000 800 5 100 95 8.32883 1.79 15.8166 1.579 4 40.148 1.584 4
grid5 sta 120 10 nor low 1 1000 800 5 100 95 5.62856 1.56 8.24182 1.149 3 37.4007 1.149 3
grid5 sta 120 10 nor low 2 1000 800 5 100 95 5.85058 1.68 8.15181 1.101 3 36.3976 1.101 3
grid5 sta 120 10 nor low 3 1000 800 5 100 95 6.67967 1.59 9.49895 1.248 3 38.7609 1.248 3
grid5 sta 120 10 nor med 1 1000 800 5 100 95 7.28573 1.66 10.032 1.329 3 39.4569 1.329 3
grid5 sta 120 10 nor med 2 1000 800 5 100 95 5.9886 1.58 11.3611 1.227 4 38.2608 1.227 4
grid5 sta 120 10 nor med 3 1000 800 5 100 95 7.64476 1.8 12.9883 1.4 4 38.1668 1.411 4
grid5 sta 120 10 nor hig 1 1000 800 5 100 95 7.47375 1.69 10.9051 1.4 4 38.1478 1.4 4
grid5 sta 120 10 nor hig 2 1000 800 5 100 95 6.48165 1.61 11.5522 1.299 4 37.5988 1.299 4
grid5 sta 120 10 nor hig 3 1000 800 5 100 95 8.18182 1.88 13.9684 1.49 4 38.5289 1.503 4
grid5 sta 120 10 log low 1 1000 800 5 100 95 5.62856 1.6 7.72477 1.197 4 30.8421 1.2 4
grid5 sta 120 10 log low 2 1000 800 5 100 95 5.46855 1.65 8.35884 1.103 3 30.5901 1.103 3
grid5 sta 120 10 log low 3 1000 800 5 100 95 6.36964 1.66 12.2702 1.264 3 30.474 1.264 3
grid5 sta 120 10 log med 1 1000 800 5 100 95 7.09471 1.73 11.0111 1.428 3 34.8455 1.428 3
grid5 sta 120 10 log med 2 1000 800 5 100 95 7.19772 1.63 13.4073 1.347 4 33.8844 1.348 4
grid5 sta 120 10 log med 3 1000 800 5 100 95 8.17082 1.74 16.9317 1.493 4 35.3675 1.498 4
grid5 sta 120 10 log hig 1 1000 800 5 100 95 11.5602 1.88 20.9831 1.608 4 38.2968 1.608 4
grid5 sta 120 10 log hig 2 1000 800 5 100 95 9.06091 1.79 20.9301 1.596 5 39.1829 1.596 5
grid5 sta 120 10 log hig 3 1000 800 5 100 95 8.59586 1.8 17.6648 1.693 5 40.8301 1.705 6
grid5 sta 600 2 gam low 1 1000 800 5 100 95 9.73397 1.63 181.357 1.215 3 640.76 1.215 3
grid5 sta 600 2 gam low 2 1000 800 5 100 95 8.52185 1.56 163.973 1.138 3 553.924 1.138 3
grid5 sta 600 2 gam low 3 1000 800 5 100 95 7.74377 1.58 166.031 1.15 3 637.829 1.15 3
grid5 sta 600 2 gam med 1 1000 800 5 100 95 9.88499 1.63 268.417 1.371 4 580.969 1.371 4
grid5 sta 600 2 gam med 2 1000 800 5 100 95 10.5701 1.63 220.281 1.275 4 537.477 1.275 4
grid5 sta 600 2 gam med 3 1000 800 5 100 95 9.60296 1.61 216.698 1.312 4 645.341 1.312 4
grid5 sta 600 2 gam hig 1 1000 800 5 100 95 11.9732 1.71 320.192 1.563 4 646.602 1.565 4
grid5 sta 600 2 gam hig 2 1000 800 5 100 95 12.1152 1.65 371.847 1.421 4 589.042 1.428 4
grid5 sta 600 2 gam hig 3 1000 800 5 100 95 10.218 1.64 268.776 1.391 3 696.113 1.391 3
grid5 sta 600 2 nor low 1 1000 800 5 100 95 9.55096 1.58 212.268 1.233 4 676.536 1.233 4
grid5 sta 600 2 nor low 2 1000 800 5 100 95 8.70687 1.6 160.956 1.125 3 654.066 1.125 3
grid5 sta 600 2 nor low 3 1000 800 5 100 95 8.12581 1.59 165.848 1.199 3 698.596 1.199 3
grid5 sta 600 2 nor med 1 1000 800 5 100 95 9.87806 1.59 216.573 1.296 3 668.6 1.296 3
grid5 sta 600 2 nor med 2 1000 800 5 100 95 10.492 1.61 193.75 1.206 4 617.55 1.208 4
grid5 sta 600 2 nor med 3 1000 800 5 100 95 9.75197 1.61 182.969 1.282 4 680.025 1.282 4
grid5 sta 600 2 nor hig 1 1000 800 5 100 95 10.315 1.6 278.477 1.404 4 668.163 1.404 4
grid5 sta 600 2 nor hig 2 1000 800 5 100 95 11.8582 1.65 266.79 1.314 4 609.676 1.314 4
grid5 sta 600 2 nor hig 3 1000 800 5 100 95 10.325 1.65 239.106 1.335 3 677.366 1.335 3
grid5 sta 600 2 log low 1 1000 800 5 100 95 8.79588 1.61 188.914 1.209 3 544.849 1.209 3
grid5 sta 600 2 log low 2 1000 800 5 100 95 8.43684 1.56 179.188 1.135 3 520.097 1.135 3
grid5 sta 600 2 log low 3 1000 800 5 100 95 7.60576 1.59 170.42 1.144 3 581.865 1.144 3
grid5 sta 600 2 log med 1 1000 800 5 100 95 10.5771 1.64 299.152 1.411 4 589.45 1.411 4
grid5 sta 600 2 log med 2 1000 800 5 100 95 10.8597 1.69 246.89 1.29 4 514.413 1.291 4
grid5 sta 600 2 log med 3 1000 800 5 100 95 8.75371 1.58 216.484 1.34 3 573.51 1.34 3
grid5 sta 600 2 log hig 1 1000 800 5 100 95 11.8426 1.6 394.155 1.706 4 615.178 1.705 4
grid5 sta 600 2 log hig 2 1000 800 5 100 95 12.139 1.75 311.302 1.51 4 549.689 1.514 4
grid5 sta 600 2 log hig 3 1000 800 5 100 95 10.0017 1.6 269.743 1.438 4 633.93 1.438 4
siouxfalls sta 20 180 gam low 1 1000 800 5 100 95 4.38812 1.41 2.16305 1.293 3 5.74135 1.293 3
siouxfalls sta 20 180 gam low 2 1000 800 5 100 95 5.88053 1.46 2.01102 1.316 4 5.7333 1.316 4
siouxfalls sta 20 180 gam low 3 1000 800 5 100 95 4.62836 1.49 1.69802 1.305 4 5.96813 1.305 4
siouxfalls sta 20 180 gam med 1 1000 800 5 100 95 5.01436 1.43 2.49202 1.35 3 5.80112 1.35 3
siouxfalls sta 20 180 gam med 2 1000 800 5 100 95 5.03338 1.54 2.29802 1.314 3 5.74213 1.312 3
siouxfalls sta 20 180 gam med 3 1000 800 5 100 95 5.71944 1.64 2.23502 1.412 3 6.13313 1.412 3
siouxfalls sta 20 180 gam hig 1 1000 800 5 100 95 5.62737 1.54 2.68303 1.432 3 5.80712 1.432 3
siouxfalls sta 20 180 gam hig 2 1000 800 5 100 95 5.98843 1.67 2.86403 1.435 3 6.22914 1.435 3
siouxfalls sta 20 180 gam hig 3 1000 800 5 100 95 5.77344 1.64 2.29403 1.522 4 6.58914 1.522 4
siouxfalls sta 20 180 log low 1 1000 800 5 100 95 4.70332 1.45 2.15402 1.287 3 5.73011 1.287 3
siouxfalls sta 20 180 log low 2 1000 800 5 100 95 4.66036 1.47 2.02602 1.33 4 5.74313 1.33 4
siouxfalls sta 20 180 log low 3 1000 800 5 100 95 4.51636 1.49 1.75402 1.25 3 5.82011 1.25 3
siouxfalls sta 20 180 log med 1 1000 800 5 100 95 4.95735 1.5 2.70803 1.446 4 6.00112 1.46 4
siouxfalls sta 20 180 log med 2 1000 800 5 100 95 5.71248 1.58 2.75416 1.388 4 6.02311 1.416 4
siouxfalls sta 20 180 log med 3 1000 800 5 100 95 5.79442 1.67 2.48402 1.523 4 6.64422 1.523 4
siouxfalls sta 20 180 log hig 1 1000 800 5 100 95 8.51261 1.82 3.80704 1.539 4 6.11312 1.539 4
siouxfalls sta 20 180 log hig 2 1000 800 5 100 95 8.61157 1.92 3.67304 1.594 3 6.70112 1.608 4
siouxfalls sta 20 180 log hig 3 1000 800 5 100 95 9.14273 1.91 3.24413 1.631 4 7.13426 1.631 4
siouxfalls sta 20 180 nor low 1 1000 800 5 100 95 4.57839 1.46 1.86607 1.273 3 5.75735 1.273 3
siouxfalls sta 20 180 nor low 2 1000 800 5 100 95 4.67934 1.47 1.60603 1.31 3 5.77015 1.31 3
siouxfalls sta 20 180 nor low 3 1000 800 5 100 95 4.84137 1.54 1.69503 1.346 3 5.93914 1.346 3
siouxfalls sta 20 180 nor med 1 1000 800 5 100 95 4.74034 1.42 2.43211 1.319 3 5.58914 1.319 3
siouxfalls sta 20 180 nor med 2 1000 800 5 100 95 4.84239 1.54 2.13809 1.259 3 5.70328 1.259 3
siouxfalls sta 20 180 nor med 3 1000 800 5 100 95 5.27443 1.58 2.58612 1.374 4 6.05618 1.374 4
siouxfalls sta 20 180 nor hig 1 1000 800 5 100 95 4.92237 1.43 2.43505 1.348 3 5.70817 1.348 3
siouxfalls sta 20 180 nor hig 2 1000 800 5 100 95 4.78536 1.53 2.36203 1.312 3 5.62112 1.312 3
siouxfalls sta 20 180 nor hig 3 1000 800 5 100 95 5.29143 1.58 2.62705 1.412 4 6.08111 1.412 4
siouxfalls sta 60 60 gam low 1 1000 800 5 100 95 4.21385 1.45 2.70607 1.146 2 9.04524 1.146 2
siouxfalls sta 60 60 gam low 2 1000 800 5 100 95 4.3434 1.45 3.42818 1.149 3 9.68534 1.149 3
siouxfalls sta 60 60 gam low 3 1000 800 5 100 95 4.14233 1.37 3.6631 1.21 3 8.89427 1.21 3
siouxfalls sta 60 60 gam med 1 1000 800 5 100 95 5.0084 1.45 4.99325 1.448 3 10.5394 1.448 3
siouxfalls sta 60 60 gam med 2 1000 800 5 100 95 5.5594 1.57 3.88007 1.303 3 10.3553 1.303 3
siouxfalls sta 60 60 gam med 3 1000 800 5 100 95 5.65246 1.53 4.19512 1.368 3 9.83734 1.368 3
siouxfalls sta 60 60 gam hig 1 1000 800 5 100 95 5.15439 1.46 5.69619 1.533 4 11.0584 1.533 4
siouxfalls sta 60 60 gam hig 2 1000 800 5 100 95 6.15741 1.66 6.44131 1.425 4 11.1912 1.425 4
siouxfalls sta 60 60 gam hig 3 1000 800 5 100 95 5.50336 1.51 4.90207 1.505 4 10.8114 1.512 4
siouxfalls sta 60 60 log low 1 1000 800 5 100 95 4.41044 1.39 3.38933 1.182 3 9.38775 1.182 3
siouxfalls sta 60 60 log low 2 1000 800 5 100 95 4.59635 1.45 3.24104 1.141 3 9.62289 1.141 3
siouxfalls sta 60 60 log low 3 1000 800 5 100 95 4.0044 1.36 3.82838 1.223 3 9.04079 1.223 3
siouxfalls sta 60 60 log med 1 1000 800 5 100 95 5.35053 1.47 5.73455 1.57 4 11.8661 1.579 4
siouxfalls sta 60 60 log med 2 1000 800 5 100 95 5.99759 1.49 5.47854 1.39 4 11.5581 1.39 4
siouxfalls sta 60 60 log med 3 1000 800 5 100 95 5.89057 1.49 4.89145 1.452 4 10.8011 1.452 4
siouxfalls sta 60 60 log hig 1 1000 800 5 100 95 7.88277 1.75 7.4607 1.637 5 11.9281 1.637 5
siouxfalls sta 60 60 log hig 2 1000 800 5 100 95 30.0589 2.86 10.602 1.527 4 12.0481 1.527 4
siouxfalls sta 60 60 log hig 3 1000 800 5 100 95 19.3379 2.67 10.324 1.601 4 11.6471 1.601 4
siouxfalls sta 60 60 nor low 1 1000 800 5 100 95 4.50842 1.47 3.16327 1.135 2 9.81893 1.135 2
siouxfalls sta 60 60 nor low 2 1000 800 5 100 95 4.61445 1.47 3.45832 1.142 3 9.90985 1.142 3
siouxfalls sta 60 60 nor low 3 1000 800 5 100 95 4.20041 1.41 3.47129 1.2 3 9.2358 1.2 3
siouxfalls sta 60 60 nor med 1 1000 800 5 100 95 4.96149 1.5 3.74337 1.345 3 10.3609 1.345 3
siouxfalls sta 60 60 nor med 2 1000 800 5 100 95 5.59555 1.59 4.01638 1.218 3 10.545 1.22 3
siouxfalls sta 60 60 nor med 3 1000 800 5 100 95 5.04046 1.51 3.6063 1.253 3 9.74492 1.25 3
siouxfalls sta 60 60 nor hig 1 1000 800 5 100 95 5.45453 1.49 4.31441 1.397 3 10.7 1.397 3
siouxfalls sta 60 60 nor hig 2 1000 800 5 100 95 6.01757 1.61 4.33537 1.266 3 10.567 1.264 3
siouxfalls sta 60 60 nor hig 3 1000 800 5 100 95 5.31952 1.49 4.5204 1.297 3 9.85593 1.297 3
siouxfalls sta 120 30 gam low 1 1000 800 5 100 95 4.86348 1.49 8.32875 1.168 3 21.847 1.168 3
siouxfalls sta 120 30 gam low 2 1000 800 5 100 95 5.7295 1.58 8.75661 1.203 3 23.5572 1.203 3
siouxfalls sta 120 30 gam low 3 1000 800 5 100 95 6.64865 1.5 9.40984 1.279 4 23.176 1.279 4
siouxfalls sta 120 30 gam med 1 1000 800 5 100 95 5.33353 1.51 11.153 1.321 3 23.6822 1.321 3
siouxfalls sta 120 30 gam med 2 1000 800 5 100 95 6.52464 1.59 12.2281 1.343 4 24.4153 1.343 4
siouxfalls sta 120 30 gam med 3 1000 800 5 100 95 6.21661 1.55 11.8961 1.471 4 25.3714 1.471 4
siouxfalls sta 120 30 gam hig 1 1000 800 5 100 95 5.57754 1.51 13.5063 1.4 5 24.8583 1.4 5
siouxfalls sta 120 30 gam hig 2 1000 800 5 100 95 7.37173 1.55 13.1292 1.444 4 26.7435 1.444 4
siouxfalls sta 120 30 gam hig 3 1000 800 5 100 95 5.85756 1.49 14.6574 1.586 4 27.0526 1.586 4
siouxfalls sta 120 30 log low 1 1000 800 5 100 95 4.41339 1.46 9.05176 1.178 3 21.469 1.178 3
siouxfalls sta 120 30 log low 2 1000 800 5 100 95 4.96846 1.49 9.59292 1.184 3 22.5819 1.184 3
siouxfalls sta 120 30 log low 3 1000 800 5 100 95 4.4854 1.43 8.95881 1.292 3 22.0241 1.292 3
siouxfalls sta 120 30 log med 1 1000 800 5 100 95 5.27552 1.54 11.9991 1.376 4 24.1592 1.376 4
siouxfalls sta 120 30 log med 2 1000 800 5 100 95 6.61353 1.7 15.0083 1.411 4 25.4716 1.413 4
siouxfalls sta 120 30 log med 3 1000 800 5 100 95 5.9866 1.5 18.3177 1.528 4 25.7833 1.531 4
siouxfalls sta 120 30 log hig 1 1000 800 5 100 95 19.5664 2.57 23.4022 1.485 5 25.6013 1.489 5
siouxfalls sta 120 30 log hig 2 1000 800 5 100 95 41.5606 2.87 28.2853 1.569 5 28.4223 1.572 5
siouxfalls sta 120 30 log hig 3 1000 800 5 100 95 26.7229 2.91 30.3189 1.669 5 28.2773 1.672 5
siouxfalls sta 120 30 nor low 1 1000 800 5 100 95 4.28643 1.43 7.29269 1.17 2 23.4543 1.17 2
siouxfalls sta 120 30 nor low 2 1000 800 5 100 95 4.88048 1.53 8.76983 1.209 3 25.2303 1.209 3
siouxfalls sta 120 30 nor low 3 1000 800 5 100 95 4.80242 1.49 9.15281 1.29 4 24.3791 1.29 4
siouxfalls sta 120 30 nor med 1 1000 800 5 100 95 4.92647 1.5 9.7629 1.237 3 23.1182 1.237 3
siouxfalls sta 120 30 nor med 2 1000 800 5 100 95 5.61252 1.55 11.3999 1.314 4 25.1312 1.314 4
siouxfalls sta 120 30 nor med 3 1000 800 5 100 95 5.21649 1.49 11.5321 1.449 4 25.1681 1.449 4
siouxfalls sta 120 30 nor hig 1 1000 800 5 100 95 5.21041 1.5 11.898 1.265 3 23.6099 1.265 3
siouxfalls sta 120 30 nor hig 2 1000 800 5 100 95 5.98951 1.61 13.7202 1.369 4 25.423 1.369 4
siouxfalls sta 120 30 nor hig 3 1000 800 5 100 95 5.69442 1.53 12.07 1.507 4 25.257 1.507 4
siouxfalls sta 600 6 gam low 1 1000 800 5 100 95 6.93022 1.49 169.738 1.255 3 404.512 1.255 3
siouxfalls sta 600 6 gam low 2 1000 800 5 100 95 7.02816 1.42 177.434 1.225 3 389.915 1.225 3
siouxfalls sta 600 6 gam low 3 1000 800 5 100 95 6.58734 1.46 129.383 1.187 3 393.269 1.187 3
siouxfalls sta 600 6 gam med 1 1000 800 5 100 95 7.76018 1.53 193.935 1.351 4 411.875 1.351 4
siouxfalls sta 600 6 gam med 2 1000 800 5 100 95 8.0411 1.5 240.249 1.346 3 409.586 1.346 3
siouxfalls sta 600 6 gam med 3 1000 800 5 100 95 7.63728 1.47 203.438 1.352 3 414.158 1.352 3
siouxfalls sta 600 6 gam hig 1 1000 800 5 100 95 8.51111 1.49 265.716 1.515 6 448.548 1.515 6
siouxfalls sta 600 6 gam hig 2 1000 800 5 100 95 8.30311 1.47 281.306 1.452 3 430.551 1.463 3
siouxfalls sta 600 6 gam hig 3 1000 800 5 100 95 8.53109 1.61 265.971 1.498 5 431.598 1.498 5
siouxfalls sta 600 6 log low 1 1000 800 5 100 95 7.2801 1.49 156.99 1.262 3 386.22 1.262 3
siouxfalls sta 600 6 log low 2 1000 800 5 100 95 7.02708 1.45 213.141 1.215 3 371.195 1.215 3
siouxfalls sta 600 6 log low 3 1000 800 5 100 95 6.91263 1.46 133.034 1.2 3 370.652 1.204 3
siouxfalls sta 600 6 log med 1 1000 800 5 100 95 7.85979 1.51 269.479 1.458 4 441.783 1.458 4
siouxfalls sta 600 6 log med 2 1000 800 5 100 95 8.40084 1.53 243.106 1.422 3 418.892 1.422 3
siouxfalls sta 600 6 log med 3 1000 800 5 100 95 8.25322 1.57 231.088 1.389 3 413.1 1.389 3
siouxfalls sta 600 6 log hig 1 1000 800 5 100 95 17.1652 2.18 384.9 1.614 6 456.938 1.614 6
siouxfalls sta 600 6 log hig 2 1000 800 5 100 95 61.9483 3.08 583.631 1.527 4 448.257 1.54 4
siouxfalls sta 600 6 log hig 3 1000 800 5 100 95 28.1583 2.46 405.142 1.567 4 451.576 1.586 5
siouxfalls sta 600 6 nor low 1 1000 800 5 100 95 7.08209 1.49 151.788 1.287 3 461.978 1.287 3
siouxfalls sta 600 6 nor low 2 1000 800 5 100 95 7.27173 1.41 177.58 1.215 3 421.773 1.215 3
siouxfalls sta 600 6 nor low 3 1000 800 5 100 95 6.86408 1.43 156.441 1.196 3 429.265 1.196 3
siouxfalls sta 600 6 nor med 1 1000 800 5 100 95 7.97118 1.49 186.778 1.317 5 425.846 1.317 5
siouxfalls sta 600 6 nor med 2 1000 800 5 100 95 6.97114 1.39 216.441 1.273 3 405.707 1.273 3
siouxfalls sta 600 6 nor med 3 1000 800 5 100 95 7.54976 1.46 233.128 1.3 3 434.19 1.3 3
siouxfalls sta 600 6 nor hig 1 1000 800 5 100 95 7.7534 1.5 228.071 1.355 5 428.95 1.355 5
siouxfalls sta 600 6 nor hig 2 1000 800 5 100 95 9.39821 1.57 270.006 1.327 3 411.28 1.326 3
siouxfalls sta 600 6 nor hig 3 1000 800 5 100 95 7.8191 1.46 221.712 1.382 4 452.454 1.382 4
grid10 sta 60 60 gam low 1 1000 800 5 100 95 259.09 1.59 14.2578 1.799 5 293.183 1.799 5
grid10 sta 60 60 gam low 2 1000 800 5 100 95 242.1 1.58 14.1216 1.767 5 275.205 1.768 5
grid10 sta 60 60 gam low 3 1000 800 5 100 95 264.781 1.63 13.7548 1.684 5 297.471 1.69 5
grid10 sta 60 60 gam med 1 1000 800 5 100 95 279.368 1.66 21.1101 1.8 5 209.199 1.807 5
grid10 sta 60 60 gam med 2 1000 800 5 100 95 287.302 1.67 21.5357 1.825 5 215.004 1.848 5
grid10 sta 60 60 gam med 3 1000 800 5 100 95 308.616 1.66 15.2321 1.734 5 231.249 1.736 5
grid10 sta 60 60 gam hig 1 1000 800 5 100 95 296.341 1.64 20.3273 1.752 5 204.351 1.758 5
grid10 sta 60 60 gam hig 2 1000 800 5 100 95 302.855 1.7 22.5082 1.788 6 225.953 1.812 6
grid10 sta 60 60 gam hig 3 1000 800 5 100 95 275.185 1.64 16.2502 1.672 5 229.933 1.674 5
grid10 sta 60 60 log low 1 1000 800 5 100 95 245.289 1.61 14.5651 1.786 5 210.316 1.781 4
grid10 sta 60 60 log low 2 1000 800 5 100 95 232.678 1.55 14.9802 1.794 5 202.726 1.799 5
grid10 sta 60 60 log low 3 1000 800 5 100 95 256.371 1.64 14.0181 1.653 5 212.026 1.653 5
grid10 sta 60 60 log med 1 1000 800 5 100 95 260.319 1.6 16.5192 1.737 5 204.814 1.756 5
grid10 sta 60 60 log med 2 1000 800 5 100 95 286.065 1.64 15.9442 1.869 5 211.342 1.87 5
grid10 sta 60 60 log med 3 1000 800 5 100 95 293.246 1.68 14.3609 1.727 5 226.626 1.731 5
grid10 sta 60 60 log hig 1 1000 800 5 100 95 295.004 1.69 18.7522 1.898 7 217.014 1.912 7
grid10 sta 60 60 log hig 2 1000 800 5 100 95 296.553 1.71 32.2536 2.02 5 238.499 2.023 5
grid10 sta 60 60 log hig 3 1000 800 5 100 95 312.016 1.71 22.0961 1.842 6 236.958 1.841 6
grid10 sta 60 60 nor low 1 1000 800 5 100 95 261.247 1.64 14.4321 1.89 5 231.051 1.894 5
grid10 sta 60 60 nor low 2 1000 800 5 100 95 248.582 1.6 15.7782 1.803 4 216.971 1.813 4
grid10 sta 60 60 nor low 3 1000 800 5 100 95 276.458 1.63 13.6432 1.713 4 238.493 1.722 4
grid10 sta 60 60 nor med 1 1000 800 5 100 95 274.572 1.64 18.5892 1.82 5 244.176 1.818 5
grid10 sta 60 60 nor med 2 1000 800 5 100 95 261.968 1.61 20.8422 1.835 6 246.512 1.834 5
grid10 sta 60 60 nor med 3 1000 800 5 100 95 298.223 1.67 17.3792 1.722 5 258.104 1.723 5
grid10 sta 60 60 nor hig 1 1000 800 5 100 95 286.15 1.66 18.1152 1.788 4 227.302 1.79 4
grid10 sta 60 60 nor hig 2 1000 800 5 100 95 266.254 1.61 22.2022 1.769 5 248.415 1.78 6
grid10 sta 60 60 nor hig 3 1000 800 5 100 95 299.644 1.67 23.2823 1.645 5 252.376 1.645 5
grid10 sta 120 30 gam low 1 1000 800 5 100 95 265.966 1.69 29.5883 1.329 3 546.333 1.327 3
grid10 sta 120 30 gam low 2 1000 800 5 100 95 291.697 1.77 32.0333 1.334 4 515.499 1.335 4
grid10 sta 120 30 gam low 3 1000 800 5 100 95 265.566 1.69 27.4993 1.322 4 562.135 1.322 4
grid10 sta 120 30 gam med 1 1000 800 5 100 95 319.213 1.76 48.3125 1.517 4 410.833 1.518 4
grid10 sta 120 30 gam med 2 1000 800 5 100 95 446.267 1.96 72.2413 1.515 4 398.996 1.522 4
grid10 sta 120 30 gam med 3 1000 800 5 100 95 380.594 1.8 64.1555 1.48 4 426.107 1.48 4
grid10 sta 120 30 gam hig 1 1000 800 5 100 95 370.881 1.83 63.329 1.706 5 434.026 1.707 5
grid10 sta 120 30 gam hig 2 1000 800 5 100 95 467.99 1.96 57.9388 1.697 5 424.401 1.691 5
grid10 sta 120 30 gam hig 3 1000 800 5 100 95 391.405 1.83 75.3306 1.663 5 425.892 1.666 5
grid10 sta 120 30 log low 1 1000 800 5 100 95 275.888 1.68 36.2844 1.351 3 339.857 1.351 3
grid10 sta 120 30 log low 2 1000 800 5 100 95 300.337 1.75 34.5448 1.319 4 332.263 1.319 4
grid10 sta 120 30 log low 3 1000 800 5 100 95 285.181 1.72 28.0427 1.313 4 365.807 1.314 4
grid10 sta 120 30 log med 1 1000 800 5 100 95 345.451 1.78 56.0512 1.602 4 377.046 1.608 4
grid10 sta 120 30 log med 2 1000 800 5 100 95 462.857 2.03 66.5032 1.623 4 358.771 1.636 4
grid10 sta 120 30 log med 3 1000 800 5 100 95 390.022 1.85 54.2727 1.56 5 383.606 1.564 5
grid10 sta 120 30 log hig 1 1000 800 5 100 95 430.519 1.93 63.2116 1.85 5 430.719 1.863 5
grid10 sta 120 30 log hig 2 1000 800 5 100 95 474.573 1.97 83.8815 1.879 5 405.931 1.883 5
grid10 sta 120 30 log hig 3 1000 800 5 100 95 399.069 1.87 46.7223 1.786 6 428.878 1.788 6
grid10 sta 120 30 nor low 1 1000 800 5 100 95 261.741 1.71 28.1738 1.346 4 346.041 1.346 4
grid10 sta 120 30 nor low 2 1000 800 5 100 95 279.744 1.72 27.191 1.338 3 337.805 1.342 3
grid10 sta 120 30 nor low 3 1000 800 5 100 95 258.714 1.71 25.3814 1.322 4 362.11 1.322 4
grid10 sta 120 30 nor med 1 1000 800 5 100 95 289.244 1.74 38.6882 1.485 4 407.568 1.485 4
grid10 sta 120 30 nor med 2 1000 800 5 100 95 361.801 1.83 72.4781 1.465 4 399.955 1.465 4
grid10 sta 120 30 nor med 3 1000 800 5 100 95 325.109 1.76 57.3304 1.403 4 431.686 1.403 4
grid10 sta 120 30 nor hig 1 1000 800 5 100 95 309.539 1.76 48.5475 1.526 4 451.701 1.527 4
grid10 sta 120 30 nor hig 2 1000 800 5 100 95 374.655 1.86 48.3603 1.535 5 437.458 1.537 5
grid10 sta 120 30 nor hig 3 1000 800 5 100 95 345.53 1.76 41.9799 1.47 5 455.585 1.47 5
grid10 sta 600 6 gam low 1 1000 800 5 100 95 339.008 1.76 576.002 1.23 3 8436.77 1.23 3
grid10 sta 600 6 gam low 2 1000 800 5 100 95 333.237 1.71 506.629 1.19 3 8452.81 1.191 3
grid10 sta 600 6 gam low 3 1000 800 5 100 95 357.12 1.79 498.189 1.185 3 8608.67 1.185 3
grid10 sta 600 6 gam med 1 1000 800 5 100 95 471.827 1.88 1107.06 1.446 5 6438.93 1.446 5
grid10 sta 600 6 gam med 2 1000 800 5 100 95 446.462 1.86 896.158 1.431 4 6410.34 1.433 4
grid10 sta 600 6 gam med 3 1000 800 5 100 95 523.204 1.91 1075.39 1.441 4 6500.37 1.443 4
grid10 sta 600 6 gam hig 1 1000 800 5 100 95 592.608 2.03 1481.39 1.663 5 7440.67 1.663 5
grid10 sta 600 6 gam hig 2 1000 800 5 100 95 535.541 1.91 1539.29 1.568 6 7600.17 1.573 6
grid10 sta 600 6 gam hig 3 1000 800 5 100 95 655.078 2.07 1516.74 1.608 6 6981.06 1.617 6
grid10 sta 600 6 log low 1 1000 800 5 100 95 346.33 1.78 637.941 1.237 3 5427.51 1.237 3
grid10 sta 600 6 log low 2 1000 800 5 100 95 328.375 1.7 537.601 1.209 3 5412.36 1.211 3
grid10 sta 600 6 log low 3 1000 800 5 100 95 359.486 1.81 535.624 1.205 4 5264.65 1.205 4
grid10 sta 600 6 log med 1 1000 800 5 100 95 478.994 1.84 1290.81 1.501 5 6389.87 1.504 5
grid10 sta 600 6 log med 2 1000 800 5 100 95 472.164 1.84 1048.33 1.49 5 6321.61 1.491 5
grid10 sta 600 6 log med 3 1000 800 5 100 95 576.018 1.98 1373.89 1.493 4 6223.52 1.503 4
grid10 sta 600 6 log hig 1 1000 800 5 100 95 654.838 2.09 1984.02 1.762 5 7568.04 1.78 5
grid10 sta 600 6 log hig 2 1000 800 5 100 95 606.345 1.99 1896.04 1.7 6 7645.12 1.698 6
grid10 sta 600 6 log hig 3 1000 800 5 100 95 732.063 2.14 1660.71 1.723 4 7199.22 1.723 5
grid10 sta 600 6 nor low 1 1000 800 5 100 95 368.621 1.82 464.204 1.233 4 5963.81 1.234 4
grid10 sta 600 6 nor low 2 1000 800 5 100 95 328.822 1.72 627.79 1.198 3 6181.26 1.198 3
grid10 sta 600 6 nor low 3 1000 800 5 100 95 358.615 1.79 655.71 1.19 3 5774.53 1.19 3
grid10 sta 600 6 nor med 1 1000 800 5 100 95 436.455 1.87 964.344 1.385 4 7516.79 1.386 4
grid10 sta 600 6 nor med 2 1000 800 5 100 95 429.116 1.87 806.439 1.371 4 7585.2 1.371 4
grid10 sta 600 6 nor med 3 1000 800 5 100 95 457.876 1.91 887.898 1.364 4 7323.83 1.366 4
grid10 sta 600 6 nor hig 1 1000 800 5 100 95 502.142 1.95 820.928 1.469 5 8179.1 1.469 5
grid10 sta 600 6 nor hig 2 1000 800 5 100 95 436.733 1.82 957.34 1.446 4 8064.67 1.446 4
grid10 sta 600 6 nor hig 3 1000 800 5 100 95 502.984 1.93 1019.93 1.475 6 8038.3 1.475 6
