grid3 sta dumsto 1 20 1 -1 800 5 100 95 0.341766 0.051995 1.17 1.472 4 0.115188 1.472 4
grid3 sta dumsto 1 20 2 -1 800 5 100 95 0.292971 0.049995 1.08 1.417 3 0.113989 1.417 3
grid3 sta dumsto 1 20 3 -1 800 5 100 95 0.358563 0.046795 1.17 1.25 2 0.09799 1.25 2
grid3 sta dumsto 1 20 4 -1 800 5 100 95 0.342563 0.078992 1.25 1.458 3 0.09359 1.458 3
grid3 sta dumsto 1 20 5 -1 800 5 100 95 0.374359 0.046795 1.29 1.431 3 0.109188 1.431 3
grid3 sta dumsto 1 20 6 -1 800 5 100 95 0.327564 0.062393 1.21 1.472 3 0.109188 1.458 3
grid3 sta gam 30 20 1 -1 800 5 100 95 0.327564 0.062393 1.21 1.25 3 0.124786 1.25 3
grid3 sta gam 30 20 2 -1 800 5 100 95 0.327564 0.062394 1.29 1.236 3 0.109188 1.236 3
grid3 sta gam 30 20 3 -1 800 5 100 95 0.467949 0.062393 1.46 1.389 3 0.109188 1.389 3
grid3 sta gam 30 20 4 -1 800 5 100 95 0.328564 0.062393 1.21 1.222 3 0.109189 1.222 3
grid3 sta gam 30 20 5 -1 800 5 100 95 0.37336 0.062393 1.29 1.375 3 0.109188 1.375 3
grid3 sta gam 30 20 6 -1 800 5 100 95 0.350162 0.062393 1.33 1.333 3 0.124786 1.333 3
grid5 sta dumsto 1 20 1 -1 800 5 100 95 14.0913 1.37265 1.31 1.597 4 5.31902 1.612 4
grid5 sta dumsto 1 20 2 -1 800 5 100 95 16.2047 2.62051 1.41 1.702 4 4.68229 1.72 4
grid5 sta dumsto 1 20 3 -1 800 5 100 95 14.446 1.09188 1.34 1.483 4 4.51491 1.487 4
grid5 sta dumsto 1 20 4 -1 800 5 100 95 17.7217 1.94979 1.55 1.762 5 5.41261 1.78 5
grid5 sta dumsto 1 20 5 -1 800 5 100 95 13.9937 1.35705 1.41 1.588 5 4.37452 1.58 5
grid5 sta dumsto 1 20 6 -1 800 5 100 95 14.1029 0.967094 1.29 1.595 4 4.11795 1.607 4
grid5 sta gam 30 30 1 -1 800 5 100 95 13.0578 1.7892 1.54 1.535 5 6.20812 1.537 5
grid5 sta gam 30 30 2 -1 800 5 100 95 15.0282 1.73141 1.66 1.477 4 6.5135 1.477 4
grid5 sta gam 30 30 3 -1 800 5 100 95 14.8828 1.76261 1.61 1.55 3 6.52009 1.55 3
grid5 sta gam 30 30 4 -1 800 5 100 95 14.1195 1.70021 1.6 1.552 5 6.52009 1.552 5
grid5 sta gam 30 30 5 -1 800 5 100 95 14.0717 1.52863 1.59 1.35 4 6.20812 1.35 4
grid5 sta gam 30 30 6 -1 800 5 100 95 12.3871 1.77821 1.53 1.388 4 6.3827 1.388 4
siouxfalls sta dumsto 1 20 1 -1 800 5 100 95 14.4928 1.70021 1.47 1.911 6 3.79039 1.911 6
siouxfalls sta dumsto 1 20 2 -1 800 5 100 95 14.9928 1.49757 1.43 1.536 4 3.26004 1.522 4
siouxfalls sta dumsto 1 20 3 -1 800 5 100 95 14.7281 2.13716 1.43 1.732 5 3.49433 1.741 5
siouxfalls sta dumsto 1 20 4 -1 800 5 100 95 15.6329 1.76277 1.64 1.81 5 3.58793 1.824 5
siouxfalls sta dumsto 1 20 5 -1 800 5 100 95 15.0089 1.38837 1.43 1.701 4 3.30714 1.699 4
siouxfalls sta dumsto 1 20 6 -1 800 5 100 95 17.4893 1.93436 1.61 1.879 5 3.49433 1.877 5
siouxfalls sta gam 60 50 1 -1 800 5 100 95 14.3099 2.23076 1.57 1.565 4 5.0699 1.565 4
siouxfalls sta gam 60 50 2 -1 800 5 100 95 12.7178 2.42696 1.49 1.607 5 5.0543 1.598 4
siouxfalls sta gam 60 50 3 -1 800 5 100 95 13.7577 2.74555 1.53 1.543 4 4.83752 1.543 4
siouxfalls sta gam 60 50 4 -1 800 5 100 95 11.3898 2.37115 1.43 1.458 5 4.74231 1.458 5
siouxfalls sta gam 60 50 5 -1 800 5 100 95 16.1165 2.74555 1.8 1.507 4 4.9919 1.507 4
siouxfalls sta gam 60 50 6 -1 800 5 100 95 13.1993 2.50095 1.7 1.393 4 4.77851 1.393 4
