grid3 sta 20 30 gam low 1 1000 800 5 100 95 0.172005 1.33 0.712029 1.154 2 1.34503 1.154 2
grid3 sta 20 30 gam low 2 1000 800 5 100 95 0.141003 1.29 0.834019 1.077 2 1.20402 1.077 2
grid3 sta 20 30 gam low 3 1000 800 5 100 95 0.192004 1.42 0.697016 1.109 3 1.49403 1.109 3
grid3 sta 20 30 gam med 1 1000 800 5 100 95 0.151004 1.29 0.833016 1.138 2 1.32103 1.138 2
grid3 sta 20 30 gam med 2 1000 800 5 100 95 0.151003 1.29 0.91902 1.146 2 1.23303 1.146 2
grid3 sta 20 30 gam med 3 1000 800 5 100 95 0.195004 1.29 0.794022 1.212 3 1.15803 1.212 3
grid3 sta 20 30 gam hig 1 1000 800 5 100 95 0.154005 1.29 0.757017 1.165 2 1.39403 1.165 2
grid3 sta 20 30 gam hig 2 1000 800 5 100 95 0.164008 1.29 0.712057 1.175 2 1.28911 1.175 2
grid3 sta 20 30 gam hig 3 1000 800 5 100 95 0.20402 1.33 0.74905 1.316 3 1.2121 1.316 3
grid3 sta 20 30 nor low 1 1000 800 5 100 95 0.153016 1.29 0.671065 1.127 2 1.19912 1.127 2
grid3 sta 20 30 nor low 2 1000 800 5 100 95 0.141002 1.29 0.693014 1.106 2 1.32003 1.106 2
grid3 sta 20 30 nor low 3 1000 800 5 100 95 0.171004 1.42 0.894019 1.156 3 1.27203 1.156 3
grid3 sta 20 30 nor med 1 1000 800 5 100 95 0.162004 1.29 0.642013 1.163 2 1.43503 1.163 2
grid3 sta 20 30 nor med 2 1000 800 5 100 95 0.151003 1.29 0.752016 1.126 2 1.35203 1.126 2
grid3 sta 20 30 nor med 3 1000 800 5 100 95 0.183008 1.33 0.711016 1.158 3 1.46803 1.158 3
grid3 sta 20 30 nor hig 1 1000 800 5 100 95 0.161004 1.29 0.810016 1.133 2 1.45203 1.133 2
grid3 sta 20 30 nor hig 2 1000 800 5 100 95 0.193004 1.29 0.656016 1.135 2 1.23403 1.135 2
grid3 sta 20 30 nor hig 3 1000 800 5 100 95 0.211005 1.42 0.819017 1.199 3 1.22803 1.199 3
grid3 sta 20 30 log low 1 1000 800 5 100 95 0.172004 1.33 0.622013 1.154 2 1.28903 1.154 2
grid3 sta 20 30 log low 2 1000 800 5 100 95 0.141003 1.29 0.725015 1.085 2 1.18203 1.085 2
grid3 sta 20 30 log low 3 1000 800 5 100 95 0.182004 1.25 0.727016 1.116 2 1.43303 1.116 2
grid3 sta 20 30 log med 1 1000 800 5 100 95 0.172004 1.33 0.664014 1.139 2 1.49803 1.139 2
grid3 sta 20 30 log med 2 1000 800 5 100 95 0.171004 1.38 0.766017 1.179 2 1.60203 1.179 2
grid3 sta 20 30 log med 3 1000 800 5 100 95 0.191004 1.33 0.746016 1.305 3 1.36303 1.305 3
grid3 sta 20 30 log hig 1 1000 800 5 100 95 0.168005 1.33 0.828019 1.229 2 1.44604 1.229 2
grid3 sta 20 30 log hig 2 1000 800 5 100 95 0.201004 1.38 0.875018 1.232 2 1.30503 1.232 2
grid3 sta 20 30 log hig 3 1000 800 5 100 95 0.201005 1.42 0.904019 1.403 3 1.32403 1.403 3
grid3 sta 60 10 gam low 1 1000 800 5 100 95 0.171004 1.29 1.14202 1.085 2 2.37305 1.085 2
grid3 sta 60 10 gam low 2 1000 800 5 100 95 0.165007 1.29 1.15903 1.072 2 2.55305 1.072 2
grid3 sta 60 10 gam low 3 1000 800 5 100 95 0.164004 1.29 1.15303 1.034 2 2.32305 1.034 2
grid3 sta 60 10 gam med 1 1000 800 5 100 95 0.204006 1.33 1.44303 1.24 2 2.53406 1.24 2
grid3 sta 60 10 gam med 2 1000 800 5 100 95 0.147004 1.29 1.26303 1.125 2 2.66205 1.125 2
grid3 sta 60 10 gam med 3 1000 800 5 100 95 0.161004 1.25 1.40003 1.179 2 2.67806 1.179 2
grid3 sta 60 10 gam hig 1 1000 800 5 100 95 0.202005 1.42 2.19004 1.237 2 2.41505 1.237 2
grid3 sta 60 10 gam hig 2 1000 800 5 100 95 0.173008 1.29 1.65003 1.136 3 2.36705 1.136 3
grid3 sta 60 10 gam hig 3 1000 800 5 100 95 0.183007 1.29 1.44003 1.273 2 2.62105 1.273 2
grid3 sta 60 10 nor low 1 1000 800 5 100 95 0.161003 1.29 1.15002 1.056 2 2.30105 1.056 2
grid3 sta 60 10 nor low 2 1000 800 5 100 95 0.181012 1.29 1.31403 1.072 2 2.54408 1.072 2
grid3 sta 60 10 nor low 3 1000 800 5 100 95 0.242022 1.29 1.19503 1.059 2 2.44806 1.059 2
grid3 sta 60 10 nor med 1 1000 800 5 100 95 0.172004 1.33 1.57504 1.159 2 2.67706 1.159 2
grid3 sta 60 10 nor med 2 1000 800 5 100 95 0.171003 1.29 1.25203 1.092 2 2.46806 1.092 2
grid3 sta 60 10 nor med 3 1000 800 5 100 95 0.164003 1.25 1.43003 1.145 2 2.45405 1.145 2
grid3 sta 60 10 nor hig 1 1000 800 5 100 95 0.194008 1.33 1.47303 1.142 2 2.47605 1.142 2
grid3 sta 60 10 nor hig 2 1000 800 5 100 95 0.154003 1.29 1.69603 1.106 2 2.29605 1.106 2
grid3 sta 60 10 nor hig 3 1000 800 5 100 95 0.194004 1.29 1.67704 1.177 2 2.49306 1.177 2
grid3 sta 60 10 log low 1 1000 800 5 100 95 0.184004 1.29 1.16803 1.097 2 2.48606 1.097 2
grid3 sta 60 10 log low 2 1000 800 5 100 95 0.165008 1.29 1.25103 1.089 2 2.60205 1.089 2
grid3 sta 60 10 log low 3 1000 800 5 100 95 0.151003 1.29 1.16102 1.095 2 2.30605 1.095 2
grid3 sta 60 10 log med 1 1000 800 5 100 95 0.213006 1.42 1.64603 1.343 2 2.57406 1.343 2
grid3 sta 60 10 log med 2 1000 800 5 100 95 0.163005 1.29 1.27703 1.165 2 2.21005 1.165 2
grid3 sta 60 10 log med 3 1000 800 5 100 95 0.176006 1.25 1.36703 1.25 2 2.60005 1.25 2
grid3 sta 60 10 log hig 1 1000 800 5 100 95 0.222004 1.42 1.69104 1.432 3 2.67506 1.432 3
grid3 sta 60 10 log hig 2 1000 800 5 100 95 0.180004 1.29 1.49603 1.187 3 2.46905 1.187 3
grid3 sta 60 10 log hig 3 1000 800 5 100 95 0.201004 1.38 1.84104 1.394 3 3.04106 1.394 3
grid3 sta 120 5 gam low 1 1000 800 5 100 95 0.165004 1.29 3.39308 1.104 2 5.78513 1.104 2
grid3 sta 120 5 gam low 2 1000 800 5 100 95 0.181004 1.33 3.24511 1.064 2 5.85625 1.064 2
grid3 sta 120 5 gam low 3 1000 800 5 100 95 0.172004 1.29 3.03108 1.118 2 6.43619 1.118 2
grid3 sta 120 5 gam med 1 1000 800 5 100 95 0.170014 1.29 3.16313 1.138 2 6.36222 1.138 2
grid3 sta 120 5 gam med 2 1000 800 5 100 95 0.211004 1.42 3.76108 1.181 3 5.36312 1.181 3
grid3 sta 120 5 gam med 3 1000 800 5 100 95 0.162003 1.29 3.43107 1.232 2 5.96213 1.232 2
grid3 sta 120 5 gam hig 1 1000 800 5 100 95 0.183004 1.42 3.71108 1.203 3 6.10612 1.203 3
grid3 sta 120 5 gam hig 2 1000 800 5 100 95 0.221004 1.5 4.13409 1.221 3 5.92113 1.221 3
grid3 sta 120 5 gam hig 3 1000 800 5 100 95 0.169004 1.29 3.84515 1.244 3 6.16818 1.244 3
grid3 sta 120 5 nor low 1 1000 800 5 100 95 0.162003 1.29 2.69406 1.091 2 6.14215 1.091 2
grid3 sta 120 5 nor low 2 1000 800 5 100 95 0.181004 1.33 3.31907 1.064 2 6.14813 1.064 2
grid3 sta 120 5 nor low 3 1000 800 5 100 95 0.161003 1.29 2.98806 1.089 2 6.03212 1.089 2
grid3 sta 120 5 nor med 1 1000 800 5 100 95 0.157004 1.29 3.09208 1.115 2 5.48412 1.115 2
grid3 sta 120 5 nor med 2 1000 800 5 100 95 0.183004 1.33 3.04707 1.106 2 5.86313 1.106 2
grid3 sta 120 5 nor med 3 1000 800 5 100 95 0.152003 1.29 3.24808 1.218 2 6.04416 1.218 2
grid3 sta 120 5 nor hig 1 1000 800 5 100 95 0.172003 1.29 3.60908 1.147 2 5.78714 1.147 2
grid3 sta 120 5 nor hig 2 1000 800 5 100 95 0.191004 1.38 3.54107 1.183 3 5.66512 1.183 3
grid3 sta 120 5 nor hig 3 1000 800 5 100 95 0.171004 1.29 3.28106 1.218 2 5.96912 1.218 2
grid3 sta 120 5 log low 1 1000 800 5 100 95 0.165005 1.29 2.92206 1.12 2 5.38212 1.12 2
grid3 sta 120 5 log low 2 1000 800 5 100 95 0.181004 1.33 3.11707 1.084 2 5.0971 1.084 2
grid3 sta 120 5 log low 3 1000 800 5 100 95 0.155003 1.29 2.80706 1.165 3 5.67512 1.165 3
grid3 sta 120 5 log med 1 1000 800 5 100 95 0.171004 1.29 3.55007 1.164 2 6.22013 1.164 2
grid3 sta 120 5 log med 2 1000 800 5 100 95 0.211004 1.42 3.51407 1.177 3 5.2161 1.177 3
grid3 sta 120 5 log med 3 1000 800 5 100 95 0.183007 1.29 3.62208 1.286 3 6.15414 1.286 3
grid3 sta 120 5 log hig 1 1000 800 5 100 95 0.217021 1.46 3.68237 1.258 3 6.25945 1.258 3
grid3 sta 120 5 log hig 2 1000 800 5 100 95 0.282014 1.54 4.33509 1.289 3 5.56613 1.289 3
grid3 sta 120 5 log hig 3 1000 800 5 100 95 0.261005 1.46 3.50908 1.344 3 5.80719 1.344 3
grid3 sta 600 1 gam low 1 1000 800 5 100 95 0.542011 1.38 51.1355 1.095 2 105.762 1.095 2
grid3 sta 600 1 gam low 2 1000 800 5 100 95 0.49001 1.29 55.0983 1.122 3 108.627 1.122 3
grid3 sta 600 1 gam low 3 1000 800 5 100 95 0.481009 1.29 55.5844 1.104 2 108.664 1.104 2
grid3 sta 600 1 gam med 1 1000 800 5 100 95 0.624013 1.42 56.9163 1.215 2 101.356 1.215 2
grid3 sta 600 1 gam med 2 1000 800 5 100 95 0.471026 1.33 64.7615 1.188 4 100.427 1.188 4
grid3 sta 600 1 gam med 3 1000 800 5 100 95 0.550016 1.29 58.4424 1.174 3 120.842 1.174 3
grid3 sta 600 1 gam hig 1 1000 800 5 100 95 0.603035 1.42 59.9111 1.239 2 104.417 1.239 2
grid3 sta 600 1 gam hig 2 1000 800 5 100 95 0.539014 1.33 67.3486 1.232 3 107.158 1.232 3
grid3 sta 600 1 gam hig 3 1000 800 5 100 95 0.476021 1.29 65.9563 1.229 3 109.762 1.229 3
grid3 sta 600 1 nor low 1 1000 800 5 100 95 0.542012 1.38 51.2302 1.095 2 111.33 1.095 2
grid3 sta 600 1 nor low 2 1000 800 5 100 95 0.610061 1.29 54.1459 1.131 3 114.68 1.131 3
grid3 sta 600 1 nor low 3 1000 800 5 100 95 0.476015 1.29 59.2746 1.104 2 113.633 1.104 2
grid3 sta 600 1 nor med 1 1000 800 5 100 95 0.607022 1.38 53.8026 1.157 2 111.356 1.157 2
grid3 sta 600 1 nor med 2 1000 800 5 100 95 0.49902 1.29 59.7726 1.123 2 111.263 1.123 2
grid3 sta 600 1 nor med 3 1000 800 5 100 95 0.461028 1.29 58.086 1.149 2 111.402 1.149 2
grid3 sta 600 1 nor hig 1 1000 800 5 100 95 0.602042 1.42 56.2733 1.19 2 99.7751 1.19 2
grid3 sta 600 1 nor hig 2 1000 800 5 100 95 0.504024 1.33 64.0439 1.162 2 108.613 1.162 2
grid3 sta 600 1 nor hig 3 1000 800 5 100 95 0.482012 1.29 60.5186 1.15 2 107.754 1.15 2
grid3 sta 600 1 log low 1 1000 800 5 100 95 0.512019 1.38 51.8814 1.112 2 95.5776 1.112 2
grid3 sta 600 1 log low 2 1000 800 5 100 95 0.471009 1.29 57.6032 1.091 2 101.575 1.091 2
grid3 sta 600 1 log low 3 1000 800 5 100 95 0.457045 1.29 55.0035 1.133 2 100.766 1.133 2
grid3 sta 600 1 log med 1 1000 800 5 100 95 0.569056 1.38 57.3557 1.221 2 97.8848 1.221 2
grid3 sta 600 1 log med 2 1000 800 5 100 95 0.488049 1.33 62.8853 1.215 4 100.273 1.215 4
grid3 sta 600 1 log med 3 1000 800 5 100 95 0.49905 1.29 61.4001 1.225 3 106.041 1.225 3
grid3 sta 600 1 log hig 1 1000 800 5 100 95 0.828083 1.46 71.7002 1.311 2 106.698 1.311 2
grid3 sta 600 1 log hig 2 1000 800 5 100 95 0.687069 1.33 72.8583 1.26 3 105.633 1.26 3
grid3 sta 600 1 log hig 3 1000 800 5 100 95 0.795079 1.58 76.1616 1.269 3 103.889 1.269 3
grid5 sta 20 60 gam low 1 1000 800 5 100 95 5.0255 1.55 2.47325 1.484 4 9.49395 1.484 4
grid5 sta 20 60 gam low 2 1000 800 5 100 95 4.21742 1.44 2.34023 1.468 4 11.0101 1.468 4
grid5 sta 20 60 gam low 3 1000 800 5 100 95 4.65647 1.5 2.62026 1.577 4 9.61096 1.577 4
grid5 sta 20 60 gam med 1 1000 800 5 100 95 5.68457 1.55 2.63326 1.56 4 10.7701 1.56 4
grid5 sta 20 60 gam med 2 1000 800 5 100 95 5.27253 1.49 2.68427 1.524 4 11.5122 1.524 4
grid5 sta 20 60 gam med 3 1000 800 5 100 95 4.87049 1.48 2.37424 1.58 5 10.032 1.58 5
grid5 sta 20 60 gam hig 1 1000 800 5 100 95 7.57076 1.6 2.72927 1.541 4 11.9652 1.541 4
grid5 sta 20 60 gam hig 2 1000 800 5 100 95 5.27653 1.43 2.65527 1.494 3 11.8442 1.494 3
grid5 sta 20 60 gam hig 3 1000 800 5 100 95 5.07351 1.43 2.31023 1.598 5 10.6771 1.598 5
grid5 sta 20 60 nor low 1 1000 800 5 100 95 5.84258 1.54 2.35424 1.568 3 11.1211 1.568 3
grid5 sta 20 60 nor low 2 1000 800 5 100 95 4.19542 1.38 1.9862 1.423 3 11.8262 1.423 3
grid5 sta 20 60 nor low 3 1000 800 5 100 95 4.56146 1.46 2.45525 1.496 3 10.11 1.501 3
grid5 sta 20 60 nor med 1 1000 800 5 100 95 5.58556 1.5 2.59526 1.548 4 10.6281 1.555 4
grid5 sta 20 60 nor med 2 1000 800 5 100 95 5.11851 1.44 2.52925 1.483 4 12.1152 1.483 4
grid5 sta 20 60 nor med 3 1000 800 5 100 95 5.26853 1.48 2.42724 1.497 4 10.365 1.497 4
grid5 sta 20 60 nor hig 1 1000 800 5 100 95 6.44965 1.63 2.35824 1.482 4 10.5201 1.482 4
grid5 sta 20 60 nor hig 2 1000 800 5 100 95 5.56656 1.46 2.36224 1.441 4 11.0441 1.444 4
grid5 sta 20 60 nor hig 3 1000 800 5 100 95 4.85849 1.46 2.25323 1.462 4 9.75897 1.462 4
grid5 sta 20 60 log low 1 1000 800 5 100 95 5.62456 1.53 2.42124 1.491 4 10.104 1.491 4
grid5 sta 20 60 log low 2 1000 800 5 100 95 4.83548 1.45 2.42724 1.458 3 11.6822 1.456 3
grid5 sta 20 60 log low 3 1000 800 5 100 95 4.9845 1.5 2.58626 1.536 4 10.5831 1.536 4
grid5 sta 20 60 log med 1 1000 800 5 100 95 6.0346 1.51 2.68727 1.615 4 11.8042 1.63 4
grid5 sta 20 60 log med 2 1000 800 5 100 95 6.0496 1.55 2.59526 1.551 4 12.6243 1.551 4
grid5 sta 20 60 log med 3 1000 800 5 100 95 4.73847 1.48 2.66127 1.576 4 10.5961 1.576 4
grid5 sta 20 60 log hig 1 1000 800 5 100 95 6.66967 1.63 3.31033 1.717 5 12.0222 1.717 5
grid5 sta 20 60 log hig 2 1000 800 5 100 95 5.62956 1.46 2.88829 1.639 4 12.8803 1.639 4
grid5 sta 20 60 log hig 3 1000 800 5 100 95 5.38654 1.53 2.50325 1.657 5 11.1581 1.657 5
grid5 sta 60 20 gam low 1 1000 800 5 100 95 5.25953 1.54 4.23442 1.284 4 15.1255 1.284 4
grid5 sta 60 20 gam low 2 1000 800 5 100 95 5.0025 1.58 3.17832 1.142 3 14.3814 1.142 3
grid5 sta 60 20 gam low 3 1000 800 5 100 95 4.84349 1.56 3.16832 1.155 3 14.1224 1.157 3
grid5 sta 60 20 gam med 1 1000 800 5 100 95 6.21962 1.58 5.47055 1.406 4 15.5756 1.406 4
grid5 sta 60 20 gam med 2 1000 800 5 100 95 6.16362 1.69 3.9564 1.283 3 14.4694 1.283 3
grid5 sta 60 20 gam med 3 1000 800 5 100 95 5.49855 1.6 4.08741 1.341 4 14.7335 1.347 4
grid5 sta 60 20 gam hig 1 1000 800 5 100 95 6.9977 1.66 5.86659 1.489 4 16.7227 1.49 4
grid5 sta 60 20 gam hig 2 1000 800 5 100 95 6.58066 1.7 4.75548 1.409 5 15.6026 1.411 5
grid5 sta 60 20 gam hig 3 1000 800 5 100 95 6.38364 1.64 4.79848 1.46 5 16.0086 1.46 5
grid5 sta 60 20 nor low 1 1000 800 5 100 95 5.58456 1.6 4.15642 1.298 4 15.8306 1.298 4
grid5 sta 60 20 nor low 2 1000 800 5 100 95 4.9515 1.58 3.06631 1.124 2 14.6715 1.124 2
grid5 sta 60 20 nor low 3 1000 800 5 100 95 4.82148 1.56 3.24332 1.154 3 15.3745 1.158 3
grid5 sta 60 20 nor med 1 1000 800 5 100 95 5.82958 1.56 4.9575 1.366 4 16.3316 1.366 4
grid5 sta 60 20 nor med 2 1000 800 5 100 95 5.83558 1.61 4.30343 1.233 3 14.9015 1.234 3
grid5 sta 60 20 nor med 3 1000 800 5 100 95 5.44054 1.6 3.78838 1.239 5 15.5126 1.242 5
grid5 sta 60 20 nor hig 1 1000 800 5 100 95 6.25263 1.58 5.05051 1.403 4 15.9406 1.403 4
grid5 sta 60 20 nor hig 2 1000 800 5 100 95 6.30563 1.64 4.9645 1.29 4 14.6625 1.29 4
grid5 sta 60 20 nor hig 3 1000 800 5 100 95 5.83058 1.63 4.30643 1.32 3 14.9975 1.32 3
grid5 sta 60 20 log low 1 1000 800 5 100 95 5.63056 1.54 3.87939 1.266 3 14.1514 1.267 3
grid5 sta 60 20 log low 2 1000 800 5 100 95 5.13051 1.53 3.64636 1.172 3 13.7644 1.172 3
grid5 sta 60 20 log low 3 1000 800 5 100 95 4.88849 1.56 3.29033 1.161 3 13.4583 1.163 3
grid5 sta 60 20 log med 1 1000 800 5 100 95 6.34363 1.61 5.87759 1.471 4 16.0826 1.474 4
grid5 sta 60 20 log med 2 1000 800 5 100 95 6.41464 1.68 4.38544 1.348 3 15.2415 1.357 3
grid5 sta 60 20 log med 3 1000 800 5 100 95 5.57056 1.59 4.10141 1.399 4 15.1785 1.405 4
grid5 sta 60 20 log hig 1 1000 800 5 100 95 6.63366 1.63 7.13271 1.627 4 18.0188 1.626 4
grid5 sta 60 20 log hig 2 1000 800 5 100 95 6.9687 1.66 6.64166 1.472 4 16.3846 1.481 4
grid5 sta 60 20 log hig 3 1000 800 5 100 95 6.50365 1.64 4.91249 1.532 4 16.6967 1.532 4
grid5 sta 120 10 gam low 1 1000 800 5 100 95 5.80258 1.6 7.64977 1.155 3 34.0814 1.155 3
grid5 sta 120 10 gam low 2 1000 800 5 100 95 6.39364 1.66 8.68887 1.095 3 36.4766 1.095 3
grid5 sta 120 10 gam low 3 1000 800 5 100 95 7.16672 1.66 12.2452 1.242 3 35.6896 1.242 3
grid5 sta 120 10 gam med 1 1000 800 5 100 95 7.9918 1.75 11.3981 1.386 3 37.6398 1.386 3
grid5 sta 120 10 gam med 2 1000 800 5 100 95 6.50665 1.6 11.8312 1.258 3 35.1845 1.258 3
grid5 sta 120 10 gam med 3 1000 800 5 100 95 8.20082 1.76 15.6646 1.44 4 36.7267 1.444 4
grid5 sta 120 10 gam hig 1 1000 800 5 100 95 7.80678 1.71 13.1043 1.532 4 38.9069 1.532 4
grid5 sta 120 10 gam hig 2 1000 800 5 100 95 7.37774 1.65 14.3584 1.43 4 38.8169 1.43 4
grid5 sta 120 10 gam hig 3 1000 800 5 100 95 8.32883 1.79 15.8166 1.579 4 40.148 1.584 4
grid5 sta 120 10 nor low 1 1000 800 5 100 95 5.62856 1.56 8.24182 1.149 3 37.4007 1.149 3
grid5 sta 120 10 nor low 2 1000 800 5 100 95 5.85058 1.68 8.15181 1.101 3 36.3976 1.101 3
grid5 sta 120 10 nor low 3 1000 800 5 100 95 6.67967 1.59 9.49895 1.248 3 38.7609 1.248 3
grid5 sta 120 10 nor med 1 1000 800 5 100 95 7.28573 1.66 10.032 1.329 3 39.4569 1.329 3
grid5 sta 120 10 nor med 2 1000 800 5 100 95 5.9886 1.58 11.3611 1.227 4 38.2608 1.227 4
grid5 sta 120 10 nor med 3 1000 800 5 100 95 7.64476 1.8 12.9883 1.4 4 38.1668 1.411 4
grid5 sta 120 10 nor hig 1 1000 800 5 100 95 7.47375 1.69 10.9051 1.4 4 38.1478 1.4 4
grid5 sta 120 10 nor hig 2 1000 800 5 100 95 6.48165 1.61 11.5522 1.299 4 37.5988 1.299 4
grid5 sta 120 10 nor hig 3 1000 800 5 100 95 8.18182 1.88 13.9684 1.49 4 38.5289 1.503 4
grid5 sta 120 10 log low 1 1000 800 5 100 95 5.62856 1.6 7.72477 1.197 4 30.8421 1.2 4
grid5 sta 120 10 log low 2 1000 800 5 100 95 5.46855 1.65 8.35884 1.103 3 30.5901 1.103 3
grid5 sta 120 10 log low 3 1000 800 5 100 95 6.36964 1.66 12.2702 1.264 3 30.474 1.264 3
grid5 sta 120 10 log med 1 1000 800 5 100 95 7.09471 1.73 11.0111 1.428 3 34.8455 1.428 3
grid5 sta 120 10 log med 2 1000 800 5 100 95 7.19772 1.63 13.4073 1.347 4 33.8844 1.348 4
grid5 sta 120 10 log med 3 1000 800 5 100 95 8.17082 1.74 16.9317 1.493 4 35.3675 1.498 4
grid5 sta 120 10 log hig 1 1000 800 5 100 95 11.5602 1.88 20.9831 1.608 4 38.2968 1.608 4
grid5 sta 120 10 log hig 2 1000 800 5 100 95 9.06091 1.79 20.9301 1.596 5 39.1829 1.596 5
grid5 sta 120 10 log hig 3 1000 800 5 100 95 8.59586 1.8 17.6648 1.693 5 40.8301 1.705 6
grid5 sta 600 2 gam low 1 1000 800 5 100 95 9.73397 1.63 181.357 1.215 3 640.76 1.215 3
grid5 sta 600 2 gam low 2 1000 800 5 100 95 8.52185 1.56 163.973 1.138 3 553.924 1.138 3
grid5 sta 600 2 gam low 3 1000 800 5 100 95 7.74377 1.58 166.031 1.15 3 637.829 1.15 3
grid5 sta 600 2 gam med 1 1000 800 5 100 95 9.88499 1.63 268.417 1.371 4 580.969 1.371 4
grid5 sta 600 2 gam med 2 1000 800 5 100 95 10.5701 1.63 220.281 1.275 4 537.477 1.275 4
grid5 sta 600 2 gam med 3 1000 800 5 100 95 9.60296 1.61 216.698 1.312 4 645.341 1.312 4
grid5 sta 600 2 gam hig 1 1000 800 5 100 95 11.9732 1.71 320.192 1.563 4 646.602 1.565 4
grid5 sta 600 2 gam hig 2 1000 800 5 100 95 12.1152 1.65 371.847 1.421 4 589.042 1.428 4
grid5 sta 600 2 gam hig 3 1000 800 5 100 95 10.218 1.64 268.776 1.391 3 696.113 1.391 3
grid5 sta 600 2 nor low 1 1000 800 5 100 95 9.55096 1.58 212.268 1.233 4 676.536 1.233 4
grid5 sta 600 2 nor low 2 1000 800 5 100 95 8.70687 1.6 160.956 1.125 3 654.066 1.125 3
grid5 sta 600 2 nor low 3 1000 800 5 100 95 8.12581 1.59 165.848 1.199 3 698.596 1.199 3
grid5 sta 600 2 nor med 1 1000 800 5 100 95 9.87806 1.59 216.573 1.296 3 668.6 1.296 3
grid5 sta 600 2 nor med 2 1000 800 5 100 95 10.492 1.61 193.75 1.206 4 617.55 1.208 4
grid5 sta 600 2 nor med 3 1000 800 5 100 95 9.75197 1.61 182.969 1.282 4 680.025 1.282 4
grid5 sta 600 2 nor hig 1 1000 800 5 100 95 10.315 1.6 278.477 1.404 4 668.163 1.404 4
grid5 sta 600 2 nor hig 2 1000 800 5 100 95 11.8582 1.65 266.79 1.314 4 609.676 1.314 4
grid5 sta 600 2 nor hig 3 1000 800 5 100 95 10.325 1.65 239.106 1.335 3 677.366 1.335 3
grid5 sta 600 2 log low 1 1000 800 5 100 95 8.79588 1.61 188.914 1.209 3 544.849 1.209 3
grid5 sta 600 2 log low 2 1000 800 5 100 95 8.43684 1.56 179.188 1.135 3 520.097 1.135 3
grid5 sta 600 2 log low 3 1000 800 5 100 95 7.60576 1.59 170.42 1.144 3 581.865 1.144 3
grid5 sta 600 2 log med 1 1000 800 5 100 95 10.5771 1.64 299.152 1.411 4 589.45 1.411 4
grid5 sta 600 2 log med 2 1000 800 5 100 95 10.8597 1.69 246.89 1.29 4 514.413 1.291 4
grid5 sta 600 2 log med 3 1000 800 5 100 95 8.75371 1.58 216.484 1.34 3 573.51 1.34 3
grid5 sta 600 2 log hig 1 1000 800 5 100 95 11.8426 1.6 394.155 1.706 4 615.178 1.705 4
grid5 sta 600 2 log hig 2 1000 800 5 100 95 12.139 1.75 311.302 1.51 4 549.689 1.514 4
grid5 sta 600 2 log hig 3 1000 800 5 100 95 10.0017 1.6 269.743 1.438 4 633.93 1.438 4
grid10 sta 20 90 gam low 1 1000 800 5 100 95 234.286 1.45 6.08408 1.151 3 109.81 1.151 3
grid10 sta 20 90 gam low 2 1000 800 5 100 95 256.532 1.55 6.55208 1.076 3 122.54 1.075 3
grid10 sta 20 90 gam low 3 1000 800 5 100 95 261.383 1.53 5.63167 1.239 3 116.362 1.243 3
grid10 sta 20 90 gam med 1 1000 800 5 100 95 281.508 1.49 6.27128 1.416 4 100.122 1.416 4
grid10 sta 20 90 gam med 2 1000 800 5 100 95 350.32 1.66 8.89211 1.391 3 118.421 1.39 3
grid10 sta 20 90 gam med 3 1000 800 5 100 95 315.641 1.59 11.1073 1.402 3 111.9 1.404 3
grid10 sta 20 90 gam hig 1 1000 800 5 100 95 303.598 1.54 12.917 1.42 5 93.3204 1.42 5
grid10 sta 20 90 gam hig 2 1000 800 5 100 95 363.58 1.64 8.55091 1.348 3 120.167 1.459 7
grid10 sta 20 90 gam hig 3 1000 800 5 100 95 324.83 1.61 9.74052 1.301 4 105.638 1.325 5
grid10 sta 20 90 nor low 1 1000 800 5 100 95 229.431 1.4 3.8844 1.127 3 107.5 1.127 3
grid10 sta 20 90 nor low 2 1000 800 5 100 95 234.005 1.45 5.74087 1.12 2 117.625 1.041 2
grid10 sta 20 90 nor low 3 1000 800 5 100 95 275.424 1.5 7.14489 1.197 3 111.245 1.197 3
grid10 sta 20 90 nor med 1 1000 800 5 100 95 277.888 1.51 5.64727 1.415 3 106.83 1.404 3
grid10 sta 20 90 nor med 2 1000 800 5 100 95 340.913 1.68 8.64251 1.371 3 127.282 1.37 3
grid10 sta 20 90 nor med 3 1000 800 5 100 95 308.948 1.6 8.98572 1.408 3 116.705 1.41 3
grid10 sta 20 90 nor hig 1 1000 800 5 100 95 280.634 1.51 7.23849 1.58 4 101.136 1.577 4
grid10 sta 20 90 nor hig 2 1000 800 5 100 95 360.694 1.73 12.9326 1.537 3 123.741 1.538 3
grid10 sta 20 90 nor hig 3 1000 800 5 100 95 296.265 1.55 7.5037 1.407 4 117.095 1.415 4
siouxfalls sta 20 60 gam low 1 1000 800 5 100 95 8.19782 1.99 2.07221 1.087 2 3.86939 1.087 2
siouxfalls sta 20 60 gam low 2 1000 800 5 100 95 13.2823 2.55 2.48725 1.091 3 4.25343 1.091 3
siouxfalls sta 20 60 gam low 3 1000 800 5 100 95 15.4305 2.21 2.17522 1.094 3 4.82148 1.094 3
siouxfalls sta 20 60 gam med 1 1000 800 5 100 95 121.435 6.08 6.95869 1.14 3 4.51245 1.14 3
siouxfalls sta 20 60 gam med 2 1000 800 5 100 95 990.029 5.62 5.32367 1.109 3 4.51146 1.109 3
